10	2	2.794628	6.506212	-1.746739	-6.347390	-4.891011	-11.074606	-1.593260	5.814434	-2.116023	3.469021	8.333845	9.415521	4.137676	-5.424667	-5.640211	-11.010546	-13.082339	-18.111594	-26.027981	-7.911709	-4.187967	4.061121	-9.123008	7.309071	3.573272	4.666577	3.752048	4.461995	-11.074606	3.456111	5.814434	-2.116023	3.469021	8.333845	9.415521	4.137676	-5.424667	-5.640211	-11.010546	-13.082339	-18.111518	-26.027981	-7.911709	-4.187967	4.061121	-9.123008
11	2	-1.065223	6.789309	1.759010	-0.925829	-9.329086	-14.116220	-0.005649	7.106239	-1.851270	2.005368	5.002401	9.168132	5.482928	-3.812122	-10.564880	-9.548759	-19.308381	-17.505599	-22.120175	-4.069552	-6.394852	4.329914	-7.647012	-1.065223	6.789309	1.749962	-0.938445	-11.734895	6.313437	-0.012624	7.106239	4.758250	6.269718	-4.900227	-18.514018	-18.420005	7.142483	4.752779	8.336492	9.315641	10.154730	10.963709	4.579916	3.491486	1.063705	6.563801
18	2	7.825558	1.387714	7.701841	8.329872	8.478450	-12.517003	7.187295	6.944706	-0.568535	-3.777845	6.412791	8.780226	7.709445	-7.312233	-11.152089	-12.770746	-16.224265	-29.920869	-22.061692	-3.712007	-5.842575	6.712119	-6.168844	7.824532	1.388545	7.701841	8.302616	5.675092	8.925871	7.187244	6.944706	4.652306	2.712775	1.539433	-23.268308	-6.720188	5.403451	5.058296	5.903741	4.789216	6.748740	10.028783	6.282689	6.794893	3.106781	6.209288
21	2	4.999281	5.329397	0.659675	-1.359824	0.773624	-12.145169	1.706939	5.944766	-5.062158	1.051852	5.040851	9.229044	5.171363	-4.736584	-4.975897	-10.383534	-14.824509	-18.950147	-18.699635	1.869852	-7.002285	6.412892	-12.902708	6.567743	1.684432	6.988575	2.302966	6.829565	-12.145169	7.386408	5.944766	-5.062158	1.051852	5.040851	9.229044	5.171363	-4.736584	-4.975897	-10.383534	-14.824509	-18.950147	-18.699635	1.869852	-7.002285	6.412892	-12.902708
26	2	6.612341	4.470008	6.599330	6.276043	6.941675	-14.133952	6.846521	7.595019	2.176699	1.260900	7.834885	9.384542	5.191415	-2.712436	-10.267720	-11.332740	-8.716521	-20.829453	-17.811247	-9.055006	-5.369945	6.582638	-5.918039	1.264988	7.417867	1.882605	-1.249613	-5.105479	2.540434	-3.994633	7.595019	8.292225	5.605525	4.809911	-16.831120	-13.412535	5.765426	3.556754	2.279768	6.075227	4.040167	4.725041	2.878539	6.310144	0.591041	5.619738
28	2	-1.375558	7.287178	1.802253	-1.682124	-0.981790	-10.491318	-2.031928	6.068418	-2.570199	1.936914	9.258344	10.857965	7.958991	0.343760	-13.759661	-2.539939	-12.714099	-16.274269	-18.221671	-2.251363	-9.191754	4.536963	-5.888773	-1.411521	7.287178	0.824486	-4.373727	-5.681654	4.063549	-2.659078	6.068418	3.987780	6.733397	1.362552	-13.371157	-0.491386	6.891615	4.881652	6.284237	6.909487	11.034941	5.404980	9.141427	2.481842	4.425099	3.676131
31	2	0.436676	8.604143	3.184116	-7.850119	-2.581421	-12.618811	-1.280131	5.999290	-7.202905	0.057103	4.157350	10.745612	6.735681	-3.250783	-12.299002	-6.974958	-17.504761	-23.420694	-17.115461	-1.246053	-3.944066	6.314605	-9.051251	0.435900	8.604143	3.184116	-7.850865	-5.315136	2.331171	-1.280131	5.999290	-0.801833	6.603033	-5.301875	-13.000925	-7.990608	3.820529	6.014855	7.699560	3.450741	7.963527	12.280742	7.628339	8.248196	3.917228	3.331540
37	2	0.642695	7.565867	1.327339	-4.465090	-3.030728	-11.328777	-5.640768	8.298443	1.337959	0.089625	5.823927	8.764411	8.475826	0.607425	-8.714372	-11.937486	-15.117724	-24.312240	-19.693939	-0.992726	-3.376050	7.016482	-9.944567	6.590367	6.006511	6.752844	8.036657	2.991067	-11.328777	3.897380	8.298443	1.337959	0.089625	5.823927	8.764411	8.475826	0.607425	-8.714372	-11.937486	-15.117724	-24.312240	-19.693939	-0.992752	-3.376050	7.016482	-9.944590
40	2	-1.953176	7.251609	-2.059276	-0.020854	-2.621165	-17.032831	-3.084741	4.576683	-6.008548	0.515709	4.020330	12.534344	6.248240	-1.920209	-13.039588	-7.232780	-13.177576	-19.956496	-23.943688	-5.055911	-2.696384	5.854642	-3.739184	-0.476950	7.251605	3.873865	5.934591	-1.277123	-17.032831	-3.062060	4.576683	-6.008548	0.515709	4.020330	12.534344	6.248240	-1.920209	-13.039588	-7.232780	-13.177576	-19.956496	-23.943688	-5.055911	-2.696384	5.854642	-3.739184
41	2	-0.609194	7.179619	-0.584355	-2.134650	-2.451807	-5.317289	-6.176787	6.469436	0.403159	-4.025242	6.433369	11.242566	6.488983	-4.757620	-10.787931	-6.978835	-18.974765	-23.293506	-11.844602	1.645887	-3.294362	2.268086	1.643566	-0.609195	7.179619	-1.481925	-4.432793	-7.617377	6.718260	-6.176787	6.469436	6.018560	1.510228	0.674374	-18.266629	-8.208744	6.249618	6.666039	4.744828	4.702941	11.836044	10.394970	6.900202	7.070474	-1.021524	7.025188
42	2	5.907682	1.408080	6.286002	5.332521	5.681450	-13.677756	5.471803	6.419153	1.441372	-0.667405	6.361061	9.963626	5.905312	-8.263776	-7.429055	-5.385660	-16.354910	-25.157262	-24.435278	-8.041411	-5.373555	4.247462	-14.262746	4.811761	2.916974	3.002823	0.305738	0.494850	-13.677756	3.115662	6.419153	1.441372	-0.667405	6.361061	9.963626	5.905312	-8.263776	-7.429055	-5.385670	-16.371497	-25.157270	-24.435278	-8.041411	-5.373555	4.247462	-14.262746
47	2	2.585072	5.834158	3.261568	-4.441707	-8.164310	3.802740	-1.047448	4.909119	4.036852	5.623012	-1.169087	-18.170975	-8.728209	4.556279	6.528854	7.766212	5.441034	8.261145	9.986165	6.937360	6.527145	2.123385	8.221762	2.585437	5.834158	3.261568	-4.441701	-3.199221	-8.770490	-1.047076	4.909119	-2.368719	0.219420	7.721553	11.575856	6.663820	-4.100437	-10.444035	-7.080235	-17.628846	-23.428944	-21.403471	-5.448356	-5.902960	5.815466	-4.000576
48	2	7.969964	0.705459	7.443342	6.164718	6.929780	-15.406114	5.693010	2.781299	-5.259740	2.551164	4.693787	10.883163	9.109784	-5.803655	-11.911766	-11.760763	-10.216611	-14.900288	-23.946155	-3.374338	-4.331441	5.577251	-7.362884	7.928321	0.732072	2.997167	1.418356	3.465537	-15.406114	-0.636755	2.781299	-5.259740	2.551164	4.693787	10.883163	9.109784	-5.803655	-11.911766	-11.760763	-10.216611	-14.900376	-23.946155	-3.374339	-4.331441	5.577251	-7.362884
49	2	3.611072	6.154508	-1.486746	-1.887878	-3.080018	-10.512905	0.167098	7.555239	2.069063	-0.528539	8.800183	11.235730	1.832801	-4.316186	-3.492512	-10.321440	-14.523886	-12.916512	-22.118103	-1.420316	-7.076569	5.081423	-7.063421	3.611065	6.154508	-1.501382	-3.293703	-5.675275	7.034343	0.167093	7.555239	7.392084	3.814410	2.492472	-14.887185	-11.426554	5.677826	7.833318	6.101208	5.956250	8.225748	9.164901	6.734212	4.837780	1.394052	5.962258
50	2	-1.092350	8.389040	3.158607	-8.558334	-9.584754	6.400891	-2.086349	4.483932	3.675028	5.249822	2.606371	-22.014545	-9.244265	5.507547	3.657662	2.669928	-1.588638	5.648395	6.692205	4.511848	7.245776	1.101875	9.003728	-1.092350	8.389040	3.158607	-8.558334	-5.589743	-13.467214	-2.086349	4.483932	-2.607732	0.153951	6.660447	9.589135	8.083143	-6.260752	-8.456583	-7.017048	-17.842429	-27.695067	-22.608080	-6.439537	-2.886543	7.200794	-2.884557
53	2	-1.324368	6.090948	3.327561	-10.688289	-7.212797	-16.464113	-4.799419	4.767083	0.609505	2.363958	6.538919	7.499217	6.233005	-4.364889	-10.100109	-14.920253	-9.155450	-15.869931	-24.009136	-5.435950	-3.875736	7.782409	-12.839916	-1.660372	6.090949	3.327561	-10.688289	-12.600855	5.213503	-4.799419	4.767083	3.307585	7.294791	-2.749662	-20.404724	-13.432274	5.646170	4.223219	1.259887	11.110621	12.022997	8.827913	6.285133	6.088920	3.377065	3.952538
57	2	2.024218	8.935807	-1.114553	-5.512534	-9.000741	5.009636	-2.635384	6.365392	3.632504	5.002426	-2.873998	-26.272022	-15.718212	5.943072	6.339135	4.825166	8.405189	9.949315	9.127601	8.103009	7.301797	-0.428599	7.547740	2.024218	8.935807	-1.114273	-5.508745	-4.156455	-7.811755	-2.635371	6.365392	-2.546311	1.613836	3.647966	9.832508	6.500772	-3.439932	-4.522065	-4.848488	-18.191928	-25.963331	-19.367953	-3.262868	-4.211179	5.328855	-1.103891
58	2	-1.502296	6.471892	-0.078967	-4.243057	-8.688420	-12.398697	-4.613014	5.239703	-5.047923	0.057553	4.304804	10.432454	8.595767	1.070642	-6.007879	-10.929297	-13.689775	-18.560195	-18.880769	-3.840883	-6.479763	6.606655	-8.041408	-1.502296	6.471892	-0.080131	-4.390492	-10.875895	0.839953	-4.613581	5.239703	-3.171931	6.344518	0.013361	-15.991986	-6.025706	6.226294	7.722637	4.248401	4.813576	10.922922	8.963525	8.454600	3.653947	0.478709	6.763408
59	2	-1.596677	5.790488	1.326084	-7.442960	-4.886576	6.385597	-5.698039	6.001742	6.329817	7.448874	-3.400134	-16.486289	-18.013242	6.937059	4.921936	7.957830	11.050204	12.258303	8.122229	4.800034	5.931143	0.534203	6.525804	-1.473961	5.790488	1.326084	-4.449794	0.200898	-16.921770	-5.698039	6.001742	0.169572	1.436235	6.832306	9.605221	2.639116	2.838383	-6.558057	-10.632911	-11.795790	-12.280808	-24.145327	-3.958029	-7.194859	6.904477	-6.997230
60	2	3.569079	7.572679	0.967473	-5.149032	-8.652251	6.651315	5.126642	8.456106	6.275196	7.693353	-4.580084	-20.182018	-18.179274	4.674436	7.145964	8.206738	10.258955	7.548541	10.939487	6.356426	6.237971	-1.187975	6.131052	8.195505	4.825215	3.213733	1.480067	1.834624	-8.304929	7.211834	8.456106	0.856853	2.007596	6.717803	12.509206	4.441895	-2.937388	-5.916205	-9.076646	-8.024721	-22.763709	-22.137145	-5.284767	-6.216250	1.961425	-5.006256
61	2	0.548272	7.992777	2.191993	-7.845470	-6.135399	-14.874471	-2.846942	6.973803	-1.734643	1.319392	5.968296	10.088675	7.384451	-6.474693	-5.392710	-5.824641	-14.168757	-16.298754	-20.193794	-5.071679	-3.294842	6.617621	-8.764269	0.548272	7.992777	2.191993	-7.846340	-11.870780	6.845794	-2.846942	6.973803	3.949078	7.467733	-4.075323	-16.178253	-7.696293	2.208600	8.325977	7.343232	10.591186	11.583811	6.115133	5.934562	6.228568	2.837983	4.129463
62	2	5.480884	4.327495	7.704752	4.294817	1.847545	-14.160251	5.167039	6.720803	0.435963	-0.150470	7.640471	11.345398	6.786532	-3.846084	-10.410461	-6.940871	-14.714176	-22.971250	-20.449962	-6.400029	-2.227534	8.020911	-12.964576	0.691028	4.527453	3.149700	-2.423676	0.394864	-14.160251	0.820757	6.720803	0.435963	-0.150470	7.640471	11.345398	6.786532	-3.846084	-10.410461	-6.940871	-14.714176	-22.971250	-20.449962	-6.400029	-2.227534	8.020911	-12.964576
63	2	7.082839	2.497973	5.171080	5.595509	6.413491	-13.154201	6.544879	6.668502	0.666030	3.450872	2.129241	7.278282	3.495100	-2.693167	-7.030424	-12.756492	-9.461662	-16.346123	-20.293391	2.215540	-3.809941	7.135083	-6.855137	1.404594	6.887625	1.577335	-2.074897	-4.503980	5.751000	-2.191570	6.668502	5.899958	8.219207	-7.154494	-17.105517	-9.991018	4.699234	7.172530	5.690156	11.000943	9.927951	8.412515	7.014048	6.480419	0.738347	5.492639
66	2	3.483039	5.263477	-3.088322	1.386120	-0.578731	-15.556004	-3.212000	5.539307	-1.541023	-0.238318	7.100965	9.849698	3.650698	-3.330305	-8.759369	-10.394973	-18.256676	-16.722535	-20.664979	-3.842266	-5.234005	7.149216	-10.536561	0.840967	5.263684	-3.974064	-2.124991	-3.711524	1.984475	-4.912454	5.539307	3.511510	5.955317	-0.567582	-14.688045	-20.464780	6.445791	6.819312	6.727955	7.810763	12.476456	10.040726	5.177102	6.465958	2.729327	1.991456
67	2	6.301520	6.016418	2.870915	3.560391	0.187454	-14.122977	3.095680	7.510187	0.486528	-1.343222	7.855919	9.780557	5.906892	-4.624815	-2.792859	-12.206438	-17.986154	-22.416199	-15.729126	-3.388935	-2.324606	9.685820	-6.895226	4.382294	7.188533	0.466866	-0.664950	-1.698240	-14.122977	-5.556149	7.510187	0.486528	-1.343222	7.855919	9.780557	5.906892	-4.624815	-2.792859	-12.206438	-17.986154	-22.416199	-15.729126	-3.388935	-2.324606	9.685820	-6.895226
68	2	1.744615	7.122205	0.035099	-4.867713	-1.572620	-10.463068	-3.818723	5.519342	-1.675763	0.683021	9.524769	7.405332	8.370567	-3.397897	-7.292093	-11.072374	-22.680442	-20.560022	-23.347723	-0.485127	-3.678021	6.312959	-7.863519	0.070463	7.122442	0.035099	-4.869259	-8.146604	4.938067	-3.818727	5.519342	4.460343	6.364879	2.962706	-18.783411	-4.693450	6.732422	6.410859	5.147646	4.367615	8.120658	6.622898	9.428338	8.084510	4.223556	5.587389
72	2	1.595494	8.514058	-0.358958	-7.703712	-7.221247	4.476141	-2.437527	5.701548	-2.574672	7.110823	-4.988471	-8.076287	-13.423106	-0.436029	3.919608	5.572272	4.863829	10.259217	10.153239	6.797314	5.852866	4.526510	6.793642	1.595494	8.514058	-0.358958	-7.703711	-4.572030	-11.029926	-2.437527	5.701548	-8.870549	0.994097	4.706199	11.882376	6.383536	-7.060588	-10.720514	-10.036651	-10.238911	-17.567043	-24.358594	-1.483664	-5.409638	6.864401	-1.943130
73	2	2.087209	5.801969	6.075291	-0.787022	-0.973251	8.593675	3.779654	8.521624	6.418674	6.209832	0.211720	-23.161477	-9.417808	6.330817	3.567504	6.230229	10.047090	9.889006	9.932497	3.645214	6.821449	2.067626	6.797272	6.445756	3.574077	6.593550	4.799915	5.100867	-4.239929	6.238366	8.521624	0.657793	0.057018	7.448469	9.839659	6.529796	-3.185429	-12.832703	-8.568125	-15.215029	-21.054352	-20.610436	-9.193704	-4.927414	6.540060	-9.618835
74	2	6.986479	3.105500	7.019172	7.022255	2.115958	1.999821	7.632953	4.500059	3.006117	5.913462	-0.639474	-15.059747	-10.618208	7.407723	5.577386	7.481924	11.419478	11.291198	8.830130	4.735803	7.409604	-1.272518	8.644186	6.987895	3.104939	7.026634	7.426619	6.553923	-8.852339	7.635050	4.500059	0.962849	-0.215593	7.108607	9.770805	7.827820	-0.263833	-4.627584	-6.686153	-12.102431	-17.282474	-22.942513	-5.440718	-3.437058	4.679745	-5.982498
76	2	5.367778	6.107206	-1.407409	-5.508589	-6.210508	7.076015	2.328027	5.821997	5.404705	9.069894	-1.990962	-28.182058	-14.689814	6.476117	4.885988	6.447567	10.136963	9.628312	10.411771	6.660604	8.403086	-1.765484	7.515561	5.368896	6.106082	-1.405869	-3.786493	0.123253	-8.575358	2.330749	5.821997	1.669282	3.607336	5.186156	9.035456	6.740296	-1.404054	-7.046022	-10.075695	-5.453181	-20.887060	-21.888290	-6.347673	-2.330323	3.275205	-4.026513
77	2	0.761739	5.409005	-0.045214	-4.816067	-6.532272	-9.262986	-2.387464	8.285810	3.061072	4.672608	4.490964	11.370176	6.672962	-3.230375	-9.799235	-13.996808	-12.853761	-17.959062	-21.559953	-6.453237	-1.785233	8.644496	-9.042484	0.761693	5.409005	-0.061139	-5.021539	-11.731904	5.143375	-2.387464	8.285810	8.082165	8.076136	-0.991468	-16.061116	-8.705839	7.126640	7.024280	1.293767	9.981038	6.951889	7.432456	6.316990	5.864152	2.674586	6.918565
78	2	0.684074	6.069896	1.856489	-4.387433	-1.115067	2.259029	-4.939217	7.515064	6.991179	5.168754	0.293156	-22.773661	-11.370904	5.652207	7.945582	6.206362	1.472517	6.063737	11.413703	7.946753	7.805791	0.363172	5.789377	6.830492	0.127742	1.859811	-2.467195	4.881529	-15.866961	0.293160	7.515064	1.617568	3.216216	7.487189	11.010114	5.930006	-1.965885	-6.651130	-12.024327	-23.620602	-25.432091	-16.778278	-4.041733	-3.637943	5.436295	-7.426305
81	2	7.824436	1.921565	-2.527814	-1.363526	1.662593	-6.465955	1.107231	6.806914	-2.065817	1.175981	3.831231	6.575397	6.387141	-3.178549	-6.969105	-7.576224	-17.663594	-18.516286	-18.314277	-5.962957	-0.300823	4.592672	-11.146476	5.301911	1.921566	-2.528348	-1.595045	0.376566	5.915174	1.102478	6.806914	3.942919	7.354229	-7.656454	-25.616559	-11.959218	7.125507	4.633627	5.401888	6.940316	8.337338	9.425326	5.023139	7.859933	1.272763	4.396425
83	2	0.465596	4.790818	0.212476	-8.045844	-3.747261	-11.501202	-5.872276	7.929353	1.390149	0.065900	6.539813	8.582924	6.888474	-1.668784	-8.810326	-10.506445	-13.786724	-18.588183	-18.344684	-4.999573	-0.610386	8.435055	-10.462950	0.464145	4.790820	0.212476	-8.045844	-8.464630	2.705729	-5.872339	7.929353	7.243691	6.334334	-0.616146	-20.513589	-11.949530	4.179092	6.818611	6.959568	10.045842	10.301827	9.794710	7.357269	5.369686	5.910057	4.205272
84	2	0.228241	5.714810	-0.209368	-6.988373	-4.133344	-6.500901	-5.301942	5.766895	-1.188169	1.124895	8.399645	10.923145	6.946852	0.348512	-9.898889	-11.848398	-13.140256	-22.333264	-14.945143	-5.055560	-2.019697	2.356062	-2.205329	0.190945	5.714811	-0.209368	-6.988442	-9.458731	4.325545	-5.301948	5.766895	4.537630	5.562070	1.397343	-16.363221	-16.595830	6.699797	5.581894	5.607638	7.230174	10.852836	10.199928	7.394417	3.244904	-0.694438	7.289019
87	2	5.439751	-1.052284	-3.535871	-1.611535	-0.316235	-14.121854	0.030400	5.695453	-2.113518	4.299915	5.277695	7.761072	7.336764	-5.371760	-11.365892	-3.471822	-9.266573	-17.289602	-15.626035	-8.159816	-6.206422	8.622003	-8.056443	-0.124137	4.133759	-3.535871	-3.692968	-6.706053	6.172689	-6.396280	5.695453	3.927132	8.078077	-3.983948	-20.038098	-5.602015	4.129958	5.949027	7.816382	8.528074	9.551881	10.374401	3.612068	6.184477	3.199176	2.527221
88	2	2.978294	8.487481	6.325743	2.430217	-4.541642	8.097146	2.369849	6.816406	5.557725	5.944820	-2.379719	-20.733513	-12.396196	5.392064	4.685849	4.615146	12.060596	10.593700	11.491171	5.548840	6.533316	1.039208	7.494976	9.529719	2.328744	7.435502	8.958322	5.835760	-13.677750	6.720828	6.816406	0.644507	3.998542	6.620441	9.975299	6.149108	-2.138355	-11.905876	-11.938513	-9.645153	-13.739790	-16.379345	-7.391197	-2.922974	7.274734	-8.516019
89	2	-0.020685	5.482542	-3.658577	-5.506922	-7.035695	9.112297	-4.547771	8.874149	7.725536	8.735957	-1.934299	-18.886035	-12.918118	7.680878	5.812040	7.096173	7.672004	10.240664	10.592794	5.739364	6.091869	5.326590	8.043125	3.920445	4.236194	-3.658576	-4.682056	-0.347007	-8.961101	-3.856387	8.874149	2.974964	2.715179	5.479159	8.818048	5.120903	-1.289645	-6.214417	-8.839269	-11.705959	-22.008412	-19.574556	-2.367878	-4.174007	8.016324	-9.607353
91	2	0.738192	6.683820	-0.825591	-5.836216	-11.573466	7.150993	-0.598263	8.095114	6.677107	7.095039	-5.657433	-16.361286	-17.266433	8.734959	6.891346	6.101327	8.945653	5.459963	9.520839	7.045853	6.206141	1.253368	5.716399	0.738192	6.683820	-0.825591	-5.836211	-6.229802	-11.873619	-0.598263	8.095114	1.339201	1.296514	6.593150	7.327127	0.771301	5.230701	-10.180065	-10.802074	-15.604656	-22.486572	-17.472433	-4.885792	-6.627997	7.483074	-8.927453
95	2	7.515317	3.614834	6.284918	6.393026	8.233276	-16.397600	5.639761	5.506764	-9.352296	0.174419	8.161603	6.264076	5.969735	2.297102	-9.073309	-6.758927	-13.164670	-25.721668	-15.810748	-5.910117	-2.909073	7.906692	-4.786595	1.203774	7.385910	2.173025	-4.801225	-3.083766	-16.397600	-2.043713	5.506764	-9.352296	0.174419	8.161603	6.264076	5.969735	2.297102	-9.073309	-6.758927	-13.164670	-25.721668	-15.810748	-5.910117	-2.909073	7.906692	-4.786595
96	2	2.140649	6.020175	0.607393	-9.068141	-4.042824	-6.482645	0.107606	8.153640	0.214422	0.752262	3.503001	8.542532	5.514598	-2.329062	-8.667433	-5.105256	-9.871079	-17.880833	-26.747638	-7.056060	-1.101924	2.559051	-3.305885	2.140649	6.020175	0.607393	-9.068141	-10.574509	6.147939	0.107606	8.153640	6.402698	5.160729	-0.563643	-23.639524	-16.654223	4.860958	5.490937	6.195937	7.750911	9.736219	8.274113	5.056463	8.306313	-1.334171	8.629514
99	2	-0.318749	7.484423	0.538801	-6.435537	-7.540994	2.270407	-5.812107	5.430165	2.143950	6.858581	-2.610409	-19.423278	-13.457976	2.392960	8.498481	8.044393	9.482381	8.206272	10.776060	7.055963	4.698716	2.933882	6.920461	0.609889	7.456734	0.538801	-6.435396	-4.362651	-7.819218	-5.812067	5.430165	-3.647065	3.180647	6.315944	8.610397	3.151361	-7.124548	-3.597098	-3.218937	-7.483800	-13.941667	-21.012908	-3.591201	-5.370531	6.622485	-3.785781
