1	3	13	2.343032	6.779275	0.608375	-7.717386	-8.767232	2.865899	-0.949208	6.295234	4.030920	7.199054	-0.790782	-27.586353	-14.906586	5.861941	6.246792	6.382420	8.885576	11.043855	6.714031	6.591438	6.609474	4.980660	7.737746
1	3	55	2.404711	6.771837	0.608375	-7.690998	-2.180821	-14.928042	-0.904996	6.295234	-2.474244	2.468346	7.417348	8.120311	5.082316	-4.686607	-10.082145	-9.428958	-17.064061	-18.025136	-21.511332	-5.889689	-4.809485	7.539712	-4.507698
1	3	32	6.727040	3.407943	0.608375	-2.267109	2.096026	-14.928041	1.514319	6.295234	-2.474303	2.468346	7.417348	8.120311	5.082316	-4.686607	-10.082145	-9.428958	-17.064061	-18.024462	-21.511332	-5.889689	-4.809485	7.539712	-4.507462
2	3	42	8.210097	-1.645688	6.321216	7.829059	4.567553	-12.585736	5.646420	4.600357	-1.920409	2.060990	5.088341	9.846380	6.676005	-10.206851	-8.722575	-8.467614	-15.829680	-19.940156	-19.918071	-4.459734	-4.524690	8.320301	-5.716637
2	3	24	6.031615	0.771883	-0.230702	-3.203379	-1.910392	-12.585736	-0.722600	4.600357	-1.920409	2.060990	5.088341	9.846380	6.676005	-10.206851	-8.722575	-8.467614	-15.829680	-19.940138	-19.918071	-4.459734	-4.524690	8.320301	-5.716637
2	3	34	5.607362	2.050864	-0.230703	-3.250535	-7.965261	6.653498	-1.153809	4.600357	3.634995	8.284846	-5.560644	-20.456068	-8.719709	0.368040	7.573466	7.750752	7.680251	11.871448	11.137567	6.509070	6.851725	2.547397	6.027899
3	3	64	7.511569	1.924050	5.943844	8.284826	9.017485	-14.558333	4.332811	7.594965	-1.251368	-1.194330	6.705880	9.803130	5.772433	-3.033127	-10.603497	-7.440519	-17.298122	-20.501592	-24.345141	-3.418456	-4.831574	8.121928	-15.184619
3	3	35	7.511562	1.924050	3.415451	3.169167	7.881291	-14.558333	2.822911	7.594965	-1.251368	-1.194330	6.705880	9.803130	5.772433	-3.033127	-10.603497	-7.440519	-17.298122	-20.501592	-24.345141	-3.418456	-4.831574	8.121928	-15.184619
3	3	1	2.275423	4.561642	-0.186218	-1.927144	-2.242498	4.856167	-3.149710	7.594965	3.681341	4.735050	-1.733682	-15.445798	-13.157436	5.292843	4.569549	7.378472	4.335859	9.813540	9.151156	6.868493	5.819574	2.526616	3.425232
4	3	76	0.477154	6.563457	0.323349	-2.989361	-0.767537	-16.096284	-3.154184	6.482648	0.368333	5.324526	2.277923	8.843736	2.797111	-5.749042	-3.243073	-0.648084	-5.861320	-9.171620	-10.268673	-5.309787	-2.068453	6.623759	-8.954859
4	3	19	0.430553	6.563464	0.323349	-3.963727	-7.335208	4.912902	-3.177008	6.482648	6.524830	8.674115	-4.160020	-11.156339	-13.638424	5.280566	6.651080	8.466481	7.987847	9.122385	9.969557	6.831511	7.202323	0.933803	7.104742
4	3	5	6.523172	3.269964	5.848719	5.615488	7.546144	-16.096284	5.677205	6.482648	0.368333	5.324526	2.277923	8.843736	2.797111	-5.749042	-3.243073	-0.648087	-5.861320	-9.171625	-10.268681	-5.309787	-2.068453	6.623759	-8.954734
5	1	100	5.900215	6.217462	8.182136	7.208390	2.561167	-16.639971	4.298503	5.738216	-1.636391	-0.661430	5.079734	10.425975	5.697967	-3.237490	-7.403355	-9.297982	-11.591277	-25.481360	-22.768629	-2.894784	-6.825200	8.987162	-13.652186
6	3	41	1.087835	6.650072	-0.176450	-3.942054	-9.713125	6.628940	-8.424391	6.481027	7.969823	8.655338	-3.044374	-16.358717	-9.339947	3.634570	7.390795	8.160863	10.496200	10.572015	11.489263	4.828316	9.162072	3.569123	7.447529
6	3	34	6.979288	1.722193	6.171128	5.694282	6.412841	-12.243481	3.340213	6.481027	1.982571	6.076493	4.735957	10.402124	7.617563	-5.683027	-4.657260	-8.522040	-10.671128	-20.453928	-17.443110	-8.199202	-0.475838	9.830607	-7.331042
6	3	25	1.087835	6.650072	-0.176449	-3.942052	-4.243298	-12.243481	-8.424391	6.481027	1.982571	6.076493	4.735957	10.402124	7.617563	-5.683027	-4.657260	-8.522040	-10.671128	-20.453928	-17.443110	-8.199202	-0.475838	9.830607	-7.331042
7	3	55	6.459595	1.838549	9.407221	4.116832	9.097934	-18.124172	5.317959	5.690858	-3.004058	1.112916	6.227692	8.553101	6.742285	-2.343510	-9.232327	-13.909641	-11.124940	-20.571136	-18.216139	-5.505424	-3.811441	5.785671	-4.436609
7	3	19	2.576694	6.079388	3.624303	-5.608990	-2.171891	-18.124172	-3.284580	5.690858	-3.004058	1.112916	6.227692	8.553101	6.742285	-2.343510	-9.232320	-13.909641	-11.124940	-20.571136	-20.485877	-5.505424	-3.811488	5.785671	-4.436609
7	3	26	6.205928	2.800003	3.637612	0.254167	4.372018	-18.124172	1.986127	5.690858	-3.004058	1.112916	6.227692	8.553101	6.742285	-2.343510	-9.232327	-13.909641	-11.124940	-20.571136	-18.146758	-5.505424	-3.811435	5.785671	-4.436609
8	3	46	1.345773	5.300152	6.107919	9.087370	0.227725	6.622866	1.150570	7.089705	8.949637	5.936011	-4.685836	-22.323694	-11.029153	6.667095	7.642898	6.036293	8.888649	12.080768	13.103859	5.167227	5.638531	-0.637153	6.112887
8	3	51	6.466464	2.114302	6.107919	9.112271	5.510885	6.622866	6.997126	7.089705	8.949637	5.936011	-4.685836	-22.323694	-11.029153	6.667095	7.642898	6.036293	8.888649	12.080768	13.103859	5.167227	5.638531	-0.637153	6.112887
8	3	3	0.509835	5.300152	0.803605	-0.542566	-5.146346	6.622866	-1.837648	7.089705	8.949637	5.936011	-4.685836	-22.323694	-11.029153	6.667095	7.642898	6.036293	8.888649	12.080768	13.103859	5.167227	5.638531	-0.637153	6.112887
9	4	58	5.960027	0.891627	8.822321	5.342242	0.459665	7.336103	8.259268	7.531072	2.785852	6.893526	-5.009830	-14.455742	-8.604294	-2.544251	6.070339	8.440844	4.906975	11.339430	7.934275	6.504162	5.897619	1.979390	5.516566
9	4	27	6.605126	0.891455	8.822333	7.661401	6.118706	-9.253449	8.452342	7.531072	-3.747427	2.030240	6.295364	10.419657	5.410290	-9.295431	-12.399826	-3.832774	-17.251199	-15.884493	-17.829101	-1.998247	-5.466501	7.512651	-7.323940
9	4	13	0.058132	5.713792	4.185223	-4.008041	-6.273789	7.336103	-0.165023	7.531072	2.785852	6.893526	-5.009830	-14.455742	-8.604294	-2.544251	6.070339	8.440844	4.906975	11.339430	7.934275	6.504162	5.897619	1.979390	5.516566
9	4	2	6.259161	0.891496	4.227147	0.927202	0.990120	-9.253449	3.576620	7.531072	-3.747427	2.030240	6.295364	10.419657	5.410290	-9.295431	-12.399826	-3.832773	-17.251199	-15.887050	-17.829101	-1.998252	-5.466501	7.512651	-7.323940
10	2	98	2.794628	6.506212	-1.746739	-6.347390	-4.891011	-11.074606	-1.593260	5.814434	-2.116023	3.469021	8.333845	9.415521	4.137676	-5.424667	-5.640211	-11.010546	-13.082339	-18.111594	-26.027981	-7.911709	-4.187967	4.061121	-9.123008
10	2	2	7.309071	3.573272	4.666577	3.752048	4.461995	-11.074606	3.456111	5.814434	-2.116023	3.469021	8.333845	9.415521	4.137676	-5.424667	-5.640211	-11.010546	-13.082339	-18.111518	-26.027981	-7.911709	-4.187967	4.061121	-9.123008
11	2	84	-1.065223	6.789309	1.759010	-0.925829	-9.329086	-14.116220	-0.005649	7.106239	-1.851270	2.005368	5.002401	9.168132	5.482928	-3.812122	-10.564880	-9.548759	-19.308381	-17.505599	-22.120175	-4.069552	-6.394852	4.329914	-7.647012
11	2	16	-1.065223	6.789309	1.749962	-0.938445	-11.734895	6.313437	-0.012624	7.106239	4.758250	6.269718	-4.900227	-18.514018	-18.420005	7.142483	4.752779	8.336492	9.315641	10.154730	10.963709	4.579916	3.491486	1.063705	6.563801
12	3	54	-0.200466	2.176422	2.581476	-1.264794	-10.792574	5.846273	0.023598	7.416604	7.986059	5.889800	0.551711	-16.087705	-8.402795	0.509710	6.757494	7.254493	9.644243	9.746852	9.708473	7.311254	4.251124	3.630714	6.537265
12	3	41	-0.200466	2.176422	2.581476	-1.264090	-5.794764	-11.594068	0.023598	7.416604	2.430819	2.499162	6.372051	11.715262	6.682850	-9.141792	-8.886573	-8.872073	-8.399325	-26.029348	-22.676629	-2.962484	-5.047781	5.587172	-6.665560
12	3	5	4.430299	-0.225504	7.490912	3.503781	0.709553	-11.594068	5.702559	7.416604	2.430819	2.499162	6.372051	11.715262	6.682850	-9.141792	-8.886573	-8.872073	-8.399394	-26.029357	-22.676657	-2.962484	-5.047781	5.587172	-6.665560
13	4	28	5.746577	5.306145	5.326357	7.556112	4.020542	-10.919366	2.935780	7.941626	2.938693	1.187682	5.158387	9.882914	4.810949	-4.664860	-7.666645	-0.134573	-6.234399	-20.220840	-19.267507	-4.583679	-0.625244	5.984288	-6.819876
13	4	46	5.742091	5.311197	5.326351	7.276543	1.471118	5.414784	2.923728	7.941626	7.668587	6.187213	-5.798035	-11.280129	-18.161965	3.686028	8.212523	8.782759	11.736598	9.010800	8.198908	6.454864	9.135336	1.628442	7.191217
13	4	16	1.632026	6.528229	-0.557799	0.028144	-4.991054	5.414784	-2.868371	7.941626	7.668587	6.187213	-5.798035	-11.280129	-18.161965	3.686028	8.212523	8.782759	11.736598	9.010800	8.198908	6.454864	9.135336	1.628442	7.191217
13	4	10	1.640678	6.528150	-0.557799	0.028784	-2.458031	-10.919366	-2.868365	7.941626	2.938693	1.187682	5.158387	9.882914	4.810949	-4.664860	-7.666645	-0.134573	-6.234389	-20.220832	-19.267507	-4.583679	-0.625230	5.984288	-6.819876
14	3	57	2.398724	7.336762	-0.455472	-5.790654	-12.475460	7.083920	-1.498072	6.044440	4.351626	3.204355	0.717106	-21.612005	-16.757248	4.676784	0.007853	4.387909	4.077400	10.302074	4.038499	6.006620	7.079072	1.364080	4.033253
14	3	20	2.398726	7.336762	-0.455472	-5.790651	-7.188485	-7.485596	-1.498071	6.044440	-1.865712	1.416318	6.882901	8.822907	4.047397	-7.265394	-14.997321	-9.845279	-11.957411	-23.762445	-26.784978	-4.312055	-5.225992	6.778167	-12.179435
14	3	23	2.439716	7.330389	4.940638	2.276256	-2.421221	-7.485596	4.042772	6.044440	-1.865712	1.416318	6.882901	8.822907	4.047397	-7.265394	-14.997321	-9.845279	-11.957415	-23.762445	-26.784978	-4.312055	-5.225992	6.778167	-12.179435
15	4	21	7.507720	-2.267895	6.237055	7.122737	8.772389	-10.880540	6.847135	4.001109	-4.670148	-0.131320	8.526389	9.519028	6.885214	-8.669455	-5.110262	-12.575583	-19.647166	-24.560939	-22.282530	-5.516509	-2.853472	5.786053	-6.234702
15	4	58	7.507638	-2.267847	0.578960	1.041566	4.860939	-10.880540	3.877827	4.001109	-4.670148	-0.131320	8.526389	9.519028	6.885214	-8.669455	-5.110262	-12.575583	-19.647166	-24.560939	-22.282530	-5.516509	-2.853472	5.786053	-6.234702
15	4	6	7.507690	-2.267878	6.237055	7.122737	5.146719	2.568635	6.847135	4.001109	-0.025153	6.154433	-3.224130	-13.693319	-8.505734	3.160180	7.795361	6.575841	3.602274	8.503129	9.817350	5.813357	6.586504	1.001918	3.926343
15	4	15	2.333631	3.925048	0.578959	1.039008	0.560438	2.568635	-1.708470	4.001109	-0.025153	6.154433	-3.224130	-13.693319	-8.505734	3.160180	7.795361	6.575841	3.602274	8.503129	9.817350	5.813357	6.586504	1.001918	3.926343
16	3	83	1.063064	7.344724	2.020778	-4.246525	-3.910347	6.430452	1.599910	5.986183	6.239082	7.061209	-4.686239	-22.939626	-17.684019	6.715942	7.207139	6.870420	9.347129	10.374164	5.830807	6.841711	7.102301	1.524850	6.826163
16	3	12	3.978780	7.285850	2.025669	-0.474490	1.452875	-7.459794	1.855444	5.986183	1.648885	3.108566	3.913377	9.681395	3.664960	-2.325998	-2.633964	-7.642446	-9.945545	-14.696014	-19.814381	-4.530445	-4.773599	7.728449	-10.714673
16	3	5	4.135006	7.263966	7.285361	6.606063	2.658192	-7.460702	5.239814	5.986183	1.648885	3.108566	3.913377	9.681395	3.664960	-2.325998	-2.633964	-7.642446	-9.945545	-14.696014	-19.814381	-4.530445	-4.773599	7.728449	-10.714673
17	3	47	1.190626	6.697409	-1.075290	-5.277402	-7.865595	-12.124848	-6.547763	7.139873	0.330388	2.332844	6.105469	8.016696	6.379596	-3.418934	-9.244382	-9.572036	-10.232101	-17.319900	-15.802104	-5.473723	-6.609345	6.530820	-5.716748
17	3	43	1.190619	6.697409	-1.075290	-5.277402	-12.381485	5.849090	-6.547763	7.139873	5.664397	7.689928	-2.877614	-24.629954	-12.643904	8.137108	5.574698	8.674360	10.070288	12.118428	11.566971	6.788149	5.900997	1.336666	6.798053
17	3	10	6.767135	3.109481	5.520845	5.142289	3.940299	-12.124848	5.383936	7.139873	0.330388	2.332844	6.105469	8.016696	6.379596	-3.418934	-9.244382	-9.572040	-10.223973	-19.854709	-15.833767	-5.473723	-6.609345	6.530820	-5.716748
18	2	57	7.825558	1.387714	7.701841	8.329872	8.478450	-12.517003	7.187295	6.944706	-0.568535	-3.777845	6.412791	8.780226	7.709445	-7.312233	-11.152089	-12.770746	-16.224265	-29.920869	-22.061692	-3.712007	-5.842575	6.712119	-6.168844
18	2	43	7.824532	1.388545	7.701841	8.302616	5.675092	8.925871	7.187244	6.944706	4.652306	2.712775	1.539433	-23.268308	-6.720188	5.403451	5.058296	5.903741	4.789216	6.748740	10.028783	6.282689	6.794893	3.106781	6.209288
19	3	37	7.428758	-0.394570	1.755315	-3.685351	0.124929	-12.798764	2.320444	7.747025	0.020282	1.120904	8.497332	9.942611	4.609440	-4.674570	-9.537211	-9.103199	-14.279815	-18.722817	-16.759149	-10.184665	-3.086081	6.360439	-5.495293
19	3	54	3.959712	0.190256	1.755315	-3.711587	-5.244980	5.478907	1.913664	7.747025	6.461789	7.359175	1.638692	-17.687280	-13.793631	6.901658	7.875470	6.389001	9.576123	6.006653	9.927811	0.676926	6.262965	0.545376	2.375336
19	3	9	8.315104	-0.398793	6.588701	6.648555	5.587904	-12.798764	7.174641	7.747025	0.020282	1.120904	8.497332	9.942611	4.609440	-4.674570	-9.537209	-9.103199	-14.279815	-18.722817	-16.753893	-10.184665	-3.086081	6.360439	-5.495293
20	3	83	7.825249	0.680310	7.316399	3.340397	6.646943	-10.271814	7.208852	8.541389	3.878382	-0.210207	7.144235	9.786545	4.863952	-0.418323	-6.706891	-13.263726	-10.680596	-20.060251	-19.805141	-5.741028	-2.545029	8.011999	-9.865399
20	3	15	7.825248	0.680311	7.316399	3.340363	4.529954	6.984809	7.208852	8.541389	5.958289	6.085468	-1.523978	-24.433657	-17.843731	6.481542	8.692548	5.192808	7.759664	9.970631	12.148494	5.254464	8.000515	3.144871	6.803636
20	3	2	2.373906	6.546697	2.414272	-9.300937	-2.481115	6.984809	0.667031	8.541389	5.958289	6.085468	-1.523978	-24.433657	-17.843731	6.481542	8.692548	5.192808	7.759664	9.970631	12.148494	5.254464	8.000515	3.144871	6.803636
21	2	97	4.999281	5.329397	0.659675	-1.359824	0.773624	-12.145169	1.706939	5.944766	-5.062158	1.051852	5.040851	9.229044	5.171363	-4.736584	-4.975897	-10.383534	-14.824509	-18.950147	-18.699635	1.869852	-7.002285	6.412892	-12.902708
21	2	3	6.567743	1.684432	6.988575	2.302966	6.829565	-12.145169	7.386408	5.944766	-5.062158	1.051852	5.040851	9.229044	5.171363	-4.736584	-4.975897	-10.383534	-14.824509	-18.950147	-18.699635	1.869852	-7.002285	6.412892	-12.902708
22	3	42	2.290186	4.030260	0.894594	-5.565085	-2.018328	-7.921588	-3.084042	4.971174	5.478012	0.191901	4.820793	10.066294	4.689135	-2.430847	-10.961128	-7.446154	-9.079101	-23.851911	-17.797330	-3.592233	1.406569	5.937046	-2.034530
22	3	52	0.920619	4.030313	0.894593	-5.595468	-5.520000	5.911284	-3.207132	4.971174	6.937889	6.480154	-2.564819	-18.291417	-9.770244	3.059057	2.583949	6.957948	8.511231	8.980487	10.954940	6.596083	8.847350	0.284844	6.269238
22	3	6	4.783331	3.976880	6.120510	6.021343	3.578091	-7.921588	7.277420	4.971174	5.478012	0.191901	4.820793	10.066294	4.689135	-2.430847	-10.961128	-7.446154	-9.079101	-23.851911	-17.797330	-3.592233	1.406569	5.937046	-2.034530
23	3	7	1.577130	2.766079	0.731226	-4.724946	-3.271455	4.667249	-4.279181	3.998179	5.848534	1.355547	2.864616	-16.354033	-9.338325	6.682019	7.426375	2.813510	4.184942	8.060771	5.463171	2.414424	4.222190	0.783245	0.875533
23	3	79	6.810441	0.404965	6.566365	6.417211	6.911978	-9.124088	7.310800	3.998179	1.305915	-4.796239	6.515686	9.690096	6.651802	-5.084841	-6.431402	-9.071266	-16.806640	-19.431534	-25.965126	-5.651578	-7.553780	1.671000	-4.822974
23	3	14	6.793382	0.418303	6.566264	3.233376	0.289721	4.667249	7.301241	3.998179	5.848534	1.355547	2.864616	-16.354033	-9.338325	6.682019	7.426375	2.813510	4.184942	8.060771	5.463171	2.414424	4.222190	0.783245	0.875533
24	3	60	-1.109309	7.940252	2.886163	-1.402204	-2.970879	-15.640243	-0.509810	6.371152	-2.256375	-1.765723	9.697167	-9.173954	-1.834612	-3.903766	3.270671	0.579447	-7.735266	-4.994553	-5.544101	-5.211989	-5.703771	8.615458	-13.839457
24	3	33	-1.109309	7.940252	2.886163	-1.402204	-2.970879	-15.640243	-0.509810	6.371152	-2.256375	-1.765723	9.697167	6.623936	4.145989	-3.903766	-7.892398	-10.352220	-16.935069	-27.186326	-22.627749	-5.224786	-5.862964	8.615458	-13.839457
24	3	7	-1.286416	7.940252	2.886163	-1.402232	-9.594188	5.068157	-0.514811	6.371152	4.100163	4.563644	3.359539	-19.880262	-8.678610	5.573573	6.993001	5.988700	1.057119	8.235231	4.455915	6.121611	6.558112	2.751466	3.004217
25	1	100	7.530348	-0.504980	4.627925	4.001602	5.382196	-15.849050	1.807342	7.345620	1.973284	-1.109509	3.138671	10.129811	6.504328	-1.530299	-9.633323	-3.790218	-11.731345	-10.712787	-13.003910	-4.028345	1.844529	7.689863	-9.307651
26	2	90	6.612341	4.470008	6.599330	6.276043	6.941675	-14.133952	6.846521	7.595019	2.176699	1.260900	7.834885	9.384542	5.191415	-2.712436	-10.267720	-11.332740	-8.716521	-20.829453	-17.811247	-9.055006	-5.369945	6.582638	-5.918039
26	2	10	1.264988	7.417867	1.882605	-1.249613	-5.105479	2.540434	-3.994633	7.595019	8.292225	5.605525	4.809911	-16.831120	-13.412535	5.765426	3.556754	2.279768	6.075227	4.040167	4.725041	2.878539	6.310144	0.591041	5.619738
27	4	47	4.281923	4.705664	6.553083	5.822770	1.586580	7.079452	5.368963	5.972864	5.756573	4.293233	1.737082	-22.038631	-12.408888	6.417521	5.479792	5.948979	5.327083	7.297627	8.035431	9.441883	6.609446	0.736399	5.764742
27	4	38	5.497118	2.824661	6.620625	7.624996	7.814307	-8.081615	7.828425	5.972864	0.450328	-1.447626	7.203929	8.160787	6.391095	-5.757834	-9.663838	-10.095225	-17.996414	-17.790839	-19.517209	-1.595523	-6.473375	7.329327	-8.589641
27	4	13	0.630269	6.775563	5.303909	1.202018	-0.860294	7.079452	0.217260	5.972864	5.756573	4.293233	1.737082	-22.038631	-12.408888	6.417521	5.479792	5.948979	5.327083	7.297627	8.035431	9.441883	6.609446	0.736399	5.764742
27	4	2	-0.638049	6.801274	2.764310	-4.259297	-2.177502	7.079452	-3.554609	5.972864	5.756573	4.293233	1.737082	-22.038631	-12.408888	6.417521	5.479792	5.948979	5.327083	7.297627	8.035431	9.441883	6.609446	0.736399	5.764742
28	2	58	-1.375558	7.287178	1.802253	-1.682124	-0.981790	-10.491318	-2.031928	6.068418	-2.570199	1.936914	9.258344	10.857965	7.958991	0.343760	-13.759661	-2.539939	-12.714099	-16.274269	-18.221671	-2.251363	-9.191754	4.536963	-5.888773
28	2	42	-1.411521	7.287178	0.824486	-4.373727	-5.681654	4.063549	-2.659078	6.068418	3.987780	6.733397	1.362552	-13.371157	-0.491386	6.891615	4.881652	6.284237	6.909487	11.034941	5.404980	9.141427	2.481842	4.425099	3.676131
29	3	16	0.141489	5.806564	0.117214	-3.962836	-2.750466	-10.657804	-2.822804	3.875680	-2.518524	3.605334	6.454860	10.108538	5.411775	-5.409005	-11.289505	-7.677688	-9.626088	-17.222472	-21.064961	-5.152271	-2.329828	7.222576	-6.517323
29	3	51	0.137892	5.806564	0.117214	-3.962842	-5.921492	6.190400	-2.822807	3.875680	3.873200	8.674761	-3.886354	-14.990746	-11.065629	4.129840	7.441132	7.059416	12.112404	11.457875	10.377426	5.982183	5.409489	5.224857	6.833433
29	3	33	5.845423	4.009239	6.300851	6.135033	5.618451	-10.657804	6.260007	3.875680	-2.518524	3.605334	6.454860	10.108538	5.411775	-5.409004	-11.289505	-7.677688	-9.626092	-17.223449	-21.064961	-5.152271	-2.329828	7.222576	-6.517323
30	3	66	9.208770	4.695464	7.629222	5.922399	8.206936	-10.645763	5.928627	5.148195	-4.689010	1.913631	8.080656	6.701984	6.395764	-5.764743	-9.960095	-9.008275	-14.765122	-15.942386	-26.102337	-2.633591	-4.235267	6.628907	-8.180615
30	3	30	9.190084	4.698976	7.629222	5.839070	3.095537	5.148967	5.928627	5.148195	1.953230	6.533428	-0.120921	-20.806681	-12.792323	4.671509	3.694333	6.334103	6.799408	10.913699	7.063402	6.296861	7.613372	0.901094	6.785380
30	3	4	8.589672	4.829534	1.586524	-1.017580	1.751102	5.148967	3.520820	5.148195	1.953230	6.533428	-0.120921	-20.806681	-12.792323	4.671509	3.694333	6.334103	6.799408	10.913699	7.063402	6.296861	7.613372	0.901094	6.785380
31	2	73	0.436676	8.604143	3.184116	-7.850119	-2.581421	-12.618811	-1.280131	5.999290	-7.202905	0.057103	4.157350	10.745612	6.735681	-3.250783	-12.299002	-6.974958	-17.504761	-23.420694	-17.115461	-1.246053	-3.944066	6.314605	-9.051251
31	2	27	0.435900	8.604143	3.184116	-7.850865	-5.315136	2.331171	-1.280131	5.999290	-0.801833	6.603033	-5.301875	-13.000925	-7.990608	3.820529	6.014855	7.699560	3.450741	7.963527	12.280742	7.628339	8.248196	3.917228	3.331540
32	4	31	1.464251	7.314670	1.361901	-3.678785	-9.894213	5.435093	-3.922453	8.248925	7.055251	5.510925	-3.271094	-27.527999	-14.123653	7.111672	6.363792	5.349047	8.782060	7.921369	11.163973	5.596294	9.451850	1.138378	6.113784
32	4	51	7.959737	1.597817	3.102301	0.309506	3.347268	-13.106474	4.008079	8.248925	1.127756	-0.810553	7.215713	6.170770	9.287033	-0.195336	-11.521260	-12.390832	-19.860449	-20.868357	-18.786665	-0.426733	-1.881181	7.040838	-10.631073
32	4	16	7.959737	1.597817	6.660161	6.056460	6.981738	-13.106474	8.021876	8.248925	1.127756	-0.810553	7.215713	6.170770	9.287033	-0.195336	-11.521260	-12.390832	-19.860449	-20.868357	-18.786665	-0.426733	-1.881186	7.040838	-10.631073
32	4	2	1.518380	7.311307	1.362117	-3.677475	-3.319242	-13.106474	-3.901636	8.248925	1.127756	-0.810553	7.215713	6.170770	9.287033	-0.195336	-11.521260	-12.390832	-19.860449	-20.868357	-18.786665	-0.426733	-1.881177	7.040838	-10.631073
33	3	49	0.390146	7.166703	1.074291	-2.116831	-4.834284	-14.287942	-3.468290	6.464957	1.645377	5.083860	2.896828	10.163967	6.493423	-1.483464	-4.837942	-10.997025	-1.857035	-13.712875	-16.132048	-6.789745	-5.691239	6.698993	-4.067390
33	3	48	5.376763	6.733260	5.736999	5.888344	0.149309	-14.287942	1.367789	6.464957	1.645377	5.083860	2.896828	10.163967	6.493423	-1.483464	-4.837942	-10.997025	-1.857035	-13.712557	-16.132048	-6.789734	-5.691239	6.698993	-4.067390
33	3	3	0.390144	7.166703	1.074291	-2.118357	-8.766700	1.856258	-3.468290	6.464957	6.901271	8.819955	-6.366848	-17.881205	-12.657831	5.645500	6.582886	5.529307	10.844039	11.610348	7.240897	5.941593	3.672532	3.465282	3.505891
34	3	86	1.263051	7.077283	0.200626	-5.053314	-4.400020	-16.832882	-1.850624	9.104292	0.695147	1.040323	5.305124	9.062210	3.432391	-6.441405	-7.303082	-13.495541	-13.661204	-28.650504	-21.575787	1.030918	-5.633851	7.760542	-7.399384
34	3	10	6.781485	2.685742	6.528947	6.199727	5.673486	-16.832883	7.869442	9.104292	0.695147	1.040323	5.305124	9.062210	3.432391	-6.441405	-7.303082	-13.495541	-13.661204	-28.650504	-21.575787	1.030918	-5.633851	7.760542	-7.399384
34	3	4	1.263051	7.077283	0.200626	-5.054497	-10.256851	3.316940	-1.850627	9.104292	4.854782	6.821952	-1.466234	-18.535676	-17.186499	5.218596	7.292303	4.441872	8.381129	6.967973	9.709474	6.012223	6.954520	1.129278	6.190567
35	1	100	6.256554	1.386200	4.891189	4.699720	4.866595	-7.322592	8.367169	6.322002	-8.726642	0.460602	7.080626	8.572339	8.694097	-2.883957	-11.284679	-6.104515	-12.626133	-27.026665	-15.705257	-2.206746	-5.745366	5.488797	-2.171159
36	4	14	-2.440403	6.032165	5.172375	5.506785	-8.515252	4.013567	-0.792612	5.467765	2.526954	6.216123	-6.253799	-10.921329	-4.760201	3.408819	6.945173	6.526916	9.081223	10.996878	9.482414	5.839131	5.321938	3.916820	1.310583
36	4	44	-2.440403	6.032165	0.267324	-0.173711	-4.607516	-11.337192	-4.284142	5.467765	-0.705159	4.019210	1.638629	6.477067	6.295058	1.511560	-3.932899	-7.080443	-6.349752	-17.240858	-16.532525	-4.614025	-5.453853	5.798149	-9.107209
36	4	23	-2.440403	6.032165	0.267242	-0.266119	-10.917549	4.013568	-4.284185	5.467765	2.526954	6.216123	-6.253799	-10.921341	-4.760201	3.408819	6.945173	6.526916	9.081223	10.996878	9.482414	5.839131	5.321938	3.916820	1.310583
36	4	19	-2.436432	6.032165	5.188373	5.917592	-2.155761	-11.337202	-0.782458	5.467765	-0.705159	4.019210	1.638629	6.477067	6.295058	1.511560	-3.932899	-7.080443	-6.349752	-17.240858	-16.532525	-4.614025	-5.453853	5.798149	-9.107209
37	2	81	0.642695	7.565867	1.327339	-4.465090	-3.030728	-11.328777	-5.640768	8.298443	1.337959	0.089625	5.823927	8.764411	8.475826	0.607425	-8.714372	-11.937486	-15.117724	-24.312240	-19.693939	-0.992726	-3.376050	7.016482	-9.944567
37	2	19	6.590367	6.006511	6.752844	8.036657	2.991067	-11.328777	3.897380	8.298443	1.337959	0.089625	5.823927	8.764411	8.475826	0.607425	-8.714372	-11.937486	-15.117724	-24.312240	-19.693939	-0.992752	-3.376050	7.016482	-9.944590
38	1	100	7.584859	-0.206153	4.305028	5.161598	7.221078	-13.373123	3.578517	6.661657	-1.670104	1.075884	8.919327	9.914193	6.329974	-2.694290	-6.415165	-5.785353	-11.542408	-21.408962	-21.650097	-4.374717	-4.563494	7.943898	-10.803892
39	1	100	1.565556	4.928976	-1.727299	-4.890675	-1.298308	-11.071541	-1.245807	4.244040	-3.813290	0.163846	6.072328	9.837394	6.415390	-4.969164	-7.531201	-3.920078	-8.769471	-26.187017	-26.115863	-4.274187	-4.664295	1.862602	-2.884972
40	2	60	-1.953176	7.251609	-2.059276	-0.020854	-2.621165	-17.032831	-3.084741	4.576683	-6.008548	0.515709	4.020330	12.534344	6.248240	-1.920209	-13.039588	-7.232780	-13.177576	-19.956496	-23.943688	-5.055911	-2.696384	5.854642	-3.739184
40	2	40	-0.476950	7.251605	3.873865	5.934591	-1.277123	-17.032831	-3.062060	4.576683	-6.008548	0.515709	4.020330	12.534344	6.248240	-1.920209	-13.039588	-7.232780	-13.177576	-19.956496	-23.943688	-5.055911	-2.696384	5.854642	-3.739184
41	2	59	-0.609194	7.179619	-0.584355	-2.134650	-2.451807	-5.317289	-6.176787	6.469436	0.403159	-4.025242	6.433369	11.242566	6.488983	-4.757620	-10.787931	-6.978835	-18.974765	-23.293506	-11.844602	1.645887	-3.294362	2.268086	1.643566
41	2	41	-0.609195	7.179619	-1.481925	-4.432793	-7.617377	6.718260	-6.176787	6.469436	6.018560	1.510228	0.674374	-18.266629	-8.208744	6.249618	6.666039	4.744828	4.702941	11.836044	10.394970	6.900202	7.070474	-1.021524	7.025188
42	2	32	5.907682	1.408080	6.286002	5.332521	5.681450	-13.677756	5.471803	6.419153	1.441372	-0.667405	6.361061	9.963626	5.905312	-8.263776	-7.429055	-5.385660	-16.354910	-25.157262	-24.435278	-8.041411	-5.373555	4.247462	-14.262746
42	2	68	4.811761	2.916974	3.002823	0.305738	0.494850	-13.677756	3.115662	6.419153	1.441372	-0.667405	6.361061	9.963626	5.905312	-8.263776	-7.429055	-5.385670	-16.371497	-25.157270	-24.435278	-8.041411	-5.373555	4.247462	-14.262746
43	6	47	-0.069960	6.513708	8.733476	7.174179	-0.262576	-12.383974	3.228339	6.904404	0.051158	0.695966	7.271826	9.706591	6.883479	-4.561897	-11.735912	-7.561566	-19.793634	-22.283396	-26.582830	-4.026341	-1.916445	6.605168	-10.151312
43	6	25	-0.268916	6.517361	2.147565	0.700281	-1.187458	-12.383974	0.137389	6.904404	0.051158	0.695966	7.271826	9.706591	6.883479	-4.561897	-11.735912	-7.561566	-19.793634	-22.283396	-26.582830	-4.026341	-1.916445	6.605168	-10.151312
43	6	9	5.832001	1.765552	8.733478	7.206734	3.665048	-12.383974	6.384878	6.904404	0.051158	0.695966	7.271826	9.706591	6.883479	-4.561897	-11.735912	-7.561566	-19.793634	-22.283396	-26.582830	-4.026341	-1.916445	6.605168	-10.151312
43	6	9	-0.277979	6.517505	8.458029	4.742459	-6.664911	6.740300	3.218923	6.904404	4.641009	7.072765	1.380101	-21.942880	-12.125987	8.320944	4.175541	7.072262	10.356201	10.011428	8.761839	6.040757	6.575264	2.197591	4.321092
43	6	7	-0.277979	6.517505	2.147534	-1.176325	-7.589755	6.740300	0.137386	6.904404	4.641009	7.072765	1.380101	-21.942880	-12.125987	8.320944	4.175541	7.072262	10.356201	10.011428	8.761839	6.040757	6.575264	2.197591	4.321092
43	6	3	5.804953	1.801688	2.147903	1.287946	2.624771	-12.383974	3.246185	6.904404	0.051158	0.695966	7.271826	9.706591	6.883479	-4.561897	-11.735912	-7.561566	-19.793634	-22.283396	-26.582830	-4.026341	-1.916445	6.605168	-10.151312
44	4	4	7.998879	-1.913306	3.543547	-0.092442	1.631702	6.093500	3.104368	4.487527	3.976549	6.321596	-8.090434	-20.544105	-8.537160	4.506692	4.334784	5.515113	8.808994	7.086006	11.677092	6.660123	7.494316	-0.002092	5.064838
44	4	7	8.042271	-1.914664	3.652044	1.760467	5.963611	-11.167889	3.106342	4.487527	-2.133879	1.451527	4.180183	7.179451	8.319199	-6.026884	-6.232465	-8.661051	-13.103491	-24.454885	-17.641544	-5.629108	-1.130378	6.071928	-13.816148
44	4	20	8.024235	-1.914119	9.205012	6.070920	2.058225	6.093500	8.225435	4.487527	3.976549	6.321596	-8.090434	-20.544105	-8.537160	4.506692	4.334784	5.515113	8.808994	7.086006	11.677092	6.660123	7.494316	-0.002092	5.064838
44	4	69	8.042275	-1.914664	9.205270	6.703615	6.369953	-11.167889	8.225436	4.487527	-2.133879	1.451527	4.180183	7.179451	8.319199	-6.026884	-6.232465	-8.661051	-13.103491	-24.454885	-17.722599	-5.629108	-1.130378	6.071928	-13.825894
45	4	69	5.719356	1.767874	9.424860	6.883519	6.942888	-17.961953	6.155059	6.811714	1.059378	1.126157	8.482266	10.687605	7.072372	0.023530	-4.120211	-9.146530	-17.704976	-23.143398	-22.632026	-5.472184	-3.761460	9.049084	-3.784699
45	4	24	5.718815	1.767916	8.904950	4.865733	0.310815	7.430857	6.154703	6.811714	6.129608	5.938324	-4.472635	-17.803694	-10.044150	3.410714	7.213773	6.538361	9.269216	9.953845	10.995999	4.252839	8.668079	2.507803	3.766151
45	4	6	-0.591882	7.467413	4.076488	-3.072298	-6.215362	7.430857	-0.523468	6.811714	6.129608	5.938324	-4.472635	-17.803694	-10.044150	3.410714	7.213773	6.538361	9.269216	9.953845	10.995999	4.252839	8.668079	2.507803	3.766152
45	4	1	4.765849	2.255177	4.108786	-1.011095	-1.573168	7.430857	3.706549	6.811714	6.129608	5.938324	-4.472635	-17.803694	-10.044150	3.410714	7.213773	6.538361	9.269216	9.953845	10.995999	4.252839	8.668079	2.507803	3.766152
46	3	33	6.440505	5.161001	5.619637	6.113780	3.569300	-13.308025	3.149877	7.560250	-1.558041	6.634764	4.156114	10.992907	6.351357	-8.402622	-4.709477	-6.340670	-11.047858	-19.183883	-16.022583	-2.391461	-2.264693	8.976795	-4.718176
46	3	21	2.452926	6.875930	4.013668	-3.153152	-0.995622	-13.308025	-3.016312	7.560250	-1.558041	6.634764	4.156114	10.992907	6.351357	-8.402622	-4.709477	-6.340670	-11.047858	-19.183883	-16.022583	-2.391461	-2.264693	8.976795	-4.718176
46	3	46	2.447007	6.876046	4.013631	-3.462323	-6.520970	5.742785	-3.020923	7.560250	4.468542	6.654222	-2.215806	-18.364249	-8.119193	1.308671	6.761619	7.154298	7.288770	11.059385	10.710091	4.791092	6.262305	4.193343	8.010387
47	2	41	2.585072	5.834158	3.261568	-4.441707	-8.164310	3.802740	-1.047448	4.909119	4.036852	5.623012	-1.169087	-18.170975	-8.728209	4.556279	6.528854	7.766212	5.441034	8.261145	9.986165	6.937360	6.527145	2.123385	8.221762
47	2	59	2.585437	5.834158	3.261568	-4.441701	-3.199221	-8.770490	-1.047076	4.909119	-2.368719	0.219420	7.721553	11.575856	6.663820	-4.100437	-10.444035	-7.080235	-17.628846	-23.428944	-21.403471	-5.448356	-5.902960	5.815466	-4.000576
48	2	66	7.969964	0.705459	7.443342	6.164718	6.929780	-15.406114	5.693010	2.781299	-5.259740	2.551164	4.693787	10.883163	9.109784	-5.803655	-11.911766	-11.760763	-10.216611	-14.900288	-23.946155	-3.374338	-4.331441	5.577251	-7.362884
48	2	34	7.928321	0.732072	2.997167	1.418356	3.465537	-15.406114	-0.636755	2.781299	-5.259740	2.551164	4.693787	10.883163	9.109784	-5.803655	-11.911766	-11.760763	-10.216611	-14.900376	-23.946155	-3.374339	-4.331441	5.577251	-7.362884
49	2	13	3.611072	6.154508	-1.486746	-1.887878	-3.080018	-10.512905	0.167098	7.555239	2.069063	-0.528539	8.800183	11.235730	1.832801	-4.316186	-3.492512	-10.321440	-14.523886	-12.916512	-22.118103	-1.420316	-7.076569	5.081423	-7.063421
49	2	87	3.611065	6.154508	-1.501382	-3.293703	-5.675275	7.034343	0.167093	7.555239	7.392084	3.814410	2.492472	-14.887185	-11.426554	5.677826	7.833318	6.101208	5.956250	8.225748	9.164901	6.734212	4.837780	1.394052	5.962258
50	2	43	-1.092350	8.389040	3.158607	-8.558334	-9.584754	6.400891	-2.086349	4.483932	3.675028	5.249822	2.606371	-22.014545	-9.244265	5.507547	3.657662	2.669928	-1.588638	5.648395	6.692205	4.511848	7.245776	1.101875	9.003728
50	2	57	-1.092350	8.389040	3.158607	-8.558334	-5.589743	-13.467214	-2.086349	4.483932	-2.607732	0.153951	6.660447	9.589135	8.083143	-6.260752	-8.456583	-7.017048	-17.842429	-27.695067	-22.608080	-6.439537	-2.886543	7.200794	-2.884557
51	3	24	0.399652	6.680814	3.894121	-1.582255	-2.780214	-9.225830	-2.234125	7.344002	2.017773	-0.063329	5.073274	10.464432	6.628213	-0.000243	-11.648186	-8.748848	-13.889113	-22.727553	-21.675744	-5.346194	-4.364904	4.692786	-4.864167
51	3	56	5.125458	6.633447	8.449879	5.756479	2.181560	-9.225830	6.660948	7.344002	2.017773	-0.063329	5.073274	10.464432	6.628213	-0.000243	-11.648186	-8.748848	-13.889113	-22.727553	-21.675744	-5.346194	-4.364904	4.692786	-4.864167
51	3	20	0.227199	6.680814	3.893883	-1.595258	-7.527879	5.116929	-2.234707	7.344002	7.273739	6.442582	-4.478475	-13.490418	-14.250713	7.498075	5.279117	7.036758	9.985303	6.849465	9.224725	6.553338	7.059332	1.919837	5.693589
52	1	100	0.642230	5.832442	-0.198676	-5.059682	-6.869921	-11.787147	-0.129054	6.624960	-0.131096	-1.037566	8.488905	9.868343	6.209325	-7.630502	-9.300754	-9.312623	-13.849973	-21.007336	-27.852925	-4.631907	-6.955287	7.569068	-4.473784
53	2	93	-1.324368	6.090948	3.327561	-10.688289	-7.212797	-16.464113	-4.799419	4.767083	0.609505	2.363958	6.538919	7.499217	6.233005	-4.364889	-10.100109	-14.920253	-9.155450	-15.869931	-24.009136	-5.435950	-3.875736	7.782409	-12.839916
53	2	7	-1.660372	6.090949	3.327561	-10.688289	-12.600855	5.213503	-4.799419	4.767083	3.307585	7.294791	-2.749662	-20.404724	-13.432274	5.646170	4.223219	1.259887	11.110621	12.022997	8.827913	6.285133	6.088920	3.377065	3.952538
54	3	69	3.135256	5.022356	7.622216	6.186683	4.224951	-10.389755	-0.682152	5.989285	-0.889739	3.227372	7.322534	10.062404	8.166085	-4.263039	-9.374375	-7.773594	-16.703591	-15.427805	-26.365962	-5.254353	-4.853155	6.037119	-7.290804
54	3	24	-1.339366	5.048926	7.190521	3.865619	-1.603603	5.888851	-1.524472	5.989285	4.819965	7.990132	-0.770022	-15.762332	-5.116846	7.499129	6.229040	8.639642	7.569355	12.290279	7.125678	6.470264	7.103722	-0.428387	6.671895
54	3	7	-1.339401	5.048926	1.528140	-5.564267	-4.843698	5.888851	-4.348490	5.989285	4.819965	7.990132	-0.770022	-15.762332	-5.116846	7.499129	6.229040	8.639642	7.569355	12.290279	7.125678	6.470264	7.103722	-0.428387	6.671895
55	3	61	1.531333	5.495873	-0.638436	-4.145153	-8.273232	6.715430	-3.442811	8.573122	8.068497	5.196359	1.317823	-14.480982	-10.986621	4.369341	3.150981	4.773616	3.202856	7.896591	7.793561	5.399231	5.817503	1.573815	7.023911
55	3	17	7.183411	-0.932891	5.758725	8.613913	5.016466	-8.866525	7.627325	8.573122	3.371788	-0.384713	5.787618	11.911870	6.634187	-1.886752	-13.631585	-8.873635	-10.837819	-20.434744	-24.751135	-4.189992	-4.366048	5.697549	-6.641136
55	3	22	1.531499	5.495873	-0.638436	-3.662618	-2.146131	-8.866525	-3.442811	8.573122	3.371788	-0.384713	5.787618	11.911870	6.634187	-1.886752	-13.631585	-8.873635	-10.837818	-20.434744	-24.751135	-4.189992	-4.366048	5.697549	-6.641136
56	1	100	7.011300	-2.280428	4.773752	6.882158	7.134302	-13.041988	4.640160	6.428977	-4.077734	2.928413	5.780331	6.339363	6.580248	-5.013061	-7.997219	-7.264144	-14.967691	-16.305322	-24.923272	-7.947582	-3.199507	7.124131	-7.904963
57	2	19	2.024218	8.935807	-1.114553	-5.512534	-9.000741	5.009636	-2.635384	6.365392	3.632504	5.002426	-2.873998	-26.272022	-15.718212	5.943072	6.339135	4.825166	8.405189	9.949315	9.127601	8.103009	7.301797	-0.428599	7.547740
57	2	81	2.024218	8.935807	-1.114273	-5.508745	-4.156455	-7.811755	-2.635371	6.365392	-2.546311	1.613836	3.647966	9.832508	6.500772	-3.439932	-4.522065	-4.848488	-18.191928	-25.963331	-19.367953	-3.262868	-4.211179	5.328855	-1.103891
58	2	82	-1.502296	6.471892	-0.078967	-4.243057	-8.688420	-12.398697	-4.613014	5.239703	-5.047923	0.057553	4.304804	10.432454	8.595767	1.070642	-6.007879	-10.929297	-13.689775	-18.560195	-18.880769	-3.840883	-6.479763	6.606655	-8.041408
58	2	18	-1.502296	6.471892	-0.080131	-4.390492	-10.875895	0.839953	-4.613581	5.239703	-3.171931	6.344518	0.013361	-15.991986	-6.025706	6.226294	7.722637	4.248401	4.813576	10.922922	8.963525	8.454600	3.653947	0.478709	6.763408
59	2	32	-1.596677	5.790488	1.326084	-7.442960	-4.886576	6.385597	-5.698039	6.001742	6.329817	7.448874	-3.400134	-16.486289	-18.013242	6.937059	4.921936	7.957830	11.050204	12.258303	8.122229	4.800034	5.931143	0.534203	6.525804
59	2	68	-1.473961	5.790488	1.326084	-4.449794	0.200898	-16.921770	-5.698039	6.001742	0.169572	1.436235	6.832306	9.605221	2.639116	2.838383	-6.558057	-10.632911	-11.795790	-12.280808	-24.145327	-3.958029	-7.194859	6.904477	-6.997230
60	2	55	3.569079	7.572679	0.967473	-5.149032	-8.652251	6.651315	5.126642	8.456106	6.275196	7.693353	-4.580084	-20.182018	-18.179274	4.674436	7.145964	8.206738	10.258955	7.548541	10.939487	6.356426	6.237971	-1.187975	6.131052
60	2	45	8.195505	4.825215	3.213733	1.480067	1.834624	-8.304929	7.211834	8.456106	0.856853	2.007596	6.717803	12.509206	4.441895	-2.937388	-5.916205	-9.076646	-8.024721	-22.763709	-22.137145	-5.284767	-6.216250	1.961425	-5.006256
61	2	66	0.548272	7.992777	2.191993	-7.845470	-6.135399	-14.874471	-2.846942	6.973803	-1.734643	1.319392	5.968296	10.088675	7.384451	-6.474693	-5.392710	-5.824641	-14.168757	-16.298754	-20.193794	-5.071679	-3.294842	6.617621	-8.764269
61	2	34	0.548272	7.992777	2.191993	-7.846340	-11.870780	6.845794	-2.846942	6.973803	3.949078	7.467733	-4.075323	-16.178253	-7.696293	2.208600	8.325977	7.343232	10.591186	11.583811	6.115133	5.934562	6.228568	2.837983	4.129463
62	2	69	5.480884	4.327495	7.704752	4.294817	1.847545	-14.160251	5.167039	6.720803	0.435963	-0.150470	7.640471	11.345398	6.786532	-3.846084	-10.410461	-6.940871	-14.714176	-22.971250	-20.449962	-6.400029	-2.227534	8.020911	-12.964576
62	2	31	0.691028	4.527453	3.149700	-2.423676	0.394864	-14.160251	0.820757	6.720803	0.435963	-0.150470	7.640471	11.345398	6.786532	-3.846084	-10.410461	-6.940871	-14.714176	-22.971250	-20.449962	-6.400029	-2.227534	8.020911	-12.964576
63	2	77	7.082839	2.497973	5.171080	5.595509	6.413491	-13.154201	6.544879	6.668502	0.666030	3.450872	2.129241	7.278282	3.495100	-2.693167	-7.030424	-12.756492	-9.461662	-16.346123	-20.293391	2.215540	-3.809941	7.135083	-6.855137
63	2	23	1.404594	6.887625	1.577335	-2.074897	-4.503980	5.751000	-2.191570	6.668502	5.899958	8.219207	-7.154494	-17.105517	-9.991018	4.699234	7.172530	5.690156	11.000943	9.927951	8.412515	7.014048	6.480419	0.738347	5.492639
64	3	23	5.137013	5.311338	7.096704	7.432380	4.622608	-9.572764	6.065126	8.107161	2.428116	1.128681	7.645358	9.236709	6.465212	-3.724813	-13.055546	-10.771635	-16.809735	-26.133583	-15.440242	-1.890019	-6.568993	5.938502	-5.366472
64	3	45	2.514183	7.007356	7.096685	7.419942	0.893778	-9.572764	1.933755	8.107161	2.428116	1.128681	7.645358	9.236709	6.465212	-3.724813	-13.055546	-10.771636	-16.809735	-26.133583	-15.440242	-1.890019	-6.568993	5.938502	-5.366472
64	3	32	0.754823	7.009651	5.559868	1.733556	-3.917064	6.651611	0.027985	8.107161	6.318593	5.729199	2.380742	-13.161293	-12.881162	5.321441	4.469241	1.261312	5.122934	5.563737	5.804768	7.001523	5.785539	1.528597	6.009458
65	3	12	-0.190402	7.894725	0.967326	2.097532	-0.980642	-7.783281	-5.983817	7.716047	1.961770	4.687031	7.589093	9.615283	8.041809	-3.224601	-5.554192	-8.379252	-3.808270	-16.834527	-24.403252	-4.245257	-1.148613	6.026843	-8.569994
65	3	76	5.836465	7.490471	5.120690	8.389921	5.540618	-7.783281	4.819245	7.716047	1.961770	4.687031	7.589093	9.615283	8.041809	-3.224601	-5.554192	-8.379252	-3.808270	-16.834527	-24.403252	-4.245257	-1.148613	6.026843	-8.569994
65	3	12	-0.235023	7.894725	0.595066	1.743712	-6.909330	4.533892	-6.063821	7.716047	5.861843	8.262517	-2.363867	-22.385100	-14.658732	5.757626	5.718780	7.724447	9.274586	9.377372	7.783214	5.973523	5.957378	1.504329	6.115498
66	2	95	3.483039	5.263477	-3.088322	1.386120	-0.578731	-15.556004	-3.212000	5.539307	-1.541023	-0.238318	7.100965	9.849698	3.650698	-3.330305	-8.759369	-10.394973	-18.256676	-16.722535	-20.664979	-3.842266	-5.234005	7.149216	-10.536561
66	2	5	0.840967	5.263684	-3.974064	-2.124991	-3.711524	1.984475	-4.912454	5.539307	3.511510	5.955317	-0.567582	-14.688045	-20.464780	6.445791	6.819312	6.727955	7.810763	12.476456	10.040726	5.177102	6.465958	2.729327	1.991456
67	2	84	6.301520	6.016418	2.870915	3.560391	0.187454	-14.122977	3.095680	7.510187	0.486528	-1.343222	7.855919	9.780557	5.906892	-4.624815	-2.792859	-12.206438	-17.986154	-22.416199	-15.729126	-3.388935	-2.324606	9.685820	-6.895226
67	2	16	4.382294	7.188533	0.466866	-0.664950	-1.698240	-14.122977	-5.556149	7.510187	0.486528	-1.343222	7.855919	9.780557	5.906892	-4.624815	-2.792859	-12.206438	-17.986154	-22.416199	-15.729126	-3.388935	-2.324606	9.685820	-6.895226
68	2	72	1.744615	7.122205	0.035099	-4.867713	-1.572620	-10.463068	-3.818723	5.519342	-1.675763	0.683021	9.524769	7.405332	8.370567	-3.397897	-7.292093	-11.072374	-22.680442	-20.560022	-23.347723	-0.485127	-3.678021	6.312959	-7.863519
68	2	28	0.070463	7.122442	0.035099	-4.869259	-8.146604	4.938067	-3.818727	5.519342	4.460343	6.364879	2.962706	-18.783411	-4.693450	6.732422	6.410859	5.147646	4.367615	8.120658	6.622898	9.428338	8.084510	4.223556	5.587389
69	3	57	0.360988	7.765873	1.973280	0.017500	-7.984848	6.743091	-2.834395	5.012353	6.486688	8.589865	-5.933774	-20.688640	-9.239038	7.788839	4.121319	8.376595	10.442185	8.118269	9.914831	8.168727	6.636991	-0.984728	6.928643
69	3	24	6.034734	4.027944	7.333610	6.426296	3.731325	-12.842087	5.915445	5.012353	-0.020133	5.791520	3.344619	7.932422	7.325607	-3.882444	-9.528946	-6.760608	-1.735245	-16.257703	-20.175343	-1.728063	2.110313	5.307818	-4.928293
69	3	19	0.361197	7.765840	1.973280	0.017500	-3.249644	-12.842087	-2.834395	5.012353	-0.020133	5.791520	3.344619	7.932422	7.325607	-3.882444	-9.528946	-6.760625	-1.735245	-16.257703	-20.175343	-1.728063	2.110313	5.307818	-4.928293
70	1	100	0.513305	7.603324	-2.094317	0.423859	-3.935417	-14.334684	-2.827859	6.710061	-3.671782	-0.164070	5.093606	8.854144	6.053831	-4.375474	-10.580183	-13.126803	-11.736458	-20.385290	-11.565758	-7.671577	-3.296422	5.487020	-5.346481
71	1	100	1.044971	5.335041	-0.572332	-7.991023	-5.308563	7.608707	-6.332891	5.402289	7.228804	8.472962	-7.361474	-19.085062	-15.427498	7.838191	5.583953	7.185822	9.761889	9.182919	11.261444	6.339064	7.878753	1.698106	6.387087
72	2	46	1.595494	8.514058	-0.358958	-7.703712	-7.221247	4.476141	-2.437527	5.701548	-2.574672	7.110823	-4.988471	-8.076287	-13.423106	-0.436029	3.919608	5.572272	4.863829	10.259217	10.153239	6.797314	5.852866	4.526510	6.793642
72	2	54	1.595494	8.514058	-0.358958	-7.703711	-4.572030	-11.029926	-2.437527	5.701548	-8.870549	0.994097	4.706199	11.882376	6.383536	-7.060588	-10.720514	-10.036651	-10.238911	-17.567043	-24.358594	-1.483664	-5.409638	6.864401	-1.943130
73	2	85	2.087209	5.801969	6.075291	-0.787022	-0.973251	8.593675	3.779654	8.521624	6.418674	6.209832	0.211720	-23.161477	-9.417808	6.330817	3.567504	6.230229	10.047090	9.889006	9.932497	3.645214	6.821449	2.067626	6.797272
73	2	15	6.445756	3.574077	6.593550	4.799915	5.100867	-4.239929	6.238366	8.521624	0.657793	0.057018	7.448469	9.839659	6.529796	-3.185429	-12.832703	-8.568125	-15.215029	-21.054352	-20.610436	-9.193704	-4.927414	6.540060	-9.618835
74	2	64	6.986479	3.105500	7.019172	7.022255	2.115958	1.999821	7.632953	4.500059	3.006117	5.913462	-0.639474	-15.059747	-10.618208	7.407723	5.577386	7.481924	11.419478	11.291198	8.830130	4.735803	7.409604	-1.272518	8.644186
74	2	36	6.987895	3.104939	7.026634	7.426619	6.553923	-8.852339	7.635050	4.500059	0.962849	-0.215593	7.108607	9.770805	7.827820	-0.263833	-4.627584	-6.686153	-12.102431	-17.282474	-22.942513	-5.440718	-3.437058	4.679745	-5.982498
75	3	50	1.487675	6.495605	1.118944	1.920779	-3.768788	-12.297847	-0.500510	2.628408	-3.573648	0.612006	7.358513	10.483126	4.963266	-6.244358	-10.056802	-9.109170	-6.854517	-19.531736	-20.020663	-0.205884	0.467191	7.742692	-1.772996
75	3	10	1.487675	6.495605	1.111957	1.911941	-3.781642	-1.183800	-0.500868	2.628408	-3.273397	6.430254	2.120471	-6.395815	-4.460479	-6.152111	6.375488	4.693954	5.508776	8.621936	9.815816	8.493440	6.664436	2.597999	6.972937
75	3	40	1.487667	6.495606	0.648215	1.332928	-7.339574	2.830304	-0.516113	2.628408	3.005125	7.000449	-4.262787	-18.009209	-14.104040	3.427196	6.755545	6.405767	10.381959	10.395731	10.688486	8.493440	6.664436	2.597999	9.008134
76	2	38	5.367778	6.107206	-1.407409	-5.508589	-6.210508	7.076015	2.328027	5.821997	5.404705	9.069894	-1.990962	-28.182058	-14.689814	6.476117	4.885988	6.447567	10.136963	9.628312	10.411771	6.660604	8.403086	-1.765484	7.515561
76	2	62	5.368896	6.106082	-1.405869	-3.786493	0.123253	-8.575358	2.330749	5.821997	1.669282	3.607336	5.186156	9.035456	6.740296	-1.404054	-7.046022	-10.075695	-5.453181	-20.887060	-21.888290	-6.347673	-2.330323	3.275205	-4.026513
77	2	88	0.761739	5.409005	-0.045214	-4.816067	-6.532272	-9.262986	-2.387464	8.285810	3.061072	4.672608	4.490964	11.370176	6.672962	-3.230375	-9.799235	-13.996808	-12.853761	-17.959062	-21.559953	-6.453237	-1.785233	8.644496	-9.042484
77	2	12	0.761693	5.409005	-0.061139	-5.021539	-11.731904	5.143375	-2.387464	8.285810	8.082165	8.076136	-0.991468	-16.061116	-8.705839	7.126640	7.024280	1.293767	9.981038	6.951889	7.432456	6.316990	5.864152	2.674586	6.918565
78	2	9	0.684074	6.069896	1.856489	-4.387433	-1.115067	2.259029	-4.939217	7.515064	6.991179	5.168754	0.293156	-22.773661	-11.370904	5.652207	7.945582	6.206362	1.472517	6.063737	11.413703	7.946753	7.805791	0.363172	5.789377
78	2	91	6.830492	0.127742	1.859811	-2.467195	4.881529	-15.866961	0.293160	7.515064	1.617568	3.216216	7.487189	11.010114	5.930006	-1.965885	-6.651130	-12.024327	-23.620602	-25.432091	-16.778278	-4.041733	-3.637943	5.436295	-7.426305
79	3	41	2.926070	4.222499	0.891583	-5.815458	-4.761285	-17.085414	1.572615	6.023519	-4.961888	4.513226	3.853993	-3.016137	-0.771149	-3.983950	3.613156	4.143709	-3.894643	-1.616709	-5.398710	-3.275140	2.153497	9.032860	-9.146214
79	3	46	2.926070	4.222499	0.891583	-5.815458	-4.761285	-17.085466	1.572615	6.023519	-4.961888	4.513226	3.853993	6.980546	4.945695	-3.983950	-8.271783	-7.781260	-10.064477	-23.974256	-18.450294	-3.416358	-3.207319	9.034136	-9.147446
79	3	13	2.892859	4.231434	0.891583	-5.815640	-5.801792	-0.594944	1.538994	6.023519	-4.544718	6.809921	0.056241	-16.439367	-6.063250	-3.247928	5.313142	7.150263	0.911324	4.133112	8.826871	5.182491	7.408740	2.653712	4.651484
80	4	54	0.424850	8.475853	0.695227	-3.682461	-1.312147	-12.260077	-0.782503	3.732954	-3.980678	1.389327	5.007036	8.749806	5.889896	-5.925861	-11.979568	-10.153823	-17.314996	-14.944313	-20.783799	-5.276626	-6.031049	4.258137	-3.677872
80	4	22	6.675591	2.257615	0.714163	-2.172459	1.971999	-12.260077	0.883678	3.732954	-3.980678	1.389327	5.007036	8.749806	5.889896	-5.925861	-11.979568	-10.153823	-17.314996	-14.944313	-20.522537	-5.276626	-6.031049	4.258137	-3.677867
80	4	21	0.244356	8.475863	0.692993	-4.973003	-3.114729	1.612268	-0.782504	3.732954	1.740990	5.541636	1.949249	-20.228855	-4.804603	0.478677	5.454199	5.626428	8.314643	9.855529	11.211514	6.724662	5.988150	-1.726783	8.124474
80	4	3	6.779865	2.212923	6.241185	4.473984	6.130924	-12.260077	6.973734	3.732954	-3.980678	1.389327	5.007036	8.749806	5.889896	-5.925861	-11.979568	-10.153823	-17.314996	-14.944313	-20.792996	-5.276626	-6.031049	4.258137	-3.677872
81	2	62	7.824436	1.921565	-2.527814	-1.363526	1.662593	-6.465955	1.107231	6.806914	-2.065817	1.175981	3.831231	6.575397	6.387141	-3.178549	-6.969105	-7.576224	-17.663594	-18.516286	-18.314277	-5.962957	-0.300823	4.592672	-11.146476
81	2	38	5.301911	1.921566	-2.528348	-1.595045	0.376566	5.915174	1.102478	6.806914	3.942919	7.354229	-7.656454	-25.616559	-11.959218	7.125507	4.633627	5.401888	6.940316	8.337338	9.425326	5.023139	7.859933	1.272763	4.396425
82	3	89	6.425618	-0.271404	9.007744	6.066991	9.712985	-9.333963	4.699887	4.456935	-7.955229	3.196072	7.707687	11.340276	5.189736	-3.969720	-8.419679	-10.965535	-16.085680	-25.763770	-22.345223	-2.681109	-6.447596	5.795226	-2.222663
82	3	7	6.425617	-0.271404	9.007047	6.000387	3.307349	2.194613	4.699887	4.456935	-2.049683	7.653419	0.714345	-10.259974	-5.199702	1.230496	6.074966	6.759079	1.881266	9.160557	9.161537	8.483906	5.202911	3.064593	7.855456
82	3	4	4.850123	-0.271041	2.817518	-2.088757	-2.200946	2.194613	-1.595445	4.456935	-2.049683	7.653419	0.714345	-10.259974	-5.199702	1.230496	6.074966	6.759079	1.881266	9.160557	9.161537	8.483906	5.202911	3.064593	7.855456
83	2	67	0.465596	4.790818	0.212476	-8.045844	-3.747261	-11.501202	-5.872276	7.929353	1.390149	0.065900	6.539813	8.582924	6.888474	-1.668784	-8.810326	-10.506445	-13.786724	-18.588183	-18.344684	-4.999573	-0.610386	8.435055	-10.462950
83	2	33	0.464145	4.790820	0.212476	-8.045844	-8.464630	2.705729	-5.872339	7.929353	7.243691	6.334334	-0.616146	-20.513589	-11.949530	4.179092	6.818611	6.959568	10.045842	10.301827	9.794710	7.357269	5.369686	5.910057	4.205272
84	2	33	0.228241	5.714810	-0.209368	-6.988373	-4.133344	-6.500901	-5.301942	5.766895	-1.188169	1.124895	8.399645	10.923145	6.946852	0.348512	-9.898889	-11.848398	-13.140256	-22.333264	-14.945143	-5.055560	-2.019697	2.356062	-2.205329
84	2	67	0.190945	5.714811	-0.209368	-6.988442	-9.458731	4.325545	-5.301948	5.766895	4.537630	5.562070	1.397343	-16.363221	-16.595830	6.699797	5.581894	5.607638	7.230174	10.852836	10.199928	7.394417	3.244904	-0.694438	7.289019
85	3	89	0.132372	7.820500	3.489904	-7.080783	-6.354711	7.419662	-2.410636	4.707215	6.385640	6.906162	-6.169032	-25.065613	-16.910254	7.750859	6.909873	4.816842	11.274800	8.186248	5.253411	4.344495	8.024578	-2.399786	6.757963
85	3	4	6.751638	1.674199	9.143444	4.899479	4.615680	-4.984191	3.350514	4.707215	1.847378	4.611537	-0.252596	-7.784259	-4.901897	-4.642207	6.881960	1.027228	5.541659	5.866159	4.946605	4.335943	8.024489	-2.399786	0.368301
85	3	7	0.204730	7.820499	3.489903	-6.886968	-2.877035	-4.984190	-2.410635	4.707215	1.847379	4.611537	-0.252596	-7.784259	-4.901897	-4.642207	6.881960	1.027228	5.541660	5.866159	4.946605	4.335943	8.024489	-2.399786	0.368301
86	4	27	6.962305	4.100879	0.446173	-0.649176	-0.605083	-13.004226	2.228308	6.910947	-0.830235	0.762860	3.085267	7.911704	7.257631	-5.879190	-6.002983	-1.909455	-12.859286	-5.197948	-16.815784	-3.820079	-5.116458	7.644067	-7.313080
86	4	23	6.965093	4.092298	6.125990	6.560126	0.465458	6.261892	6.333141	6.910947	4.947668	6.685629	-8.495777	-19.343951	-16.476228	6.986021	5.916141	7.520647	9.340240	10.869795	11.306058	6.032251	6.904256	2.987750	6.248684
86	4	30	0.552118	7.508396	0.293451	-3.129969	-6.905437	6.261892	-3.015888	6.910947	4.947668	6.685629	-8.495777	-19.343951	-16.476228	6.986021	5.916141	7.520647	9.340240	10.869795	11.306058	6.032251	6.904256	2.987750	6.248684
86	4	20	6.965431	4.091260	6.153211	7.978002	4.657346	-13.004226	6.401678	6.910947	-0.830235	0.762860	3.085267	7.911704	7.257631	-5.879190	-6.002983	-1.909455	-12.859286	-5.197948	-16.815784	-3.820079	-5.116458	7.644067	-7.313080
87	2	84	5.439751	-1.052284	-3.535871	-1.611535	-0.316235	-14.121854	0.030400	5.695453	-2.113518	4.299915	5.277695	7.761072	7.336764	-5.371760	-11.365892	-3.471822	-9.266573	-17.289602	-15.626035	-8.159816	-6.206422	8.622003	-8.056443
87	2	16	-0.124137	4.133759	-3.535871	-3.692968	-6.706053	6.172689	-6.396280	5.695453	3.927132	8.078077	-3.983948	-20.038098	-5.602015	4.129958	5.949027	7.816382	8.528074	9.551881	10.374401	3.612068	6.184477	3.199176	2.527221
88	2	71	2.978294	8.487481	6.325743	2.430217	-4.541642	8.097146	2.369849	6.816406	5.557725	5.944820	-2.379719	-20.733513	-12.396196	5.392064	4.685849	4.615146	12.060596	10.593700	11.491171	5.548840	6.533316	1.039208	7.494976
88	2	29	9.529719	2.328744	7.435502	8.958322	5.835760	-13.677750	6.720828	6.816406	0.644507	3.998542	6.620441	9.975299	6.149108	-2.138355	-11.905876	-11.938513	-9.645153	-13.739790	-16.379345	-7.391197	-2.922974	7.274734	-8.516019
89	2	71	-0.020685	5.482542	-3.658577	-5.506922	-7.035695	9.112297	-4.547771	8.874149	7.725536	8.735957	-1.934299	-18.886035	-12.918118	7.680878	5.812040	7.096173	7.672004	10.240664	10.592794	5.739364	6.091869	5.326590	8.043125
89	2	29	3.920445	4.236194	-3.658576	-4.682056	-0.347007	-8.961101	-3.856387	8.874149	2.974964	2.715179	5.479159	8.818048	5.120903	-1.289645	-6.214417	-8.839269	-11.705959	-22.008412	-19.574556	-2.367878	-4.174007	8.016324	-9.607353
90	3	25	1.635990	8.296517	2.817451	-3.724837	-2.958723	-9.656041	-0.558657	8.988892	2.394062	2.022566	7.094172	10.590341	6.046686	1.602567	-10.837432	-9.515083	-13.015632	-22.589432	-17.198450	-3.006112	-2.211535	6.768081	-8.207986
90	3	48	1.635989	8.296517	2.817451	-3.724837	-8.292412	7.162398	-0.558657	8.988892	7.196315	7.938859	-2.297018	-17.897633	-9.959817	6.816253	3.926143	6.184416	8.329564	6.686674	8.681577	7.394445	6.491058	1.607727	8.595437
90	3	27	6.786173	2.957151	8.878393	6.059653	7.018429	-9.656041	6.568466	8.988892	2.394062	2.022566	7.094172	10.590341	6.046686	1.602567	-10.837432	-9.515083	-13.015632	-22.589432	-17.198450	-3.006112	-2.211535	6.768081	-8.210971
91	2	80	0.738192	6.683820	-0.825591	-5.836216	-11.573466	7.150993	-0.598263	8.095114	6.677107	7.095039	-5.657433	-16.361286	-17.266433	8.734959	6.891346	6.101327	8.945653	5.459963	9.520839	7.045853	6.206141	1.253368	5.716399
91	2	20	0.738192	6.683820	-0.825591	-5.836211	-6.229802	-11.873619	-0.598263	8.095114	1.339201	1.296514	6.593150	7.327127	0.771301	5.230701	-10.180065	-10.802074	-15.604656	-22.486572	-17.472433	-4.885792	-6.627997	7.483074	-8.927453
92	3	42	2.205203	5.988153	1.468394	-4.100791	-3.905217	-10.223165	-6.662734	4.138227	-3.163120	6.973852	4.258613	9.044975	5.871968	-6.761405	-9.836443	-12.890868	-9.675290	-17.360851	-23.782801	1.028916	-2.540770	8.481433	-6.696163
92	3	32	2.205202	5.988153	1.468394	-4.101102	-9.169308	5.272230	-6.662734	4.138227	3.202995	8.999603	-3.064171	-7.158197	-10.438080	4.373370	3.910017	0.012659	8.516554	5.465450	4.027845	7.955589	6.326027	3.296622	7.745920
92	3	26	6.743435	-0.269305	5.108263	3.992577	6.537780	-10.223165	1.615655	4.138227	-3.163120	6.973852	4.258613	9.044975	5.871968	-6.761405	-9.836443	-12.890868	-9.675290	-17.360851	-23.782801	1.028916	-2.540770	8.481433	-6.695737
93	3	23	2.931691	7.789414	3.355378	-5.080753	-2.216336	-12.633987	3.045850	4.960866	-3.153222	2.679416	7.996934	10.802097	5.959932	-4.030087	-12.114179	-15.218701	-14.234751	-21.562832	-25.766927	-1.403314	-3.819183	6.380500	-7.281221
93	3	37	2.931690	7.789414	3.355378	-5.080781	-7.459492	7.517175	3.045845	4.960866	2.514015	6.833566	-2.501966	-18.338547	-9.221171	6.086566	7.435397	2.099117	10.253079	9.512844	9.210440	9.129260	6.938571	3.976590	8.343102
93	3	40	7.780508	2.914023	8.119947	3.331470	5.346407	-12.635430	7.305651	4.960866	-3.153222	2.679416	7.996934	10.802097	5.959932	-4.030087	-12.114179	-15.218701	-14.234751	-21.562832	-25.766927	-1.403324	-3.819183	6.380500	-7.281246
94	1	100	-2.895741	4.540263	-1.805527	-7.598827	-3.982852	-13.401909	-5.724874	5.794818	2.235265	1.700950	6.347198	9.617213	3.157197	2.956688	-9.181522	-6.797122	-5.880549	-25.913149	-23.405317	-8.784271	-7.760595	5.108779	-5.117566
95	2	83	7.515317	3.614834	6.284918	6.393026	8.233276	-16.397600	5.639761	5.506764	-9.352296	0.174419	8.161603	6.264076	5.969735	2.297102	-9.073309	-6.758927	-13.164670	-25.721668	-15.810748	-5.910117	-2.909073	7.906692	-4.786595
95	2	17	1.203774	7.385910	2.173025	-4.801225	-3.083766	-16.397600	-2.043713	5.506764	-9.352296	0.174419	8.161603	6.264076	5.969735	2.297102	-9.073309	-6.758927	-13.164670	-25.721668	-15.810748	-5.910117	-2.909073	7.906692	-4.786595
96	2	37	2.140649	6.020175	0.607393	-9.068141	-4.042824	-6.482645	0.107606	8.153640	0.214422	0.752262	3.503001	8.542532	5.514598	-2.329062	-8.667433	-5.105256	-9.871079	-17.880833	-26.747638	-7.056060	-1.101924	2.559051	-3.305885
96	2	63	2.140649	6.020175	0.607393	-9.068141	-10.574509	6.147939	0.107606	8.153640	6.402698	5.160729	-0.563643	-23.639524	-16.654223	4.860958	5.490937	6.195937	7.750911	9.736219	8.274113	5.056463	8.306313	-1.334171	8.629514
97	4	52	3.291757	3.406941	0.376473	-2.264736	-1.745726	8.266465	-0.545910	6.707808	5.149796	3.613136	2.588963	-12.027398	-8.904898	6.065478	0.472204	1.376322	6.127792	0.898118	4.247450	7.305363	6.056166	0.126433	5.667480
97	4	33	4.422652	2.877500	0.377933	-0.388452	3.224353	-8.296912	1.901275	6.707808	0.025989	-2.394382	5.505783	10.161979	6.233739	-3.878112	-8.829706	-10.033560	-14.542492	-20.883554	-20.331531	-4.497724	-6.694424	6.015306	-11.172368
97	4	5	3.895642	3.197614	6.743515	4.518916	0.913763	8.266465	7.085384	6.707808	5.149796	3.613136	2.588963	-12.027398	-8.904898	6.065478	0.472204	1.376322	6.127792	0.898118	4.247450	7.305363	6.056166	0.126434	5.667480
97	4	10	4.641918	2.698910	6.874044	5.301020	5.891284	-8.296912	8.115319	6.707808	0.025989	-2.394382	5.505783	10.161979	6.233739	-3.878112	-8.829706	-10.033560	-14.542492	-20.883554	-20.331531	-4.497724	-6.694424	6.015306	-11.172368
98	3	48	7.512213	2.651316	7.262091	6.603279	3.058051	7.137537	5.655520	4.712472	5.857732	5.877731	-0.577223	-18.497382	-20.144526	8.516267	6.406848	8.459265	9.361228	10.042133	9.495775	6.871115	5.938465	0.674666	6.955871
98	3	42	7.909108	2.410981	7.275109	6.785789	6.428017	-6.566159	5.655811	4.712472	-0.228266	-0.574751	6.484781	-2.872460	-11.028534	3.631039	2.692411	3.366804	-3.652167	-1.332367	-0.155614	0.907485	5.930452	0.682624	-2.449136
98	3	10	7.909108	2.410981	7.275109	6.785789	6.428017	-7.973433	5.655811	4.712472	-0.230836	-0.574767	6.490867	5.336772	-5.566822	3.624565	-3.623828	-1.330582	-9.717022	-10.741498	-9.553983	-5.170539	-6.362642	5.024546	-4.592524
99	2	56	-0.318749	7.484423	0.538801	-6.435537	-7.540994	2.270407	-5.812107	5.430165	2.143950	6.858581	-2.610409	-19.423278	-13.457976	2.392960	8.498481	8.044393	9.482381	8.206272	10.776060	7.055963	4.698716	2.933882	6.920461
99	2	44	0.609889	7.456734	0.538801	-6.435396	-4.362651	-7.819218	-5.812067	5.430165	-3.647065	3.180647	6.315944	8.610397	3.151361	-7.124548	-3.597098	-3.218937	-7.483800	-13.941667	-21.012908	-3.591201	-5.370531	6.622485	-3.785781
100	4	59	6.213118	3.969738	1.974347	-1.885331	-0.863926	6.425026	-1.677234	4.343873	5.894067	8.897041	-3.560180	-18.634779	-12.668015	7.594909	8.727387	6.222652	9.005654	11.503741	9.794499	4.532315	6.498172	2.027685	6.060107
100	4	6	8.035745	3.969309	5.591433	3.182328	6.268612	-6.927265	3.820105	4.343873	-0.543479	7.641640	2.048083	10.431454	5.683719	-1.076171	-1.416544	-4.943887	-7.230315	-16.181451	-13.224767	-6.017113	-2.339284	6.115719	-5.737966
100	4	24	7.404610	3.969336	5.590929	3.181174	1.474698	6.425026	3.779916	4.343873	5.894067	8.897041	-3.560180	-18.634779	-12.668015	7.594909	8.727387	6.222652	9.005654	11.503741	9.794499	4.532315	6.498172	2.027685	6.060107
100	4	11	7.919059	3.969312	1.995334	-1.857439	3.946796	-6.927265	-1.504869	4.343873	-0.543479	7.641640	2.048083	10.431454	5.683719	-1.076171	-1.416544	-4.943887	-7.230315	-16.181451	-13.224767	-6.017113	-2.339284	6.115719	-5.737966
