1	2	91	8.270488	7.413130	6.887309	1.314240	0.566917	1.008872	7.019433	6.204578	5.525986	-2.468230	-0.324673	6.602224	0.904067	4.031235	6.890874	0.680116	-6.664042	-11.019636	8.802466	9.238119	6.613813
1	2	9	8.270488	7.413130	6.887309	1.314240	0.566917	1.008872	7.019433	6.204578	5.525986	-2.468230	-0.324673	6.602224	0.904067	4.031235	-0.569991	7.064348	4.744360	3.748405	-4.668779	3.414400	4.614541
2	3	72	9.855837	7.887961	7.234834	0.515967	2.893228	1.372456	6.701176	7.538048	5.408836	-3.028695	0.880730	4.192120	8.506430	8.663422	-8.351881	6.415019	6.226672	8.235223	-18.755821	-8.198383	-10.327159
2	3	9	9.855837	7.887961	7.234834	0.515967	2.893228	1.372456	6.701176	7.538048	5.408836	-3.028695	0.880730	4.192120	8.506430	8.663422	7.426580	-0.168389	-5.198581	-1.195579	7.301095	3.748994	5.356308
2	3	19	-8.563132	1.869894	2.431968	5.339339	8.235892	5.014492	2.135766	1.064300	-9.134508	4.005537	4.281226	-0.219164	8.506756	7.367295	-8.351881	6.415019	6.226672	8.235223	-22.070867	-12.279205	-15.214567
3	3	78	1.695746	0.187290	3.785087	4.651082	3.823630	5.747189	3.428237	5.208214	3.491267	2.802512	1.280500	1.536954	4.700741	3.298087	-8.036291	6.783017	5.909334	7.218970	-14.774042	-5.044914	-10.806173
3	3	7	1.695746	0.187290	3.785087	4.651082	3.823630	5.747189	3.428237	5.208214	3.491267	2.802512	1.280500	1.536954	4.700741	3.298087	-2.904981	6.781868	5.899872	7.217792	-7.198531	1.321374	0.959343
3	3	15	1.695746	0.187290	3.785087	4.651082	3.823630	5.747189	3.428237	5.208214	3.491267	2.802512	1.280500	1.536954	4.700741	3.298087	7.390038	0.514213	-6.300211	-5.561464	10.874994	5.520461	3.602146
4	2	80	-10.034399	-0.867490	0.110487	7.075989	4.209071	8.006054	-0.176983	1.328479	-4.476964	4.116536	6.201062	2.098986	7.442019	5.443149	-8.591397	6.824138	5.248285	6.851094	-20.547078	-9.976533	-15.330645
4	2	20	-10.034399	-0.867490	0.110487	7.075989	4.209071	8.006054	-0.176983	1.328479	-4.476964	4.116536	6.201062	2.098986	7.442019	5.443149	5.624921	0.963036	-2.181564	-7.854427	4.273433	2.331484	1.364954
5	3	92	-11.472521	-0.027585	0.183566	8.229236	6.437366	7.823396	-1.586913	0.433276	-10.657893	7.471975	8.742865	2.083408	6.639824	2.536662	-12.500496	4.795432	4.774675	6.633553	-18.768196	-10.864701	-15.565102
5	3	4	9.610120	6.157547	6.586516	2.109458	0.875114	3.597801	4.241628	6.503822	6.302287	1.450117	2.795457	7.721065	4.549116	7.839664	4.298651	2.931343	-2.749816	-3.106056	10.247997	6.239399	7.166159
5	3	4	9.610120	6.157547	6.586516	2.109458	0.875114	3.597801	4.241628	6.503822	6.302287	1.450117	2.795457	7.721065	4.549116	7.839664	-12.500487	4.795432	4.774675	6.628494	-12.120014	-6.280803	-9.172249
6	2	48	8.994990	6.344511	6.164290	3.517799	-4.232560	0.449592	3.580850	6.524653	6.372831	1.025173	1.568391	6.928437	0.240037	6.396327	-7.327883	7.578563	5.975174	8.747208	-18.380244	-5.012506	-10.404987
6	2	52	8.994990	6.344511	6.164290	3.517799	-4.232560	0.449592	3.580850	6.524653	6.372831	1.025173	1.568391	6.928437	0.240037	6.396327	7.301080	1.566582	-0.953283	-9.296143	9.804795	6.290779	6.116990
7	2	77	11.098725	7.907270	4.582108	-2.128437	-0.976109	1.135665	4.194291	5.967089	0.665492	-4.028163	-0.900361	7.223755	-0.827076	5.634798	6.975844	0.439933	-5.399164	-5.818808	11.128736	6.224774	8.277740
7	2	23	11.098725	7.907270	4.582108	-2.128437	-0.976109	1.135665	4.194291	5.967089	0.665492	-4.028163	-0.900361	7.223755	-0.827076	5.634798	-8.548883	6.494967	5.895139	5.507227	-9.413101	-2.831185	-10.019219
8	1	100	-10.951796	-0.487274	0.975831	7.303954	6.022989	8.110854	2.460099	2.400301	-3.512717	6.407731	4.964962	6.698972	2.762985	3.582881	-10.242964	5.968152	8.170481	6.316533	-14.566482	-9.600185	-7.808707
9	4	37	5.336180	4.574585	6.406270	-0.496967	6.555513	6.589793	8.246721	6.035850	2.069069	-3.570026	3.853235	6.306773	3.312133	7.666745	6.811759	3.318914	-5.253235	-9.773391	11.150954	7.013025	5.854494
9	4	12	5.336179	4.574585	6.406270	-0.496967	6.555513	6.589793	8.246721	6.035850	2.069068	-3.570026	3.853235	6.306773	3.312133	7.666745	-5.795315	4.997225	6.433822	7.762340	-5.201970	-1.486539	-6.940286
9	4	27	-11.136605	1.625421	0.759346	4.783061	7.402940	6.821020	3.028040	0.887168	-2.753670	5.915415	6.117191	-0.297554	7.142665	7.101563	6.810747	3.318914	-5.132661	-9.696680	5.545789	2.864286	0.655071
9	4	24	-11.136605	1.625421	0.759346	4.783061	7.402940	6.821020	3.028040	0.887168	-2.753670	5.915415	6.117191	-0.297554	7.142665	7.101563	-6.402019	4.997225	6.434232	7.762764	-14.448751	-5.549002	-12.648115
10	5	27	9.085411	7.293243	7.620717	3.651255	0.713184	2.134740	6.503190	4.969266	7.874557	-0.738481	0.718184	8.142699	0.841058	3.607431	-6.441697	6.995043	3.808082	7.255323	-15.899560	-3.864251	-10.469219
10	5	39	9.085411	7.293243	7.620717	3.651255	0.713184	2.134740	6.503190	4.969266	7.874557	-0.738481	0.718184	8.142699	0.841058	3.607431	7.308723	1.345820	-6.947425	-11.480741	10.498450	3.436114	7.220359
10	5	19	-3.348896	1.529070	4.816440	7.825029	1.895772	2.139368	2.577279	-1.281360	2.147441	4.602928	2.868881	4.982647	4.730425	0.586865	-6.441697	6.995043	3.808106	7.255323	-22.337512	-3.864551	-15.992175
10	5	14	9.085411	7.293243	7.620717	3.651255	0.713184	2.134740	6.503190	4.969266	7.874557	-0.738481	0.718184	8.142699	0.841058	3.607431	2.665328	4.154950	-5.459243	-9.299263	3.314088	0.628217	-2.566952
10	5	1	-3.348896	1.529070	4.816440	7.825029	1.895772	2.139368	2.577279	-1.281360	2.147441	4.602928	2.868881	4.982647	4.730425	0.586865	7.302890	1.347483	-5.620687	-10.449836	3.495993	3.419474	1.659540
11	2	31	9.583932	6.650014	7.310534	-1.531535	-1.053310	2.461335	8.597960	7.434808	1.412733	-1.823926	0.987886	5.349516	4.718818	5.004048	-9.280490	9.398536	6.014608	6.656722	-10.148088	-5.483081	-10.511248
11	2	69	9.583932	6.650014	7.310534	-1.531535	-1.053310	2.461335	8.597960	7.434808	1.412733	-1.823926	0.987886	5.349516	4.718818	5.004048	8.525075	4.084442	-4.436514	-10.965064	10.980556	6.869684	7.001118
12	1	100	-7.728085	1.909692	2.343361	7.576128	2.966750	5.108995	0.975958	-3.193351	-5.802026	5.831859	6.525193	0.092336	7.073454	2.020576	-9.508620	7.539303	6.238249	6.521806	-22.556776	-7.277331	-16.860967
13	3	16	8.270892	8.227086	4.278522	4.235632	-0.144905	3.285372	6.603856	6.045105	-4.379715	1.213485	0.531149	6.320055	4.771220	3.834554	6.655323	3.258000	-4.441378	-6.887443	7.480273	3.810899	5.179269
13	3	61	8.270892	8.227086	4.278522	4.235632	-0.144905	3.285372	6.603856	6.045105	-4.379715	1.213485	0.531149	6.320055	4.771220	3.834554	-9.650397	8.223286	6.385315	6.447680	-15.347515	-8.592449	-9.540521
13	3	23	-2.828034	3.121533	0.238486	7.883491	0.065393	3.285423	0.431267	1.818232	-7.265379	6.985069	2.970236	0.667419	7.024281	-1.766413	-9.901888	8.223286	6.385628	6.447821	-21.328694	-12.410131	-12.342172
14	4	31	-4.474265	-0.890226	-0.730368	8.178056	3.002338	2.024761	2.133627	3.251056	-10.222538	5.733125	6.162162	4.780578	4.408516	0.616173	2.864116	3.861231	0.614418	0.323197	-7.180730	-1.312424	-6.136513
14	4	31	-4.474265	-0.890226	-0.730368	8.178056	3.002338	2.024761	2.133627	3.251055	-10.222538	5.733125	6.162162	4.780578	4.408516	0.616173	6.544662	2.010548	-7.349201	-4.440350	3.819097	3.941434	2.193700
14	4	30	5.302976	5.514042	4.658400	2.613541	-0.316573	2.024725	7.032643	7.716714	-1.633463	-5.425189	0.897744	7.892009	1.243889	6.465407	6.545159	2.010425	-8.850699	-4.441978	10.428640	7.550471	8.438133
14	4	8	-4.474265	-0.890226	-0.730368	8.178056	3.002338	2.024761	2.133627	3.251055	-10.222538	5.733125	6.162162	4.780578	4.408516	0.616173	6.222335	2.097204	-6.712718	-4.426221	3.013576	0.492340	-0.986962
15	6	6	-2.360858	-0.026988	-0.470588	4.470949	1.089143	2.181386	3.107537	5.247330	0.544392	5.290924	0.644463	1.821832	7.546368	0.233258	6.844734	1.701221	0.237228	-0.375030	-1.859113	2.725444	1.939364
15	6	31	8.398087	6.265147	5.845536	1.313230	1.088515	2.180599	6.389953	6.735310	4.398549	-3.312312	-1.893795	5.799722	3.451908	0.651873	6.847661	1.701221	-2.848325	-6.964835	8.979420	7.273847	8.389454
15	6	2	-2.360858	-0.026988	-0.470588	4.470949	1.089143	2.181386	3.107537	5.247330	0.544392	5.290924	0.644463	1.821832	7.546368	0.233258	6.845869	1.701221	-2.440193	-6.487430	4.208221	2.760435	1.940027
15	6	28	8.398087	6.265147	5.845536	1.313230	1.088515	2.180599	6.389953	6.735310	4.398549	-3.312312	-1.893795	5.799722	3.451908	0.651873	-10.380687	6.243639	6.501294	7.291970	-17.241449	-3.807113	-9.183031
15	6	18	-2.360858	-0.026988	-0.470588	4.470949	1.089143	2.181386	3.107537	5.247330	0.544392	5.290924	0.644463	1.821832	7.546368	0.233258	-10.380687	6.243639	6.501308	7.291979	-21.689043	-8.280684	-15.666965
15	6	15	8.398087	6.265147	5.845536	1.313230	1.088515	2.180599	6.389953	6.735310	4.398549	-3.312312	-1.893795	5.799722	3.451908	0.651873	-4.191428	6.243639	6.499416	7.290679	-10.214820	1.081959	2.855624
16	2	41	9.399183	5.384742	6.375297	1.594717	0.690782	1.568027	6.721546	6.457682	4.743033	-6.389115	-1.509347	4.753301	6.953732	6.798627	8.275920	1.776670	-0.256994	-10.764039	9.068423	4.238725	6.682641
16	2	59	9.399183	5.384742	6.375297	1.594717	0.690782	1.568027	6.721546	6.457682	4.743033	-6.389115	-1.509347	4.753301	6.953732	6.798627	-4.593426	6.828647	6.093121	5.970507	-11.430883	-6.048047	-8.703484
17	3	76	9.538247	7.940541	4.516651	3.781056	3.631411	1.815751	5.651861	4.699581	3.768289	3.832099	3.500064	5.512921	4.431651	4.323579	4.374269	0.968257	-8.380809	-11.010920	11.487837	8.533174	7.415205
17	3	16	9.538247	7.940541	4.516651	3.781056	3.631411	1.815751	5.651861	4.699581	3.768289	3.832099	3.500064	5.512921	4.431651	4.323579	-11.707505	6.600315	3.714581	5.486107	-15.468117	-4.012851	-7.966624
17	3	8	9.538247	7.940541	4.516651	3.781056	3.631411	1.815751	5.651861	4.699581	3.768289	3.832099	3.500064	5.512921	4.431651	4.323579	-5.089333	6.600315	3.690196	5.485598	-5.256162	2.328846	1.165540
18	4	53	10.090412	6.918064	6.571168	2.525534	3.473826	1.031969	8.952657	6.933386	6.792980	-0.162444	6.140772	7.671291	3.313769	4.925042	7.029834	0.993876	-6.537746	-12.323467	9.831094	7.301899	6.279561
18	4	21	10.090412	6.918064	6.571168	2.525535	3.473826	1.031969	8.952657	6.933386	6.792980	-0.162444	6.140772	7.671291	3.313769	4.925042	-9.509004	7.198024	6.058604	4.106141	-12.675925	-5.739407	-9.019378
18	4	19	-5.579814	0.674586	0.257662	8.569298	3.473826	1.031970	3.372426	1.135709	1.599708	6.991798	7.301709	4.002872	6.411292	4.678457	-9.510218	7.198024	6.058604	4.106982	-18.543127	-10.914809	-13.433420
18	4	7	-5.579814	0.674586	0.257662	8.569298	3.473826	1.031970	3.372426	1.135709	1.599708	6.991798	7.301709	4.002872	6.411292	4.678457	7.004089	0.993876	-6.475960	-11.247321	2.235216	2.126060	1.065812
19	6	53	-8.993458	0.630827	1.688947	5.099315	4.658034	5.576007	0.819748	-1.110487	-8.792921	7.390562	3.220178	-0.282151	7.277512	4.904106	-7.586042	4.714145	6.905968	7.734482	-19.972047	-10.441165	-7.985968
19	6	34	-8.993458	0.630827	1.688947	5.099315	4.658034	5.576007	0.819748	-1.110487	-8.792921	7.390562	3.220178	-0.282151	7.277512	4.904106	7.303499	-1.438455	-3.020400	-5.551405	0.883605	1.094321	1.144471
19	6	6	3.554681	4.538745	4.683604	4.531386	1.639539	4.059071	6.960892	4.994059	-2.911556	3.210886	1.929692	5.578455	6.229239	5.644627	-7.585848	4.714145	6.905968	7.734482	-13.577552	-4.617753	-5.392503
19	6	1	8.883590	4.618311	4.736374	2.122269	1.503765	4.013934	7.045977	5.022565	0.200563	-0.438414	0.034977	5.583515	6.221466	5.817847	-7.585800	4.714145	6.905968	7.734482	-13.357800	-4.600647	-5.288177
19	6	1	3.554681	4.538745	4.683604	4.531386	1.639539	4.059071	6.960892	4.994059	-2.911556	3.210886	1.929692	5.578455	6.229239	5.644627	7.541751	-1.438455	-4.599963	-5.674035	7.155349	6.917775	5.762983
19	6	5	8.883590	4.618311	4.736374	2.122269	1.503765	4.013934	7.045977	5.022565	0.200563	-0.438414	0.034977	5.583515	6.221466	5.817847	7.541755	-1.438455	-4.599964	-5.674034	7.352747	6.934878	5.867281
20	2	52	7.162470	7.345260	4.321702	-0.708263	1.048118	0.065847	5.628202	7.409533	5.823126	-2.696401	1.032829	5.146866	2.145836	7.374988	-6.509796	5.212431	4.361219	5.590397	-10.556727	-3.779309	-10.149190
20	2	48	7.162470	7.345260	4.321702	-0.708263	1.048118	0.065847	5.628202	7.409533	5.823126	-2.696401	1.032829	5.146866	2.145836	7.374988	6.284395	-0.888575	-7.928992	-8.461918	7.970141	6.476666	4.610954
21	4	38	3.376513	6.572949	7.885830	3.128943	5.704584	5.847464	6.972240	8.900921	3.717857	-7.724767	6.862373	3.588168	5.051927	5.996836	6.736137	-0.223343	-3.474253	-9.971864	9.924376	6.759047	7.459281
21	4	26	-10.585189	0.326346	2.765773	6.645884	5.893804	6.326124	1.964388	3.060324	-7.265315	3.282775	7.726843	-2.791035	7.375237	-0.071720	-8.255359	6.416370	7.764147	6.943382	-17.944017	-9.652519	-7.606077
21	4	29	3.376513	6.572949	7.885830	3.128943	5.704584	5.847464	6.972240	8.900921	3.717857	-7.724767	6.862373	3.588168	5.051927	5.996836	-8.255359	6.416370	7.764147	6.943382	-14.184497	-5.368163	-5.174817
21	4	7	-10.585189	0.326346	2.765773	6.645884	5.893804	6.326124	1.964388	3.060324	-7.265259	3.282775	7.726843	-2.791035	7.375237	-0.071720	6.736137	-0.223343	-3.464608	-9.971562	6.563091	2.481191	4.637278
22	1	100	1.604860	5.559122	0.119140	4.030403	5.285212	6.111736	4.753079	8.833300	-6.177693	0.719315	5.540457	7.280223	0.103631	6.010057	-3.549220	6.843983	2.724587	7.113569	-15.776066	-7.314766	-19.140851
23	4	28	7.239774	6.769186	5.527574	0.222398	6.316885	3.064687	7.830050	5.957243	1.202420	1.091655	5.356964	7.120281	2.284902	5.769799	-9.411705	7.203742	6.713825	6.583252	-17.383144	-9.233734	-10.244374
23	4	61	-4.635160	0.969518	0.274807	4.858536	6.357772	3.083062	1.255830	0.106178	-4.175147	8.319844	5.386290	1.015359	8.028622	5.196314	-9.411705	7.203742	6.713825	6.583252	-19.218741	-13.852642	-12.706807
23	4	6	7.239774	6.769186	5.527574	0.222398	6.316885	3.064687	7.830050	5.957243	1.202420	1.091655	5.356964	7.120281	2.284902	5.769799	3.413266	3.926970	-1.122711	-6.152819	10.720315	3.275905	8.174704
23	4	5	-4.635278	0.969517	0.274807	4.858536	6.357772	3.083062	1.255830	0.106178	-4.175142	8.319844	5.386290	1.015357	8.028622	5.196314	3.336394	4.088626	-0.473490	-5.575228	2.913442	-7.096769	-0.861984
24	2	22	7.484373	6.264938	6.577235	6.691196	5.689922	5.288650	7.684460	5.149194	-0.717966	2.547457	8.440403	5.142864	3.076459	3.147772	-9.241294	6.172959	7.816611	7.179825	-8.246107	-4.223655	-10.702544
24	2	78	7.484373	6.264938	6.577235	6.691196	5.689922	5.288650	7.684460	5.149194	-0.717966	2.547457	8.440403	5.142864	3.076459	3.147771	8.789316	0.165951	-3.204440	-9.546340	10.346600	8.441082	6.939403
25	5	25	4.708593	4.933914	5.299073	6.399358	5.417180	5.017157	5.372641	5.429520	-0.313707	4.793121	4.182477	7.833073	5.170036	2.940003	5.218707	2.116022	-4.203971	-8.553514	9.617326	6.373316	6.894581
25	5	33	4.708593	4.933914	5.299073	6.399358	5.417180	5.017157	5.372641	5.429520	-0.313707	4.793121	4.182477	7.833073	5.170036	2.940003	-10.464711	6.731913	6.897855	6.541480	-16.195029	-0.434559	-10.076540
25	5	16	4.708593	4.933914	5.299073	6.399358	5.417180	5.017157	5.372641	5.429520	-0.313707	4.793121	4.182477	7.833073	5.170036	2.940003	-5.861311	6.731913	6.861229	6.539166	-5.870987	4.736926	2.756792
25	5	25	-6.929340	1.237074	-0.438672	6.540524	5.417182	5.017165	0.759718	1.344823	-4.229880	6.755932	4.182490	3.318981	9.117853	2.914889	-10.464711	6.731913	6.897884	6.541481	-22.561255	-2.081427	-16.318759
25	5	1	4.708593	4.933914	5.299073	6.399358	5.417180	5.017157	5.372641	5.429520	-0.313707	4.793121	4.182477	7.833073	5.170035	2.940003	1.064919	3.810248	1.554691	-1.452002	1.560585	1.201163	-3.547771
26	3	28	8.095544	6.448497	7.744248	2.056034	1.904218	1.100154	5.143331	6.788505	5.579189	-6.493691	1.116790	6.568619	-0.819664	7.217389	-9.839460	5.289716	7.514373	6.039149	-13.327270	-1.197724	-4.943093
26	3	50	-19.258225	0.129725	2.904220	8.381277	6.918862	4.392588	0.137636	0.369186	-9.684766	4.489335	6.998601	1.742989	5.784574	0.916952	-9.873346	5.289750	7.514373	6.039149	-19.917634	-6.344226	-16.114973
26	3	22	8.095544	6.448497	7.744248	2.056034	1.904218	1.100154	5.143331	6.788505	5.579189	-6.493691	1.116790	6.568619	-0.819664	7.217389	8.243067	0.560810	3.267396	-6.206727	10.451736	4.380331	5.848585
27	3	52	4.962639	4.012945	6.847111	1.804865	-0.624525	2.362320	5.382179	6.722040	6.583734	-1.217870	1.368645	6.509110	2.792904	7.300629	7.500979	4.003702	-7.573860	-8.276383	8.053171	6.296892	6.209315
27	3	47	4.962639	4.012945	6.847111	1.804865	-0.624525	2.362320	5.382179	6.722040	6.583734	-1.217870	1.368645	6.509110	2.792904	7.300629	-8.667771	7.838608	4.250463	7.436527	-15.853815	-4.690250	-8.476252
27	3	1	4.962639	4.012945	6.847111	1.804865	-0.624525	2.362320	5.382179	6.722040	6.583734	-1.217870	1.368645	6.509110	2.792904	7.300629	-3.597484	7.838608	4.246372	7.436074	-8.905689	0.006413	0.874268
28	2	79	-11.163911	1.435347	2.448653	7.341119	7.173093	7.206289	3.032878	0.642762	-11.435239	5.825213	9.214062	0.908191	6.671791	4.267213	-7.436179	7.393627	6.678252	6.898646	-19.340384	-6.214718	-12.786480
28	2	21	-11.163911	1.435347	2.448653	7.341119	7.173093	7.206289	3.032878	0.642762	-11.435239	5.825213	9.214062	0.908191	6.671791	4.267213	6.870238	1.804812	-2.175658	-4.992657	3.895231	6.141229	1.996549
29	4	12	-5.270959	-0.100959	1.909689	6.558076	6.634235	5.725005	0.519090	3.359227	-3.677812	6.221211	6.745508	0.142679	6.235609	2.902493	-9.238146	8.267830	6.664979	7.979031	-15.733136	-9.550199	-16.034315
29	4	38	9.260558	5.889749	7.620429	1.854848	3.808214	2.226957	5.805073	6.632144	7.408961	-3.697570	1.642803	5.438127	5.912773	7.419622	-9.238315	8.267830	6.664979	7.977510	-9.017280	-3.641026	-12.119382
29	4	49	9.260558	5.889749	7.620429	1.854848	3.808214	2.226957	5.805073	6.632144	7.408961	-3.697570	1.642803	5.438127	5.912773	7.419622	9.155075	2.870071	-4.628511	-8.188721	10.115649	7.952627	6.645864
29	4	1	-5.270959	-0.100959	1.909689	6.558076	6.634235	5.725005	0.519090	3.359227	-3.677812	6.221211	6.745508	0.142679	6.235609	2.902493	9.154003	2.870071	-4.624368	-5.341922	3.556897	2.042271	2.680065
30	2	42	-13.664184	0.795969	-0.461559	8.379334	5.987878	6.399532	2.203479	-2.150127	-13.741342	6.887063	7.171195	5.367307	7.627011	0.157118	-10.521893	8.427264	2.960598	6.262639	-21.529076	-7.158817	-14.734394
30	2	58	-13.664184	0.795969	-0.461559	8.379334	5.987878	6.399532	2.203479	-2.150127	-13.741342	6.887063	7.171195	5.367307	7.627011	0.157118	5.914967	3.414135	-5.371021	-4.474227	0.615899	3.778648	1.889166
31	3	88	-13.975060	4.880626	1.492048	6.827842	7.096240	8.061911	0.548379	-0.347200	-12.351686	7.265179	7.005193	-3.012895	6.723137	4.483107	-10.249468	5.659601	5.384697	4.818084	-19.336957	-13.089695	-16.121974
31	3	8	3.423757	6.521232	5.864947	1.888954	1.113669	6.866749	6.325721	4.649802	1.106537	-0.962283	3.088116	3.453713	6.722582	7.364452	6.633185	0.820045	-5.345019	-7.625214	7.312126	5.919912	7.454634
31	3	4	3.423757	6.521232	5.864947	1.888954	1.113669	6.866749	6.325721	4.649802	1.106537	-0.962283	3.088116	3.453713	6.722582	7.364452	-10.219106	5.659601	5.384513	4.818084	-12.763987	-6.608639	-11.130564
32	4	20	-5.122090	-5.088159	3.106329	6.598622	4.041214	6.277878	1.654004	2.310146	-0.097489	3.859352	3.453830	2.363235	8.237147	-1.368169	-9.521398	6.106978	4.378280	6.351194	-23.198705	-11.079406	-8.544357
32	4	24	2.525055	0.460649	3.231287	3.595503	0.846444	2.540559	5.163895	5.850581	3.764491	-3.545002	-0.372040	5.966440	7.004783	3.441964	-5.717114	6.101604	4.378280	6.351191	-19.890779	-4.026542	-3.244585
32	4	37	2.525055	0.460649	3.231287	3.595503	0.846444	2.540559	5.163895	5.850581	3.764491	-3.545002	-0.372040	5.966440	7.004783	3.441964	5.508084	2.822329	-3.723184	-6.128602	9.072110	4.691878	7.089750
32	4	19	-5.122090	-5.088159	3.106329	6.598622	4.041214	6.277878	1.654004	2.310146	-0.097489	3.859352	3.453830	2.363235	8.237147	-1.368169	4.588370	3.563437	1.215156	0.439742	-12.578736	-2.608485	-2.174784
33	3	43	9.698257	7.269638	7.594351	1.062483	1.493760	1.389457	5.605349	7.605527	8.103524	-3.964063	-0.180286	7.794157	6.074801	2.887707	-10.292060	4.571126	4.959781	6.548401	-14.698241	-6.216952	-8.278705
33	3	56	9.698257	7.269638	7.594351	1.062483	1.493760	1.389457	5.605349	7.605527	8.103524	-3.964063	-0.180286	7.794157	6.074801	2.887707	5.039438	-1.936707	-4.327523	-7.373961	9.761077	4.599098	6.918924
33	3	1	-4.192379	2.076181	1.668429	7.187838	6.043897	6.854048	2.814370	4.737899	-3.777594	4.817930	5.162943	2.882828	8.567971	0.183541	-10.292206	4.571126	4.959844	6.548402	-21.289087	-10.593797	-12.700285
34	1	100	-14.896300	1.165878	0.034254	9.001838	6.958931	8.608248	-1.834589	0.509274	-11.235095	7.538608	7.048350	0.111790	6.268236	1.134029	-9.898133	9.139182	7.873956	7.797915	-24.115007	-9.419774	-16.234914
35	3	71	12.729241	6.390467	7.371315	2.835481	2.078264	3.640574	7.292318	6.277444	3.444249	-0.598969	2.556691	4.839634	3.886643	1.438800	-10.348828	5.645916	6.788179	7.832162	-12.411384	-7.558789	-11.730182
35	3	17	-4.807943	1.312296	1.150227	6.427853	7.025030	6.856863	5.097088	0.943597	-15.741072	5.427334	6.288993	0.630819	4.554359	1.306883	-10.352555	5.645916	6.788179	7.832162	-16.345840	-13.951031	-16.955949
35	3	12	12.729241	6.390467	7.371315	2.835481	2.078264	3.640574	7.292318	6.277444	3.444249	-0.598969	2.556691	4.839634	3.886643	1.438800	4.535615	1.455265	-4.052016	-9.560615	6.204438	2.217295	5.805635
36	2	56	7.572636	9.022999	6.048137	-4.446161	5.080037	2.138953	6.268849	5.721160	5.630485	-2.208438	1.787826	6.704832	4.962206	5.094499	7.190584	3.370640	-2.149252	-7.464692	11.969099	6.851660	7.870232
36	2	44	7.572636	9.022999	6.048137	-4.446161	5.080037	2.138953	6.268849	5.721160	5.630485	-2.208438	1.787826	6.704832	4.962206	5.094499	-9.225735	8.612146	8.065437	8.242818	-11.756978	-3.491504	-7.334962
37	3	48	9.505119	6.328004	7.150099	2.537959	-2.618966	2.117092	6.827218	4.313527	8.634319	-1.373149	1.166331	6.812605	2.885483	6.528388	7.014386	0.136544	-4.031659	-11.658684	6.810594	4.191188	7.243324
37	3	30	-7.794568	0.073758	6.488254	7.936162	3.445652	2.142962	2.156341	-1.425403	2.157729	5.300537	7.363851	0.684563	7.041795	4.319672	-2.509273	2.450448	7.395910	5.865349	-24.054491	-11.105886	-9.172693
37	3	22	9.505119	6.328004	7.150099	2.537959	-2.618966	2.117092	6.827218	4.313527	8.634319	-1.373149	1.166331	6.812605	2.885483	6.528388	-2.505115	2.450448	7.395863	5.865331	-17.674612	-5.126115	-3.012964
38	2	88	4.071652	9.541224	7.382864	1.026094	7.848637	5.730901	7.860536	7.137306	-1.097607	1.158400	4.959088	3.100670	6.803895	7.782706	-10.732482	4.277310	7.231657	6.872364	-13.237663	-9.687558	-10.686127
38	2	12	4.071652	9.541224	7.382864	1.026094	7.848637	5.730901	7.860536	7.137306	-1.097607	1.158400	4.959088	3.100670	6.803895	7.782706	7.603048	0.121088	-1.989689	-7.753292	10.016903	2.785515	8.153966
39	1	100	-21.944747	-2.360527	-0.821196	5.985291	8.277493	8.623792	1.313584	1.531732	-15.939837	5.985443	5.716221	3.831106	2.778655	4.359301	-10.752530	6.748757	9.549851	6.262897	-19.092520	-2.446596	-15.750645
40	1	100	-6.037311	3.040402	4.190497	4.213020	7.223677	4.896636	0.638589	4.095966	-3.755546	4.686679	3.603197	-1.519344	7.946998	7.656867	-10.275298	7.659054	7.405691	6.945519	-19.262321	-5.433079	-15.680465
41	1	100	10.795086	7.739587	5.441674	1.200610	1.990041	-0.492816	6.215343	5.996506	0.899325	-0.014822	1.273468	7.522600	0.075620	5.300547	-9.641164	7.621405	6.079224	6.989746	-12.917606	-2.078956	-13.427388
42	3	21	-7.596040	0.474765	4.515416	7.028890	5.287119	6.060100	7.682901	4.363256	-4.757448	7.137043	6.064882	1.389117	4.799805	0.799755	-8.151207	5.109949	7.821664	6.750082	-19.474956	-5.296918	-10.936883
42	3	41	10.487738	6.526990	7.642965	0.491865	1.370805	1.074310	9.083666	7.453145	4.634054	-3.757703	0.761010	7.150034	-0.339666	2.849187	-8.152040	5.109949	7.821664	6.749313	-13.424611	-2.818715	-5.393430
42	3	38	10.487738	6.526990	7.642965	0.491865	1.370805	1.074310	9.083666	7.453145	4.634054	-3.757703	0.761010	7.150034	-0.339666	2.849187	7.437401	-1.328466	1.878600	-8.135305	10.476870	7.623726	3.769200
43	4	49	11.151325	6.473578	5.973004	3.800741	4.409037	2.910631	7.170083	8.174674	7.515313	0.555566	4.156807	7.413772	3.368609	7.043304	6.804777	3.992558	-3.772191	-10.614882	9.162633	6.036076	7.323158
43	4	47	11.151325	6.473578	5.973004	3.800741	4.409037	2.910631	7.170083	8.174674	7.515313	0.555566	4.156807	7.413772	3.368609	7.043304	-5.672688	9.179925	7.568799	6.367179	-15.011015	-5.916926	-7.655547
43	4	1	-0.369976	3.250140	0.123369	6.934922	4.635622	3.436280	0.877043	8.174357	0.929159	4.350394	6.295298	2.278915	8.054979	4.282018	6.804776	3.992558	-3.668877	-10.614645	6.920895	5.800796	5.554775
43	4	3	-0.369976	3.250140	0.123369	6.934922	4.635622	3.436280	0.877043	8.174357	0.929159	4.350394	6.295298	2.278915	8.054979	4.282018	-5.672688	9.179925	7.568932	6.367179	-17.239596	-6.152242	-9.423676
44	4	70	3.976847	7.706310	3.118805	-0.422986	3.066550	-1.015322	7.465515	3.438422	1.569323	-6.016650	3.432618	8.951795	-0.437809	6.976939	-7.668942	6.887735	8.407387	7.684307	-20.895963	-5.401119	-11.762117
44	4	15	-5.631777	3.372310	-1.009184	5.709468	5.314517	3.513361	3.632974	-2.281141	-2.277436	5.102326	7.415036	3.331231	5.700584	6.354474	-7.668942	6.887735	8.407387	7.684307	-25.292455	-11.938736	-16.710586
44	4	8	-1.776079	3.384333	-1.008703	-0.347003	3.066550	-1.015322	3.754189	3.259978	0.716582	-0.023002	3.432618	3.367224	5.700378	6.976939	-7.668942	6.887735	8.407387	7.684307	-24.975045	-11.165215	-14.990972
44	4	7	3.976847	7.706310	3.118805	-0.422986	3.066550	-1.015322	7.465515	3.438422	1.569323	-6.016650	3.432618	8.951795	-0.437809	6.976939	6.668825	0.792078	-1.982926	-5.020634	7.377036	5.993686	6.745024
45	3	92	-1.201563	3.423270	6.011452	6.872935	7.511340	7.711838	1.343790	-1.214395	-4.055875	6.903690	7.956743	6.285271	0.327298	3.046690	-4.234881	5.037786	9.506852	7.891408	-12.601911	-7.897208	-16.448842
45	3	6	5.220285	6.420226	6.824959	0.808012	1.672606	6.832406	6.552525	5.123862	0.847363	-0.187564	2.028642	7.023673	-0.531020	6.753919	8.665983	-1.375956	-1.510209	-8.192693	8.089554	6.865210	7.084352
45	3	2	5.220285	6.420226	6.824959	0.808012	1.672606	6.832406	6.552525	5.123862	0.847363	-0.187564	2.028642	7.023673	-0.531020	6.753919	-4.234881	5.037786	9.506852	7.874791	-7.556318	-4.614418	-9.951304
46	2	73	11.739864	6.215322	7.071020	-1.657503	0.026697	0.425085	7.661213	6.654953	6.849062	-5.967316	1.421231	5.839426	8.158869	7.495052	-8.770600	8.017156	7.617118	6.390037	-16.628309	-3.784237	-10.016966
46	2	27	11.739864	6.215322	7.071020	-1.657503	0.026697	0.425085	7.661213	6.654953	6.849062	-5.967316	1.421231	5.839426	8.158869	7.495052	7.487111	2.598261	-3.264765	-6.533965	9.941991	7.586615	7.082974
47	2	47	-12.425004	1.430973	-2.349450	5.771981	6.180768	5.774847	3.193498	-0.909402	-8.200859	6.155760	3.039019	-2.003075	7.334797	-0.477198	-5.503067	4.380599	4.523689	6.610958	-19.361488	-4.636708	-16.059287
47	2	53	-12.425004	1.430973	-2.349450	5.771981	6.180768	5.774847	3.193497	-0.909402	-8.200859	6.155760	3.039019	-2.003075	7.334797	-0.477198	6.728497	-1.502556	-7.236234	-9.200718	3.111674	1.604705	1.360250
48	3	3	4.310458	6.905512	5.200744	-1.443856	2.141521	1.627527	4.554735	7.218667	6.518631	-2.643580	-3.333370	6.837489	4.595180	6.067554	6.248659	4.980177	-3.953747	-9.184189	8.495064	4.698341	5.945816
48	3	78	-10.964736	0.606678	-0.666862	4.543197	2.141523	1.627527	-0.967505	1.917698	0.035952	6.471061	-1.850424	1.466821	6.910685	5.467785	-12.109670	6.644759	7.763599	7.124828	-26.803144	-13.090227	-18.081657
48	3	19	4.310458	6.905512	5.200744	-1.443856	2.141522	1.627527	4.554735	7.218667	6.518631	-2.643580	-3.333370	6.837489	4.595180	6.067554	-12.109670	6.644759	7.763599	7.124828	-20.293891	-6.666276	-11.206898
49	3	66	-12.024854	-0.508500	4.493758	6.908781	6.640447	8.637039	0.261777	0.428324	-6.776997	6.044424	3.367393	-2.108066	7.654238	4.113315	-5.128123	8.524001	6.988007	6.528532	-23.895139	-10.552406	-13.061304
49	3	24	9.631694	6.037556	5.702280	1.762177	3.914249	4.499922	6.730351	6.205804	6.281496	-2.998295	-0.344858	4.393477	7.651611	5.829097	-5.128123	8.524001	6.988007	6.528532	-15.983586	-3.961721	-6.848045
49	3	10	9.631694	6.037556	5.702280	1.762177	3.914249	4.499922	6.730351	6.205804	6.281496	-2.998295	-0.344858	4.393477	7.651611	5.829097	5.667869	2.557308	-4.198925	-7.903697	8.206511	5.920466	6.600641
50	4	13	-6.304271	2.210222	0.921293	5.289264	5.790150	7.385371	0.151633	2.375015	-9.697029	6.542011	4.766880	3.532064	7.577749	2.326761	9.004159	1.818075	1.054447	-2.879725	-6.697270	-0.784728	4.438418
50	4	81	9.925656	8.710565	5.469124	-0.103691	3.762585	3.734488	5.907894	8.046784	-1.270374	-5.190613	2.340599	8.291121	2.855548	6.167642	9.020983	1.818075	-5.260928	-14.787743	10.236103	4.750916	8.148569
50	4	4	9.925656	8.710564	5.469124	-0.103691	3.762585	3.734488	5.907894	8.046784	-1.270374	-5.190613	2.340599	8.291121	2.855548	6.167642	-8.738654	6.070691	6.985477	4.058967	-14.864137	-3.865359	-3.477299
50	4	2	-6.304271	2.210224	0.921293	5.289264	5.790150	7.385371	0.151633	2.375015	-9.697029	6.542011	4.766880	3.532064	7.577749	2.326761	-8.768309	6.070691	6.985477	4.058967	-20.801965	-9.285679	-5.386229
51	2	42	8.748403	7.340679	5.430052	0.579831	6.635107	6.001669	6.776938	6.377404	5.099351	-9.899253	3.265702	6.454267	5.688436	9.241335	6.607825	0.849017	-2.656257	-7.596128	6.467770	8.574633	5.578835
51	2	58	8.748403	7.340679	5.430052	0.579831	6.635107	6.001669	6.776938	6.377404	5.099351	-9.899253	3.265702	6.454267	5.688436	9.241335	-8.671815	6.592392	6.317595	5.157570	-17.312484	-3.807258	-11.595179
52	1	100	-5.385696	0.150711	0.558942	7.739007	-1.435994	2.304389	1.937094	2.735209	-2.471910	6.926802	2.625584	1.500701	5.514336	0.973276	-5.429230	8.044912	3.280029	6.335576	-20.870021	-12.791939	-15.989432
53	3	75	-11.684702	-0.083835	2.016084	5.301673	6.020209	5.793352	-2.052007	0.561640	-4.184774	5.217489	6.985868	1.096020	8.058211	2.837659	-12.045246	6.527148	5.702780	8.965855	-18.776317	-7.782083	-17.478755
53	3	24	2.808112	6.045356	4.919866	-0.957937	0.632965	1.406034	3.010881	5.305055	1.648543	-2.970869	1.429030	7.599747	2.587601	6.716012	-12.045246	6.527148	5.702780	8.965855	-12.473226	-5.965525	-11.060255
53	3	1	2.808112	6.045356	4.919866	-0.957937	0.632965	1.406034	3.010881	5.305055	1.648543	-2.970869	1.429032	7.599747	2.587601	6.716012	6.594254	2.548469	-3.898753	-4.250690	9.654570	6.616400	7.128145
54	3	80	10.752829	8.944040	7.628310	3.367061	0.891324	3.059177	3.855298	6.179810	4.392278	-4.456838	1.317395	7.030730	2.906073	8.922066	-8.890335	8.756656	6.048533	7.346275	-16.399379	-4.563131	-10.621147
54	3	11	10.752829	8.944040	7.628310	3.367061	0.891324	3.059177	3.855298	6.179810	4.392278	-4.456838	1.317395	7.030730	2.906073	8.922066	4.917013	3.719635	-3.547160	-9.182978	1.909965	5.145789	6.322213
54	3	9	-1.144483	7.185782	7.610218	6.125275	7.192707	7.003412	-0.041199	4.235124	-11.148638	4.176581	6.455074	3.894452	6.450688	4.069995	-8.890335	8.756656	6.048593	7.346275	-23.721583	-11.024917	-15.214331
55	1	100	-8.517570	0.870607	4.281512	6.929823	6.266332	6.831149	2.242182	4.666750	-9.460395	7.938911	5.810316	0.710693	9.125314	7.035196	-6.386232	3.440008	5.464785	6.464329	-18.592105	-5.577764	-17.559422
56	4	42	-7.379709	1.227019	-0.754239	7.122770	3.345216	0.656329	2.536338	0.670490	0.222574	6.740099	6.552534	3.345968	5.881883	-0.457168	4.235534	0.257445	-3.232318	-2.038966	-12.590753	-4.846408	-10.524929
56	4	49	7.275356	7.454917	5.715739	3.116935	3.345213	0.656329	8.078889	5.896486	7.572996	0.898927	6.552532	7.763181	0.731449	2.504839	9.344672	0.107428	-9.976984	-10.218592	9.444210	6.010231	6.684995
56	4	5	-7.379709	1.227019	-0.754239	7.122770	3.345216	0.656329	2.536338	0.670490	0.222574	6.740099	6.552534	3.345968	5.881883	-0.457168	-4.869796	4.246783	2.467836	5.477145	-18.255555	-10.764697	-17.763498
56	4	4	7.275356	7.454917	5.715739	3.116935	3.345213	0.656329	8.078889	5.896486	7.572996	0.898927	6.552532	7.763181	0.731449	2.504839	-4.791483	4.246705	2.467836	5.473119	-14.769356	-4.276120	-11.310646
57	2	63	8.143845	7.544209	5.520408	1.668975	0.835303	2.451515	4.970668	5.347507	8.167332	1.056221	1.301350	5.918970	7.207551	7.010760	-9.623095	6.716553	6.683824	5.330787	-19.142041	-5.306990	-9.448495
57	2	37	8.143845	7.544209	5.520408	1.668975	0.835303	2.451515	4.970668	5.347507	8.167332	1.056221	1.301350	5.918970	7.207551	7.010760	4.624741	6.379628	-5.665968	-9.891491	5.968754	6.572674	6.872405
58	1	100	-14.812511	-0.651381	0.388694	6.538064	7.620654	8.521098	-2.055595	1.847715	-21.656043	7.318103	7.078899	-0.703257	6.708336	4.241004	-8.120100	5.026171	6.367749	5.790233	-15.806262	-10.806322	-17.031753
59	3	97	-8.727492	-1.159133	2.924703	6.993657	3.450142	3.706009	2.238441	1.058151	-2.892770	6.173473	4.840391	1.810410	6.053403	-0.728676	-9.027700	9.288783	7.179385	7.390858	-20.225044	-15.582766	-12.987113
59	3	2	7.103633	5.282369	7.616566	4.024552	1.485192	-0.492957	7.618357	6.336432	7.629011	1.056138	1.434258	6.364682	1.114400	4.557797	-9.027700	9.288783	7.179385	7.390858	-15.725270	-9.722922	-6.544753
59	3	1	7.103633	5.282369	7.616566	4.024552	1.485192	-0.492957	7.618357	6.336432	7.629011	1.056138	1.434258	6.364682	1.114400	4.557797	7.372659	3.251419	-4.150234	-8.360664	9.357397	2.199596	7.419523
60	3	34	8.368007	7.453492	6.568455	2.110137	6.657863	4.397702	3.193886	6.698971	0.932328	0.239691	3.558334	4.593954	4.735292	7.689674	8.103603	2.159982	-4.009627	-9.050562	10.014092	6.660693	8.695447
60	3	34	8.368007	7.453492	6.568455	2.110137	6.657863	4.397702	3.193886	6.698971	0.932328	0.239691	3.558334	4.593954	4.735292	7.689674	-3.327398	5.828534	7.943319	9.022965	-11.458308	-6.194644	-6.069378
60	3	32	-5.352555	1.593818	5.415953	6.964283	6.658525	4.397702	-2.176453	0.353434	-2.563477	7.816839	7.757627	-0.627039	5.104083	1.701556	-3.340590	5.828534	7.943335	9.022965	-17.995844	-11.225517	-12.584949
61	5	17	8.005842	7.446929	5.485606	1.336235	-5.183292	5.564546	5.603661	6.060445	3.427581	-3.429441	0.357899	6.968235	3.351664	7.535098	7.104123	2.851462	-4.427718	-9.488493	10.394110	6.679329	6.065630
61	5	31	1.442476	6.654825	5.308325	7.000116	0.211626	5.564605	4.182550	4.556995	1.463264	3.229626	4.870660	6.030054	5.488287	2.563117	6.911654	2.851462	-4.427718	-9.488322	8.439446	4.726910	2.043053
61	5	15	1.442476	6.654825	5.308325	7.000116	0.211626	5.564605	4.182550	4.556995	1.463264	3.229628	4.870660	6.030054	5.488287	2.563117	4.780551	2.852355	-4.427055	-9.462376	6.435620	4.216251	-2.771665
61	5	30	-6.311745	2.715922	3.194164	7.000117	0.211627	5.564605	-0.265105	-0.315680	-2.112835	5.561406	4.870660	5.120662	7.185205	2.563117	-9.143510	8.891444	4.992074	4.425075	-14.827843	-3.141259	-14.856075
61	5	7	1.442476	6.654825	5.308325	7.000116	0.211626	5.564605	4.182550	4.556995	1.463264	3.229628	4.870660	6.030054	5.488287	2.563117	-9.101218	8.891444	4.992074	4.424634	-7.682303	1.148383	-11.506622
62	4	25	-9.414167	0.847018	-1.686111	6.793541	7.965529	3.708280	2.806610	-0.032226	-7.659044	6.704376	7.449732	2.350758	2.034420	0.547903	-9.586860	8.741093	5.358182	6.148434	-18.899703	-6.388288	-15.845990
62	4	17	-9.414167	0.847018	-1.686111	6.793541	7.965529	3.708280	2.806610	-0.032226	-7.659044	6.704376	7.449732	2.350758	2.034420	0.547903	5.729784	2.492268	-5.732438	-9.398687	3.655136	4.793415	1.928214
62	4	37	9.591981	6.728243	3.215088	1.068264	3.258882	2.449271	7.794441	6.542914	-0.356607	-0.899354	1.389888	6.315285	0.863890	6.587014	6.285352	2.491053	-5.849404	-9.398854	10.016877	7.029576	7.025696
62	4	21	9.591981	6.728243	3.215088	1.068264	3.258882	2.449271	7.794441	6.542914	-0.356607	-0.899354	1.389888	6.315285	0.863890	6.587014	-9.562267	8.741093	5.358182	6.148434	-12.536102	-4.632869	-10.766719
63	1	100	-11.663667	3.667673	2.726315	6.775726	5.427471	6.594826	0.797055	0.520570	-10.458431	4.105488	5.399460	-5.079723	8.123938	3.862941	-2.488131	5.420207	2.850333	4.304054	-16.933687	-7.300722	-14.648209
64	3	18	8.392885	5.797696	8.893071	-1.982210	-1.951249	5.745605	3.977917	7.709655	4.194860	-3.211083	-0.539735	7.018555	5.629316	5.168316	-10.301719	6.311751	3.096810	5.058720	3.167673	1.307210	2.613866
64	3	63	8.392885	5.797696	8.893071	-1.982210	-1.951249	5.745605	3.977917	7.709655	4.194860	-3.211083	-0.539735	7.018555	5.629316	5.168316	-14.540383	6.311751	5.906841	9.228844	-9.194065	-2.067541	-4.057847
64	3	19	8.392885	5.797696	8.893071	-1.982210	-1.951249	5.745605	3.977917	7.709655	4.194860	-3.211083	-0.539735	7.018555	5.629316	5.168316	1.312102	6.074745	-4.200611	-6.084490	10.184961	6.820200	6.523192
65	5	24	6.315715	7.621460	5.750613	5.700959	1.058939	4.108992	6.168927	5.136346	4.399111	0.740156	4.639841	6.834981	2.257012	4.635223	-8.403911	6.514239	5.292310	9.033745	-6.519266	-4.766924	-11.219869
65	5	53	-2.713623	4.597978	3.513531	8.020899	1.606534	4.109112	5.435727	4.115668	-0.515230	7.218795	5.306440	3.287394	7.359547	3.568490	-8.403926	6.514239	5.292310	9.033745	-11.752646	-10.720411	-12.795913
65	5	7	-2.713623	4.597978	3.513531	8.020899	1.606534	4.109112	5.435727	4.115668	-0.515230	7.218795	5.306440	3.287394	7.359547	3.568490	6.332848	0.876545	-6.790913	-2.731708	2.679668	1.721363	6.469505
65	5	4	6.315715	7.621460	5.750613	5.700959	1.058939	4.108992	6.168927	5.136346	4.399111	0.740156	4.639841	6.834981	2.257012	4.635223	-2.109174	6.510589	5.290912	9.033745	-2.835642	1.158317	1.801567
65	5	12	6.315715	7.621460	5.750613	5.700959	1.058939	4.108992	6.168927	5.136346	4.399111	0.740156	4.639841	6.834981	2.257012	4.635223	6.333064	0.876478	-6.809199	-2.747935	9.537459	7.676433	8.045604
66	2	85	6.421677	6.976866	4.317833	4.205064	4.675776	4.243394	2.890145	6.990901	3.766475	-6.670313	3.767412	5.243358	1.661269	3.553763	-15.386179	6.259666	6.767299	7.651122	-11.978349	-1.198203	-12.724841
66	2	15	6.421677	6.976866	4.317833	4.205064	4.675776	4.243394	2.890145	6.990901	3.766475	-6.670313	3.767412	5.243358	1.661269	3.553763	3.363637	1.307777	-2.594267	-7.613573	10.351847	3.735226	6.701744
67	2	81	-11.942484	-1.188304	-1.717595	6.234520	6.275443	7.329167	0.163025	-1.343589	-8.301766	4.034517	8.945319	5.031557	6.421644	5.201419	-11.859964	5.484175	5.770721	7.678052	-23.330823	-9.003838	-11.990272
67	2	19	-11.942484	-1.188304	-1.717595	6.234520	6.275443	7.329167	0.163025	-1.343589	-8.301766	4.034517	8.945319	5.031557	6.421644	5.201419	3.477405	0.470928	-0.385985	-2.359065	-8.732430	0.937922	3.356852
68	4	30	3.399097	5.132736	2.239510	2.980883	1.116296	-0.313959	7.570022	6.412112	1.418759	-5.340067	1.782316	6.834185	3.239919	7.914886	6.502791	4.402741	-3.240431	-9.078087	8.327222	6.611304	6.199145
68	4	46	-6.780221	3.037172	-0.483446	6.472527	6.932590	3.704038	4.116812	1.456264	-7.885570	5.565514	6.374048	1.006237	5.928995	6.675000	3.564352	4.410153	0.758438	-1.982701	-15.556047	-5.771172	-11.956535
68	4	20	-6.780221	3.037172	-0.483446	6.472527	6.932590	3.704038	4.116812	1.456264	-7.885491	5.565514	6.374048	1.006237	5.928995	6.675000	-2.422242	8.657438	5.654807	3.457194	-20.851281	-9.269114	-16.771263
68	4	4	3.399097	5.132736	2.239510	2.980883	1.116296	-0.313959	7.570022	6.412112	1.418759	-5.340067	1.782316	6.834185	3.239919	7.914886	-2.422242	8.657438	5.654807	3.457194	-16.558187	-3.488446	-10.441908
69	3	5	8.634786	6.471756	6.179239	2.227284	2.444746	6.197893	5.215033	6.816950	2.892845	-4.499663	1.126352	6.556750	2.037344	4.916844	2.573799	5.187096	-2.295599	-6.311707	1.066689	4.902156	5.816196
69	3	31	-8.560740	0.799656	2.245601	8.584164	5.713739	6.360483	2.963522	1.094802	-9.391114	6.425097	6.752782	3.517878	6.206252	2.107575	-12.949046	7.093048	5.838416	6.589494	-26.981002	-11.532511	-10.699510
69	3	64	8.634786	6.471756	6.179239	2.227284	2.444746	6.197893	5.215033	6.816950	2.892845	-4.499663	1.126352	6.556750	2.037344	4.916844	-12.941797	7.093048	5.838416	6.589494	-22.567511	-1.380847	-5.992113
70	5	13	8.195356	6.681551	6.396315	4.257564	3.602028	3.837165	6.724933	8.406097	6.408124	1.521322	4.671132	3.954296	6.765268	8.889252	-11.138771	0.636402	8.762234	6.265658	-12.545148	-4.444122	-7.366435
70	5	53	-8.525851	1.196063	0.849998	9.565279	5.510498	7.750099	2.230111	1.844719	-5.251056	6.989485	6.058769	-0.923247	6.768879	5.745777	-11.139731	0.636402	8.762236	6.265658	-19.269242	-8.175257	-11.725798
70	5	4	-8.525851	1.196063	0.849998	9.565279	5.510498	7.750099	2.230111	1.844719	-5.251056	6.989485	6.058769	-0.923247	6.768879	5.745777	6.907161	-5.592386	-1.430262	-9.472561	3.241134	-0.188437	3.010836
70	5	11	8.195356	6.681551	6.396315	4.257564	3.602028	3.837165	6.724933	8.406097	6.408124	1.521322	4.671132	3.954296	6.765268	8.889252	6.957618	-5.592423	-1.436284	-10.312375	9.735859	3.546541	7.080121
70	5	19	8.195356	6.681551	6.396315	4.257564	3.602028	3.837165	6.724933	8.406097	6.408124	1.521322	4.671132	3.954296	6.765268	8.889252	-5.735190	0.636401	8.629697	6.265144	-4.974070	-2.584290	2.867489
71	2	79	-14.216484	3.475899	0.112247	8.472631	6.638729	6.835074	2.273159	3.404095	-7.756518	6.672742	8.384525	3.064616	7.051219	-2.377443	-11.889372	4.026057	7.578565	7.195220	-13.483858	-12.194507	-10.136360
71	2	21	-14.216484	3.475899	0.112247	8.472631	6.638729	6.835074	2.273156	3.404095	-7.756518	6.672742	8.384525	3.064616	7.051219	-2.377443	3.086218	1.934530	-0.023692	-8.288515	3.933581	0.977025	-0.852445
72	3	92	-8.149874	2.112832	-0.368312	8.606005	6.422106	6.711033	2.878443	0.349646	-13.972599	5.917321	6.424176	3.229332	6.203621	0.979900	-4.527102	6.537868	6.710297	6.171338	-23.418933	-10.277729	-15.862029
72	3	4	5.234196	6.379897	5.617749	2.066457	0.797650	0.628158	6.282197	6.305448	4.763449	-0.056767	3.253869	6.583441	0.593399	5.489944	6.729640	0.086612	-4.900363	-2.670155	9.072362	6.881378	7.923817
72	3	4	5.234196	6.379897	5.617749	2.066457	0.797650	0.628159	6.282197	6.305448	4.763449	-0.056767	3.253869	6.583441	0.593399	5.489944	-4.527101	6.537868	6.710297	6.171338	-16.807600	-3.907048	-9.853969
73	2	91	10.131918	8.124980	6.701512	0.232523	2.852190	3.037902	8.385091	6.569707	3.042696	-2.261061	0.446046	4.599082	4.345968	5.325047	-13.419227	7.324423	6.326755	8.561894	-18.455283	-6.202989	-8.240396
73	2	9	10.131918	8.124980	6.701512	0.232523	2.852190	3.037902	8.385091	6.569707	3.042696	-2.261061	0.446046	4.599082	4.345968	5.325047	4.205184	0.996384	-0.314485	-5.173537	10.596898	4.826811	5.997018
74	4	48	-7.806062	-2.869748	-0.223547	7.747859	7.089291	1.661292	0.968069	1.799791	-9.955140	6.662155	6.523629	5.422440	7.151763	3.196902	5.774127	3.114594	-0.441463	-4.966243	-3.741478	-0.466758	1.380950
74	4	32	-7.806062	-2.869748	-0.223547	7.747859	7.089291	1.661292	0.968069	1.799791	-9.955140	6.662155	6.523629	5.422440	7.151763	3.196902	2.139144	3.655120	0.025424	-4.949580	-11.906520	-4.564921	-8.668717
74	4	18	-7.806062	-2.869748	-0.223547	7.747859	7.089291	1.661292	0.968069	1.799791	-9.955140	6.662155	6.523629	5.422440	7.151763	3.196902	-7.671518	4.778356	4.235929	6.620572	-20.347381	-9.415989	-15.271051
74	4	2	4.592790	2.089465	-0.223288	2.672115	2.129538	-4.272880	6.288843	7.040429	-0.500951	-5.745684	1.685381	7.655481	6.706723	7.357153	5.838183	3.111437	-6.260641	-8.665473	10.089338	5.877883	5.829915
75	2	77	4.565171	8.626496	5.399389	4.283958	-0.912401	-1.614770	7.325904	8.758684	4.253062	-3.980173	3.347503	6.640526	2.621526	8.605554	-3.653807	4.934430	1.845520	5.420969	-14.450840	-5.993082	-12.600049
75	2	23	4.565171	8.626496	5.399389	4.283958	-0.912401	-1.614770	7.325904	8.758684	4.253062	-3.980173	3.347503	6.640526	2.621526	8.605554	7.494149	-1.121349	-10.131329	-6.938011	8.772825	7.092506	6.423775
76	2	44	6.405240	9.071928	7.133489	1.440363	2.364811	4.705028	8.005283	7.222204	6.339818	-4.933489	-2.170511	4.709128	2.973857	7.832626	6.073478	5.855756	-5.332518	-9.780510	5.560118	4.444370	6.421903
76	2	56	6.405240	9.071928	7.133489	1.440363	2.364811	4.705028	8.005283	7.222204	6.339818	-4.933489	-2.170511	4.709128	2.973857	7.832626	-12.894562	8.176606	4.942664	5.628381	-16.836677	-6.934102	-6.845804
77	3	61	9.978915	6.793213	6.163527	-0.578972	-0.185077	3.192554	7.271726	8.096852	2.477114	-1.093792	-1.386024	7.776702	1.044837	5.489433	2.916727	3.275657	-2.831162	-7.221787	10.247109	7.583200	7.252927
77	3	26	9.978915	6.793213	6.163527	-0.578972	-0.185077	3.192554	7.271726	8.096852	2.477114	-1.093792	-1.386024	7.776702	1.044837	5.489433	-5.505519	8.283246	5.929045	5.394377	-0.076048	1.256736	2.428045
77	3	13	9.978915	6.793213	6.163527	-0.578972	-0.185077	3.192554	7.271726	8.096852	2.477114	-1.093792	-1.386015	7.776702	1.044838	5.489433	-8.678166	8.283246	6.572367	5.588103	-13.749214	-4.670957	-5.953882
78	2	46	7.404809	6.510634	7.573735	1.541832	4.774324	5.547282	7.823479	5.381454	4.537777	1.450732	5.692604	7.023803	1.682452	9.535997	5.491824	2.007837	-1.463285	-6.868886	10.581209	6.619212	6.252524
78	2	54	7.404809	6.510634	7.573735	1.541832	4.774324	5.547282	7.823479	5.381454	4.537777	1.450732	5.692604	7.023803	1.682452	9.535997	-11.410172	6.955763	8.046532	7.344245	-10.241350	-0.382368	-7.064243
79	3	63	-12.561823	2.253481	4.741911	6.342782	6.861548	7.165402	2.345062	-1.294183	-6.381911	5.113567	5.814283	-0.486117	7.071267	3.460909	-8.967560	5.222839	7.338154	4.424754	-17.782032	-7.362580	-12.781693
79	3	20	-12.561823	2.253481	4.741911	6.342782	6.861548	7.165402	2.345062	-1.294183	-6.381911	5.113567	5.814283	-0.486117	7.071267	3.460909	0.688177	5.175895	4.160400	-7.776882	5.767875	4.603298	1.206400
79	3	17	-12.561823	2.253481	4.741911	6.342782	6.861548	7.165402	2.345062	-1.294183	-6.381911	5.113567	5.814283	-0.486117	7.071267	3.460909	-4.034941	5.222839	4.385034	-1.131410	5.754262	4.602155	1.204500
80	4	20	5.764770	7.013222	8.821740	1.217014	0.205703	8.233691	4.095075	5.828999	5.752625	0.316378	-0.103068	8.603237	3.481614	2.746488	-9.025056	6.273091	6.677855	9.175488	-19.188377	-1.762416	-6.984359
80	4	30	-11.533858	0.453124	2.886380	5.948493	5.436673	8.257635	-1.576891	1.090162	-1.344866	6.076701	4.800824	3.007474	6.022485	-0.946144	-9.520613	6.273091	6.677855	9.175707	-25.367293	-8.092151	-12.225260
80	4	40	5.764770	7.013222	8.821740	1.217014	0.205703	8.233691	4.095075	5.828999	5.752625	0.316378	-0.103068	8.603237	3.481614	2.746488	-5.789110	6.273091	6.677855	9.169144	-13.274299	2.571840	-1.692215
80	4	10	5.764770	7.013222	8.821740	1.217014	0.205703	8.233691	4.095075	5.828999	5.752625	0.316378	-0.103068	8.603237	3.481614	2.746488	4.534860	-0.110001	-4.881410	-4.929843	6.657393	8.377645	7.106418
81	4	53	-10.562608	1.874031	1.248278	7.238437	2.676258	2.355959	3.132666	-0.349037	-1.038406	4.928468	4.237253	0.023189	5.247269	3.799929	-7.867756	7.577512	7.147410	4.779158	-22.969194	-9.403854	-14.974905
81	4	31	-10.562608	1.874031	1.248278	7.238437	2.676258	2.355959	3.132666	-0.349037	-1.038406	4.928468	4.237253	0.023189	5.247269	3.799929	7.076013	1.822969	-3.542449	-14.228013	2.424631	1.697600	0.816322
81	4	4	7.082620	7.416562	5.146053	1.110781	2.188759	2.355685	8.344818	5.404802	5.488934	-1.203544	-2.110316	6.122760	4.318598	6.892020	7.579532	1.822521	-3.569004	-14.228107	11.030707	7.315632	7.174164
81	4	12	-10.562608	1.874031	1.248278	7.238437	2.676258	2.355959	3.132666	-0.349037	-1.038406	4.928468	4.237253	0.023189	5.247269	3.799929	6.906202	1.823262	2.070685	-6.619898	-3.297695	1.697600	0.816322
82	2	48	11.193519	8.092063	7.274029	1.369001	2.366006	1.676475	5.419939	6.790837	7.327212	-4.041312	1.819150	3.235516	5.232604	3.962294	2.916774	3.311708	-2.815140	-9.877316	11.862994	7.177456	6.025541
82	2	52	11.193519	8.092063	7.274029	1.369001	2.366006	1.676475	5.419939	6.790837	7.327211	-4.041295	1.819150	3.235516	5.232604	3.962294	-7.862166	8.464865	6.845690	3.718056	-16.295848	-4.965386	-11.639944
83	3	22	-16.197066	0.655774	0.980334	6.538892	5.841598	7.590695	0.234563	2.327188	-5.113483	8.488554	5.634492	-4.423168	5.780305	5.591048	2.029632	1.447104	0.833705	-4.373437	-13.935007	-5.382259	-6.040078
83	3	24	-16.197066	0.655774	0.980334	6.538892	5.841598	7.590695	0.234563	2.327188	-5.113483	8.488554	5.634492	-4.423168	5.780305	5.591048	-9.379836	5.483037	6.478770	4.171332	-17.128503	-11.594582	-11.464342
83	3	54	-16.197066	0.655774	0.980334	6.538892	5.841598	7.590695	0.234563	2.327188	-5.113483	8.488554	5.634492	-4.423168	5.780305	5.591048	8.505988	-0.687966	0.833362	-6.376883	-5.201751	0.160515	4.746965
84	3	45	1.212718	8.156851	7.819849	0.650740	6.875427	8.253920	2.374499	3.275926	0.948513	9.104036	2.734454	0.221117	5.884090	6.688802	-2.685706	6.162664	7.460429	3.444662	-15.068487	-8.204612	-8.376174
84	3	21	-1.480697	1.906831	7.354460	0.650805	6.875427	8.253920	0.911609	-0.616154	0.939247	9.619555	2.734454	-0.937486	5.884428	6.688802	-2.685706	6.162664	7.460429	3.444662	-18.967110	-11.986308	-13.224526
84	3	34	1.212718	8.156851	7.819849	0.650740	6.875427	8.253920	2.374499	3.275926	0.948513	9.104036	2.734454	0.221117	5.884090	6.688802	7.163858	3.392943	-4.423909	-13.637513	6.919128	3.761430	4.102630
85	2	91	9.066528	7.763460	6.440402	0.506117	1.815084	-1.724293	6.518597	6.580482	3.145859	-4.320951	0.481524	7.812755	0.541853	6.246661	-9.930579	6.454069	6.376042	8.443267	-19.523501	-4.758724	-8.050591
85	2	9	9.066528	7.763460	6.440402	0.506117	1.815085	-1.724293	6.518597	6.580482	3.145859	-4.320951	0.481524	7.812755	0.541853	6.246661	5.776731	1.600539	-3.294928	-7.293214	6.937105	5.716590	6.108388
86	1	100	-14.034824	-2.465517	0.381075	7.453246	9.061131	6.053651	1.153593	0.173109	-7.584523	7.030714	6.803693	2.526803	3.759639	3.783152	-9.828998	7.293012	8.310989	6.422579	-22.330779	-10.527148	-16.525011
87	1	100	-6.795085	-0.789916	0.984174	5.869007	8.617503	7.675786	1.121455	1.599302	-15.851331	5.619711	5.507570	0.543820	5.687875	2.360613	-9.189639	7.608232	8.052132	7.458947	-24.840394	-10.911607	-13.078566
88	2	49	10.638585	6.358813	8.585194	-2.841671	5.727590	5.208662	6.284662	4.639499	2.462177	-2.151006	6.133672	5.437802	4.614203	6.001570	-8.630885	8.354914	6.605482	5.979266	-18.684563	-4.430050	-9.340460
88	2	51	10.638585	6.358813	8.585194	-2.841671	5.727590	5.208662	6.284662	4.639499	2.462177	-2.151006	6.133672	5.437802	4.614203	6.001570	6.808134	4.818455	-4.447734	-11.309805	5.905375	4.053593	5.990274
89	1	100	-3.531471	0.701912	-0.100306	5.127195	1.570910	1.122863	0.622456	1.051043	-8.276435	5.606000	-0.091564	6.017200	5.860790	4.541869	-12.836756	4.131821	7.705746	5.245506	-13.694133	-8.412800	-16.612354
90	4	55	8.839535	5.586180	4.602252	2.524107	1.632656	-0.548651	5.886570	8.654408	0.285067	-5.071825	-0.165441	7.049421	5.027619	8.769481	7.087516	-0.829562	-9.764721	-10.948390	11.170855	6.393277	6.328238
90	4	38	-6.877235	-0.015649	0.347364	7.599086	6.805692	5.482259	1.121788	2.042205	-12.568492	7.723704	5.033224	0.812391	6.803579	2.986880	1.745973	1.910742	-3.157358	-3.710222	-10.786167	-3.376283	-9.098257
90	4	5	8.839535	5.586180	4.602252	2.524107	1.632656	-0.548662	5.886570	8.654408	0.285067	-5.071825	-0.165441	7.049421	5.027619	8.769481	-8.413655	2.950312	3.227449	4.870173	-11.219183	-4.444307	-9.469359
90	4	2	-6.877235	-0.015649	0.347364	7.599086	6.805692	5.482259	1.121788	2.042205	-12.568492	7.723704	5.033224	0.812391	6.803579	2.986880	-8.464371	2.950312	3.227449	4.870173	-16.254444	-9.229956	-14.545951
91	1	100	-2.425851	2.453940	-1.482762	5.231156	6.019125	7.709337	1.537827	2.516520	-8.887976	5.479423	6.607711	3.026402	5.588274	7.607645	-5.072287	4.738100	3.612714	6.565432	-18.739739	-9.667850	-16.653812
92	2	58	2.921740	7.869739	5.533518	6.034644	5.210920	7.536474	5.795143	4.780663	-8.918265	3.789520	5.628962	6.580377	3.895344	0.858952	7.060555	2.887729	-5.139049	-12.017324	6.643965	5.986289	7.751951
92	2	42	2.921740	7.869739	5.533518	6.034644	5.210920	7.536474	5.795143	4.780663	-8.918265	3.789520	5.628962	6.580377	3.895344	0.858952	-8.512416	6.911397	4.714043	4.991980	-21.224526	-6.137290	-6.472297
93	2	72	9.225246	6.824242	6.175207	2.696528	-1.400165	6.679907	8.586158	6.478510	-0.383203	-2.707864	-1.708498	6.418514	4.369082	5.869415	-9.166550	6.998230	7.672038	7.280965	-12.415707	-7.429685	-10.626216
93	2	28	9.225246	6.824242	6.175207	2.696528	-1.400165	6.679907	8.586158	6.478510	-0.383203	-2.707864	-1.708498	6.418514	4.369082	5.869415	8.463593	3.200267	-4.483399	-10.515301	8.890822	2.436856	6.673058
94	2	94	6.448891	6.681883	4.615202	5.060873	5.406421	4.437011	6.524724	6.705581	1.721542	-4.090395	3.676431	1.656973	4.811558	7.368334	-12.105244	6.256855	7.806362	6.796711	-19.038069	-4.070735	-10.699035
94	2	6	6.448891	6.681883	4.615202	5.060873	5.406421	4.437011	6.524724	6.705581	1.721542	-4.090395	3.676431	1.656973	4.811558	7.368334	-0.486080	6.246838	1.604602	2.355254	2.359565	4.356230	3.932413
95	1	100	-17.225587	-0.157834	0.709711	6.702195	7.309261	7.249026	1.605074	0.590621	-9.389865	5.420153	6.832875	1.193262	7.354267	2.260021	-13.538792	7.952326	6.341596	5.404136	-20.496713	-9.314086	-13.217423
96	4	48	10.947138	6.722679	7.841155	1.312232	0.779216	1.329657	7.669207	6.564789	3.200020	-2.616508	1.286800	6.385816	1.869935	8.126871	-9.099449	6.025441	5.705620	1.775540	-16.827362	-2.966682	-8.034137
96	4	27	10.947138	6.722679	7.841155	1.312232	0.779216	1.329657	7.669207	6.564789	3.200020	-2.616508	1.286800	6.385816	1.869935	8.126871	2.384829	2.668888	-5.714027	-12.750712	10.147704	4.651845	7.155270
96	4	14	-6.668596	1.326333	1.522158	7.831820	4.369340	1.366763	5.176627	0.914313	-5.777920	5.227381	5.773736	1.802592	5.567788	4.969584	-9.099450	6.025441	5.705620	1.775540	-21.699901	-6.504843	-14.653539
96	4	11	10.947138	6.722679	7.841155	1.312232	0.779216	1.329657	7.669207	6.564789	3.200020	-2.616508	1.286800	6.385816	1.869935	8.126871	-3.809216	6.025441	5.705329	1.710841	-5.013637	2.748174	4.496791
97	3	19	0.523391	4.284101	1.359228	1.947809	0.051443	2.517783	1.417091	2.581686	4.898850	0.781223	0.357034	2.344345	8.560349	6.125271	-11.281031	6.300236	7.640916	7.107199	-10.811044	-10.204387	-10.399658
97	3	69	-4.768841	1.801838	-0.266967	4.419959	0.052856	2.517897	-0.189079	-0.541870	2.807541	7.218767	2.262236	1.941529	8.560931	5.481464	-11.420553	6.300396	7.640916	7.107223	-14.531067	-10.409139	-14.621091
97	3	12	0.523391	4.284101	1.359228	1.947809	0.051443	2.517783	1.417091	2.581686	4.898850	0.781223	0.357034	2.344345	8.560349	6.125271	5.364797	1.195285	-2.639255	-3.610593	9.311111	-0.205711	2.588442
98	2	82	8.274534	7.759739	5.594485	5.712866	4.371612	7.164199	6.504212	5.405224	1.973770	-0.246038	5.497153	6.933005	3.008453	6.702363	5.383182	-0.471033	-5.696949	-7.491051	8.163245	7.347165	7.927462
98	2	18	8.274534	7.759739	5.594485	5.712866	4.371612	7.164199	6.504212	5.405224	1.973770	-0.246038	5.497153	6.933005	3.008453	6.702363	-5.824259	5.717978	6.011018	7.598142	-4.188012	-1.356930	-6.096124
99	5	26	11.122316	6.468862	5.498939	2.346858	1.505664	2.183460	2.274797	7.349783	7.335044	-7.172031	-0.296157	7.518564	2.278650	4.494745	-10.188327	7.097495	5.899650	6.141313	-18.770758	-0.980494	-5.623283
99	5	10	-0.811833	2.144606	1.443074	2.351794	1.505665	2.183460	-0.509797	5.701472	3.747774	1.386443	-0.293215	2.602504	6.387558	4.494228	-10.188329	7.097495	5.899650	6.141313	-19.926036	-6.775678	-11.951628
99	5	24	-9.219256	0.496124	1.443072	7.173247	7.921316	5.832183	-2.857948	1.987757	-10.884998	4.119592	5.716355	1.540983	6.388578	2.730520	-10.188329	7.097495	5.899650	6.141313	-23.934364	-6.789990	-11.950218
99	5	21	11.122316	6.468862	5.498939	2.346858	1.505664	2.183460	2.274797	7.349783	7.335044	-7.172031	-0.296157	7.518564	2.278650	4.494745	6.190468	1.828184	-2.570788	-11.309956	7.237401	8.017697	8.439604
99	5	19	11.122316	6.468862	5.498939	2.346858	1.505664	2.183460	2.274797	7.349783	7.335044	-7.172031	-0.296157	7.518564	2.278650	4.494745	-4.233370	7.097233	5.899143	6.141091	-11.355473	4.907560	2.136818
100	1	100	-7.946231	0.585153	-0.178908	5.063813	6.858586	4.349061	-0.751453	-1.630018	-4.139998	7.456445	5.508356	3.518176	4.114943	5.808880	-4.927506	5.103677	6.623421	5.745463	-23.637358	-7.024272	-18.613924
