1	2	8.297532	-11.028885	-10.934616	-13.486909	10.258983	-12.361974	-18.765058	-1.456257	-1.763461	-10.599585	11.568099	-4.572845	-6.507148	6.622661	9.807494	3.971999	-15.560436	5.465642	6.107956	7.990942	8.344001	5.672748	-13.337095	6.497132
2	2	8.075417	-6.671719	-12.128862	-6.414049	11.030852	-12.183471	-11.724344	-8.002949	-5.302635	-7.217752	9.182547	-5.385010	-7.140220	7.532403	10.735747	6.367506	-5.906428	5.222211	6.641051	3.638425	5.781727	7.320716	-15.807443	7.093276
3	2	-9.957999	7.215286	10.180118	6.819027	-16.627849	8.564921	7.209329	5.574205	6.538631	4.409964	-12.648151	4.150501	4.696947	-5.275018	-16.451066	-6.566009	9.734130	-5.037857	-16.146861	1.216536	-6.004948	-11.420587	9.676636	-7.552985
4	2	5.227392	-9.471130	-19.297225	-6.470147	10.429958	-5.774007	-11.593698	-6.161391	-7.068272	-7.747367	10.232734	-7.397642	-12.100959	6.669048	9.730507	7.849246	-14.648796	6.220458	6.579959	5.403807	3.947322	5.704578	-16.140462	4.918856
5	2	7.113004	-3.833598	-19.696598	-8.577224	11.678659	-11.876699	-18.159388	-3.678765	-5.799614	-5.980386	9.100859	-1.539809	-6.621969	8.197307	8.781399	5.731342	-13.017210	5.368297	5.190898	6.246654	5.146210	8.068569	-13.479901	6.040441
6	2	8.687413	-5.614485	-14.697847	-11.989109	10.493175	-9.172111	-14.240186	-2.768697	-3.979015	-6.151140	9.898556	-1.239085	-5.377469	9.809835	10.043745	6.066944	-14.097064	8.348995	6.663559	6.434752	6.891458	7.108656	-12.328831	5.596944
7	2	5.269188	-9.214698	-16.481375	-11.030522	10.087813	-7.279540	-13.813181	-4.765640	3.120671	-5.880221	8.244412	-6.641981	-12.539359	7.208577	7.061968	7.198029	-16.428734	8.357000	6.012637	6.969805	7.574533	6.533421	-19.338491	5.124612
8	2	-11.455859	6.025489	8.350443	6.760473	-17.072019	8.915558	8.054651	7.266093	6.081666	7.476960	-18.930968	1.068975	7.906899	-11.852947	-12.028835	-10.591545	10.435652	-1.811798	-13.970191	-3.896399	-3.079721	-7.167470	9.105569	-8.058598
9	2	5.686505	-8.274803	-13.334959	-5.159304	9.310082	-11.413996	-10.915159	-3.430141	-6.660294	-13.296149	10.177686	-5.675774	-9.403957	6.277781	6.016277	7.067483	-19.853227	5.162905	8.513880	8.052924	3.135682	1.384400	-13.019589	6.168936
10	2	9.109163	-11.250267	-24.413935	-5.623964	10.209524	-9.533852	-14.639983	-4.900644	-5.664713	-8.979118	9.859671	-4.845955	-2.301870	7.636675	5.235349	6.957394	-13.610466	5.038211	5.607403	6.726385	4.513070	6.723362	-8.368106	6.253075
11	2	6.993329	-10.505551	-16.918683	-12.782861	7.899149	-7.138266	-12.099052	-6.986144	-5.938061	-10.095992	9.808333	-1.450623	-9.161963	6.378954	8.120352	6.641144	-18.028065	6.585477	7.935133	5.104792	6.473477	4.793058	-16.415852	6.643526
12	2	2.755751	-5.689534	-21.142955	-8.659597	11.397925	-11.154336	-13.975225	-3.720296	-1.781089	-11.716145	10.435366	-7.667585	-7.373978	6.765741	7.169716	4.391025	-15.413041	4.015354	2.540680	7.030360	7.122659	6.229833	-13.963536	4.923867
13	2	6.367482	-12.746224	-16.362949	-11.687287	9.993047	-12.731747	-14.157384	-4.659225	-9.275053	-11.416528	9.478644	-3.395718	-3.553377	6.360848	5.011552	6.602595	-17.414024	6.237184	6.619771	7.712412	2.795300	1.779642	-12.997240	6.299913
15	2	-11.706830	6.292216	10.848804	7.345776	-18.187383	4.872595	7.358955	8.665537	7.385263	6.097894	-11.041448	6.939077	5.431253	-7.708906	-13.879601	-10.725199	10.305833	-12.585170	-12.132689	-2.325207	-4.541408	-10.103962	10.965771	-1.194005
16	2	-8.310552	8.903145	10.154020	5.396368	-18.348888	6.266061	7.644278	5.950952	7.889029	9.625852	-16.053923	5.760186	8.989579	-8.658694	-20.309554	-12.318408	8.900277	-13.059709	-15.401975	-1.099786	-2.735612	-5.458406	11.045543	-6.134174
17	2	8.998369	-7.647151	-17.715170	-4.339586	4.106557	-11.085546	-15.347554	-5.488496	-5.888826	-9.199191	11.010691	-3.436180	-5.011339	6.069830	11.729374	7.386501	-21.672940	5.940891	6.652470	3.935889	3.744314	3.271831	-8.743526	4.819806
18	2	7.048913	-8.420638	-18.564249	-11.461164	9.999377	-2.979954	-17.365634	-0.582532	-6.949384	-9.779527	5.764906	-2.523070	-6.587396	6.965805	8.572160	6.299673	-18.130285	9.274184	5.374195	6.718022	5.203567	5.821647	-15.347945	6.238678
19	2	6.068888	-7.990397	-12.438333	-11.063169	9.984899	-5.834086	-11.371404	-4.554198	0.895047	-7.219370	9.744798	-3.437951	-9.350252	8.737848	10.048057	6.442678	-14.785526	8.148942	7.366393	4.394668	8.550720	4.789464	-19.847807	7.273531
20	2	-4.977771	5.729914	9.728036	6.354018	-21.442153	7.914130	6.747441	8.375482	8.881750	5.547639	-18.249099	7.804600	8.818569	-7.067837	-21.370760	-9.070287	5.414461	-4.375085	-15.948640	-1.645945	-3.783007	-9.863843	9.388086	-2.552374
21	2	-5.851458	4.854775	11.772778	4.171739	-15.061569	7.015242	7.913194	6.081504	8.506484	8.375187	-13.746925	7.500531	7.831277	-9.686549	-13.338789	-12.624581	5.970711	-10.467965	-17.476185	-5.630091	0.060289	-5.937868	10.276043	-0.731281
22	2	-7.457630	5.712329	11.065684	6.145147	-18.292613	6.360162	7.618425	6.394420	7.990314	6.646184	-18.331973	7.582349	7.464958	-11.205212	-19.093571	-9.842803	6.528663	-6.723803	-12.034759	-5.785766	-0.461670	-9.742354	9.471427	-4.727322
23	2	-7.519615	9.298337	9.056549	5.983060	-18.573270	6.168500	7.522549	8.580691	6.900391	6.695933	-17.105595	6.282240	8.634895	-5.640544	-19.117987	-10.687491	8.002378	-12.205575	-10.375041	-3.221524	-3.821217	-10.719615	12.143297	-5.068057
24	2	-5.259482	7.700320	9.112527	7.183888	-13.417764	6.192024	6.585615	6.350043	6.162615	8.042041	-12.688495	6.196927	8.264353	-11.824498	-16.831353	-8.485905	8.323432	-9.556815	-12.251582	-4.484611	-4.975363	-7.428448	6.759025	-3.839717
25	2	7.116940	-12.614205	-18.684592	-8.091462	10.327806	-13.290732	-17.222915	-3.552110	-8.234328	-6.414394	9.273720	-6.578669	-9.379522	6.133553	9.170640	7.365719	-10.728982	5.008010	4.265912	8.631947	4.322127	4.516624	-20.389324	4.610756
26	2	-9.141344	8.761447	10.330296	9.194799	-16.011061	8.607440	5.990611	6.559710	5.178279	6.398363	-17.108965	6.060439	8.416279	-9.791110	-15.670433	-8.503125	9.524190	-6.863781	-16.072172	-4.430531	-2.446999	-5.953079	9.490703	0.809507
27	2	-10.460598	4.537274	6.363696	8.720619	-11.987709	9.481007	8.288791	7.311691	4.758003	5.090959	-12.865868	7.203047	7.524056	-12.349783	-20.232718	-8.749846	8.993779	-6.126187	-12.476416	-4.493252	-7.357121	-3.794766	10.910325	-4.302691
28	2	6.677913	-7.095611	-15.675685	-9.838479	10.086004	-11.378589	-13.524498	-3.411794	-1.376109	-6.450399	8.111956	-2.122070	-7.764134	7.763527	7.681018	3.947540	-13.858692	6.355544	8.166949	8.761383	9.004166	4.253294	-21.719252	6.124834
29	2	-5.728886	8.203522	10.270600	5.740458	-17.467146	7.778598	5.268940	5.890725	5.763663	4.105263	-14.529705	7.022663	6.512815	-2.684642	-18.283196	-6.534446	5.459370	-9.315358	-13.568130	-0.240842	-6.025550	-10.863611	10.352913	0.868427
30	2	8.308912	-10.006193	-12.705126	-4.754802	9.511377	-6.130292	-13.618601	-4.230700	-4.801523	-13.570831	10.217816	-6.599014	-8.379659	6.079462	10.526216	7.119737	-17.164289	6.975086	9.249780	7.900246	6.557976	2.965727	-10.988511	3.383793
33	2	5.342358	-10.895363	-17.271787	-11.174946	9.990093	-7.486727	-17.414551	-1.205758	1.518434	-5.482970	8.344693	1.468908	-9.786289	7.094936	10.147989	6.505804	-14.034660	8.916832	5.441418	5.940311	6.553427	7.215016	-19.664232	6.655344
34	2	7.540879	-8.762306	-12.082637	-2.613795	12.503379	-10.379883	-19.102549	-5.420054	-2.988871	-9.251718	10.373404	0.163858	-6.167206	3.097982	12.983255	7.428417	-10.544233	5.837637	6.253017	6.030508	7.182839	5.124689	-14.114942	6.653644
35	2	-3.779190	3.453384	9.682575	6.304920	-16.712769	7.376903	8.387164	7.336457	6.609685	7.759983	-16.623689	8.307787	8.335942	-11.137046	-10.395823	-7.986622	9.102489	-11.007471	-10.735922	-2.678048	-5.503772	-6.292002	11.057736	1.380868
36	2	2.280945	-10.070141	-20.435359	-12.371226	10.161975	-13.532283	-16.850903	-1.862472	-5.476516	-8.582765	9.962571	-7.654670	-12.200978	4.811314	8.863879	4.146866	-15.279794	2.474791	2.830652	6.960418	7.283432	6.884023	-11.703797	4.353362
37	2	-11.694649	9.068192	9.945097	8.151132	-13.327140	6.263745	4.056732	3.172236	4.778875	7.630952	-14.004140	5.634389	7.843967	-7.218524	-15.895925	-6.905326	9.696761	-4.663269	-17.892545	-9.224167	-4.978394	-7.644190	9.200597	-5.098297
38	2	-8.505891	6.490515	12.157679	8.775475	-16.456467	6.652946	7.235478	6.273533	6.095506	7.558932	-15.591595	3.334878	6.311354	-6.405932	-10.850261	-8.237011	8.021622	-8.785706	-10.389480	-5.036823	-3.271913	-7.044174	7.857180	-9.639661
39	2	6.477538	-9.731505	-17.930401	-9.691771	10.018215	-9.990484	-16.075336	-4.530930	-1.118719	-11.664337	10.460394	-5.707177	-10.157512	6.276214	8.830752	6.635668	-18.725307	6.659738	4.147756	7.726887	7.468338	5.911642	-13.065143	5.446729
40	2	3.910506	1.713408	9.287807	0.873521	-6.336106	5.748446	1.542248	0.622910	4.527559	-0.493269	-6.670273	3.158757	6.449977	-7.935556	-14.648564	-9.530355	10.683748	-6.832583	-15.934521	-3.143874	-3.019773	-15.541389	9.441153	-3.989964
41	2	-14.370804	5.072143	9.776175	6.072915	-14.637425	8.919669	7.209234	8.794921	8.064943	5.825879	-19.343160	5.881493	3.271589	-8.544484	-14.636467	-10.100506	10.824279	-1.459157	-13.705119	-2.509753	-0.601454	-7.875639	5.969281	-5.131930
42	2	0.864676	-7.872672	-13.696750	-9.386057	9.944660	-9.891681	-13.014041	-0.158823	-2.394077	-11.406772	9.514215	-5.363311	-14.526123	7.948698	10.362512	6.295124	-14.085408	7.652694	6.063753	8.202118	5.092571	3.378621	-14.184605	7.119519
44	2	4.368654	-7.323225	-17.393748	-10.261267	11.849374	-10.589383	-5.123447	-1.214459	-6.469501	-9.034614	10.981196	-5.483260	-7.897197	7.216351	9.754147	7.747183	-14.334659	6.795151	6.843253	5.942277	6.391822	6.439077	-16.651585	7.038653
45	2	-0.531541	-0.018151	7.355482	2.043420	-7.443961	3.241862	2.133094	2.268083	6.662153	-0.905420	0.042241	2.337965	5.756554	-15.617974	-19.260625	-7.079594	7.862319	-10.292617	-14.433340	-7.122541	-6.111953	-13.713892	11.185144	-1.741543
46	2	3.055319	-9.443076	-16.549618	-10.961203	10.660253	-9.284248	-13.715550	-5.133789	-1.033295	-12.292851	8.385784	-1.797086	-13.763185	8.718427	10.894436	5.571040	-10.575678	5.784584	5.235288	3.146807	8.199583	6.823048	-11.254626	5.384954
47	2	7.389952	-11.987574	-16.649003	-4.174698	10.902848	-7.352176	-12.196980	-8.978996	-2.741787	-12.493872	9.268090	-4.743772	-9.128450	5.450479	10.834040	9.077637	-7.878947	7.727988	6.325540	3.124023	7.596207	6.035746	-11.657840	4.733912
49	2	-11.964924	7.281863	8.157437	7.205226	-16.734659	5.541152	5.830766	8.542317	7.649407	8.157013	-14.358652	7.195359	4.722998	-9.185616	-13.697631	-11.573577	11.761191	-13.088852	-18.442560	-2.059061	-5.537591	-6.648592	9.171744	-3.123203
50	2	6.131890	-3.357016	-20.264399	-9.360582	10.377431	-6.143114	-11.889434	-2.843170	-4.290691	-11.151202	8.455890	1.183650	-9.515829	8.110189	8.777646	5.252322	-14.817088	8.107363	7.546403	5.160983	7.237332	7.088752	-7.979265	8.393172
51	2	-5.013223	7.324543	10.193736	5.908131	-17.338270	6.228406	4.397330	4.343022	7.002967	6.986100	-18.564080	6.626929	6.949719	-9.232295	-19.582840	-11.464647	10.067024	-10.142821	-20.283324	-7.413137	-4.919487	-6.385722	6.383123	-2.646890
52	2	-17.736951	5.012924	10.745989	9.799519	-12.897156	7.630885	5.993764	7.934624	6.800879	6.284150	-14.607600	7.665542	0.843306	-3.018436	-12.870646	-8.459013	3.978005	-7.109350	-7.152608	2.457414	-0.023037	-6.136723	9.853176	-2.789498
53	2	5.346337	-7.329684	-17.946174	-11.051606	13.097537	-9.988980	-9.450657	2.661213	-7.778109	-11.050674	8.246034	-4.871261	-12.358050	6.707384	9.248371	6.220918	-14.253412	8.688121	6.748393	6.431841	3.942075	4.574611	-14.280328	4.564035
54	2	-14.431620	5.315939	9.864826	7.111013	-16.920853	6.841099	6.957824	6.072406	6.695012	4.697689	-12.516481	7.737495	2.050501	-3.270585	-6.121759	-11.006427	10.492572	-10.449643	-9.808560	-0.121755	-0.248152	-4.833436	10.269555	-3.258450
55	2	-1.636174	5.981442	5.015192	2.864814	-6.003702	4.612166	-4.345931	1.118895	6.293724	2.763684	-6.567465	4.559045	9.298227	-10.514146	-11.090153	-5.991065	11.347741	-8.680511	-8.721863	-10.869920	-4.167574	-8.897462	9.278097	-6.452875
56	2	-11.812403	4.887291	10.813812	6.029494	-16.042085	6.082065	7.158905	6.391719	6.476828	8.010556	-18.435316	5.478881	6.426128	-13.289786	-15.189962	-10.478663	9.592772	-10.268985	-8.260846	-4.325377	-5.171754	-8.151722	6.950814	-3.731633
58	2	-11.567022	6.481742	11.829425	6.597314	-13.113841	6.519480	5.653025	6.830945	7.001861	6.756554	-20.275648	9.682164	6.930600	-10.763277	-19.957144	-9.780686	9.998084	-6.175610	-16.398552	-4.987621	-6.039126	-4.460401	10.127489	-2.098276
59	2	7.872754	-8.965471	-17.940407	-12.306853	10.904848	-11.910397	-12.307272	-3.804353	-4.812372	-7.824533	12.015351	-8.806107	-7.837558	8.180608	9.715582	6.530399	-10.652851	7.295919	9.684878	7.631236	7.173931	6.491089	-10.885206	3.095985
61	2	-10.812937	6.566897	10.114872	8.351896	-11.664855	4.794677	9.356846	4.643770	8.933089	7.232609	-19.464173	7.745625	3.381414	-7.452327	-15.991916	-7.906736	9.348809	-13.566873	-11.361851	-4.242306	0.472403	-9.573867	6.944215	-2.898179
62	2	7.365373	-7.709478	-5.855574	-11.839999	7.074114	-13.178793	-15.607875	-5.303754	-4.185038	-11.552098	10.178318	-2.979681	-8.694725	7.180232	11.436546	4.866294	-20.260871	3.793546	5.973357	6.343855	5.357277	6.592278	-15.080332	6.753955
63	2	6.986159	-7.486696	-13.619203	-8.353534	11.113983	-9.928655	-11.600125	-1.616885	-3.700134	-12.158628	9.293471	-3.530522	-7.547674	6.771243	9.785323	6.298536	-12.418318	5.669966	5.507865	6.850840	5.826792	3.366961	-12.165909	7.735039
64	2	7.811049	-6.543382	-22.754342	-8.996540	10.658019	-7.846831	-17.499157	-4.378082	-4.268506	-13.062378	9.618217	-3.305370	-8.705587	6.063557	5.226314	7.330708	-20.751663	5.829530	7.059686	6.173899	5.752852	4.901722	-16.292294	1.024049
65	2	9.206161	-11.491142	-23.360918	-10.983126	7.940163	-10.803301	-13.967033	-7.608455	-2.105933	-11.802414	12.281504	-3.276793	-1.971371	5.051143	4.992566	7.299293	-16.081774	4.158404	5.728716	3.604668	7.732100	5.083974	-11.452662	7.329654
66	2	7.134084	-10.246595	-11.667038	-11.660423	9.356989	-6.358775	-12.928230	-10.131921	-2.711759	-6.959667	8.109678	-2.449163	-8.256124	5.535586	10.061376	3.277501	-17.493232	6.540008	7.533077	1.456308	9.160199	4.947499	-10.346850	7.538464
67	2	6.409268	-7.652669	-17.524658	-3.319800	8.946829	-8.871986	-8.860721	-4.270017	-3.250978	-9.323985	12.843298	-4.403967	-8.260908	7.011543	10.860204	9.887595	-14.793567	7.482441	8.181249	5.871005	6.933694	6.574841	-10.770896	7.408838
68	2	-11.578509	6.399062	7.626147	7.265626	-16.973128	7.451042	6.797955	5.309896	8.810503	5.662467	-15.113848	7.223021	5.636510	-12.237839	-18.783748	-7.335221	8.238481	-8.700153	-14.975936	-5.961442	-3.106743	-10.297103	11.170540	-3.877446
69	2	7.977463	-6.364574	-17.282226	-10.612871	10.068500	-7.377160	-9.431889	-1.659740	-7.581257	-10.331737	11.984751	-5.908835	-8.137130	6.274249	7.761516	7.298750	-17.394036	4.808116	6.889663	7.845692	4.850245	7.027975	-15.022770	6.217184
70	2	-4.359038	7.224455	8.661151	4.372267	-13.251581	5.862096	6.635014	3.328283	5.688410	6.586348	-15.903293	7.247208	8.216207	-9.984747	-17.806495	-13.165377	10.763190	-7.684170	-13.964127	-7.056470	-4.710546	-9.625593	10.299215	-1.876502
71	2	8.391870	-9.529510	-13.524339	-10.939634	7.809239	-15.451552	-15.936504	-4.188199	-4.576227	-11.660868	11.208258	-3.433632	-10.712237	7.390170	9.946481	6.174283	-19.953825	3.833512	7.277356	7.362098	6.284827	7.180708	-13.550807	6.878048
72	2	7.021730	-10.567204	-16.081450	-7.140968	9.814958	-12.155531	-15.444644	-5.288695	-4.199583	-10.465629	11.509269	-0.722913	-2.821252	6.999784	11.294661	7.199928	-13.236889	4.709714	6.271666	6.550434	6.953970	5.980001	-5.066196	9.628553
73	2	-12.536229	6.716214	9.747246	6.711151	-7.507789	9.559706	5.648190	1.954662	8.099503	5.222605	-11.667256	7.279348	6.006899	-9.741490	-18.947553	-10.382375	11.807798	-9.274447	-10.950310	-9.251865	-0.883980	-6.093778	9.666534	-5.658201
74	2	6.301824	-12.636119	-10.601879	-10.773033	10.041836	-10.027496	-16.052485	-2.471091	-6.213347	-11.199579	7.822000	-6.658906	-12.082772	6.159865	10.678257	8.284015	-18.525021	7.932186	4.891226	7.484651	6.860518	7.901764	-17.485486	4.365846
75	2	5.486548	-10.327070	-19.452388	-4.473371	8.805106	-8.565959	-14.431397	0.730526	-5.675376	-10.879802	9.535069	-4.926649	-12.783402	7.741108	9.600324	8.195035	-18.638076	5.922483	6.310016	5.802580	5.772537	6.460885	-13.623444	6.837871
76	2	-11.193115	7.085818	8.032933	8.524015	-18.391137	7.084074	7.035651	6.846170	5.900069	6.502446	-13.709484	6.798984	5.360264	-9.315770	-17.495773	-9.238442	9.665523	-5.670350	-9.252778	-3.063007	-3.424860	-7.776984	8.620671	-3.504723
77	2	8.997855	-8.233412	-12.573125	-10.528900	9.765651	-9.090610	-16.900984	-3.435394	-3.534115	-10.460195	9.418705	-3.349004	-8.758228	4.614987	10.313111	5.175342	-12.360824	9.116222	6.610303	6.822416	7.874389	6.964405	-16.654396	7.861324
78	2	7.382744	-11.730120	-8.074955	-7.940356	10.244910	-9.061167	-16.182564	-4.636658	-8.867544	-10.593837	8.835925	-0.690880	-4.477748	4.848224	8.654042	3.986915	-10.094201	8.226193	3.022775	7.139355	2.180098	1.882551	-15.031952	7.635243
80	2	-6.640730	6.189787	9.034934	7.854330	-9.209027	7.043669	5.348069	7.489684	4.391884	6.340727	-16.242627	5.356795	6.136619	-0.872810	-17.063906	-5.285955	9.521695	-11.058744	-17.381495	-1.175808	-4.478485	-3.062674	10.612078	-5.511945
81	2	-4.810950	6.530302	9.416471	7.827413	-16.214689	7.311638	7.148721	7.694319	6.610562	3.959494	-20.744214	7.608161	8.082045	-9.581487	-16.415206	-9.027668	10.061171	-4.828663	-15.429533	-3.184826	-3.349647	-13.278141	8.467696	-1.804113
82	2	8.629530	-5.074586	-23.014663	-8.899152	11.126080	-9.968233	-16.941212	-4.812285	-3.575689	-7.661665	7.907621	-1.294242	-9.661360	4.869693	7.851227	6.894060	-16.949608	7.081430	6.363282	7.408181	8.048000	8.724491	-16.094289	7.782101
83	2	-6.390630	5.907888	10.431522	6.817533	-17.352334	5.243360	6.160546	9.248276	6.394390	4.968898	-13.302488	4.365625	6.877885	-8.051139	-18.277914	-10.692297	6.014721	-11.884608	-7.877482	3.553169	-5.153953	-9.274460	5.379945	-6.669436
84	2	7.444913	-10.870494	-13.620013	-8.923053	4.668239	-10.264203	-10.400000	-4.523816	1.275530	-11.888457	10.222002	-3.224756	-5.754846	6.590775	10.703785	3.665977	-21.948783	8.139441	6.884058	6.595203	8.615339	3.836487	-15.472976	6.079002
85	2	8.835919	-15.114994	-17.040056	-10.866288	10.517474	-8.091693	-15.964016	-4.409999	-1.729738	-2.323716	12.455045	-2.366541	-3.443312	0.546265	10.747803	5.175830	-3.944633	5.844921	6.896194	1.904278	6.788991	5.353442	-6.708989	7.395446
86	2	7.288244	-10.258079	-19.810888	-11.203205	9.168698	-11.563264	-13.309169	-3.289149	-5.248488	-13.427548	7.258639	0.730106	-9.330816	7.001261	9.083528	4.847546	-20.853702	6.524863	6.328037	7.834962	6.412047	4.485440	-22.858867	6.489464
87	2	6.342662	-7.829444	-14.125220	-7.817385	9.369991	-11.110051	-13.428105	-4.149529	-4.357339	-8.795369	9.629799	-2.378909	-9.033587	6.725017	8.550983	4.788746	-14.158332	6.252717	7.753539	7.847548	7.717752	6.890425	-16.662572	7.543261
88	2	-11.259220	5.974896	11.766385	6.421132	-18.529485	5.432912	8.640177	6.769428	6.615427	5.025942	-19.043785	5.069396	6.581124	-6.136383	-10.368390	-11.047701	9.999024	-7.845498	-10.027693	-3.308778	-0.470116	-8.293511	8.688862	-7.468719
89	2	-9.109471	7.926170	10.213785	5.033051	-19.871563	5.042176	7.772483	7.023848	6.218560	7.504151	-15.393914	6.790207	6.401770	-10.086597	-18.142955	-11.068945	7.716002	-11.424967	-11.845025	-5.572016	-1.571705	-10.739522	9.024519	-1.395907
90	2	-4.159717	6.180423	9.128344	6.735421	-17.019748	3.326405	5.811126	7.129817	1.007296	1.190840	-18.941132	2.576268	5.854946	-7.802029	-15.457207	-10.331786	9.294407	-13.089423	-8.925134	-4.516973	-7.877664	-9.721849	5.857110	-4.297836
91	2	8.286645	-12.914548	-18.221572	-7.705574	9.884332	-8.448846	-13.040272	-1.242861	-3.209579	-13.143868	9.900916	-5.705797	-4.336920	3.737907	9.987405	8.891228	-11.305299	6.969863	6.786779	7.311666	8.252539	4.209436	-15.023152	6.888714
92	2	5.596993	-7.413753	-15.432596	-3.833896	11.545568	-9.529224	-16.335495	-6.070919	-6.865744	-12.195302	7.902700	-3.824091	-8.809593	6.777495	10.675671	9.327625	-13.664755	8.663910	6.407120	6.412364	5.251239	4.957550	-21.661055	6.315358
93	2	6.277601	-12.156006	-16.873292	-12.424033	9.047642	-6.693845	-13.870752	-6.585568	-7.087211	-9.944233	11.951423	-2.511561	-11.197300	6.319412	7.338331	4.988350	-18.055157	6.497056	6.790607	6.432613	4.339275	7.055103	-15.622395	8.764385
94	2	-5.849536	7.914239	2.803421	1.767697	-15.292494	5.879092	7.785963	7.819450	7.325652	4.912579	-6.055656	5.844210	3.802704	-7.419805	-20.293314	-15.737058	11.220377	-2.905011	-12.595497	-0.443096	-4.317349	-10.467220	10.374867	-4.957188
95	2	-8.238502	5.408946	10.757258	7.075646	-15.758432	5.929546	7.796365	4.692990	7.058606	5.915992	-17.551192	6.705643	6.334372	-10.712072	-17.193895	-8.405833	9.787285	-11.269980	-14.269728	-6.258613	-1.208832	-10.861763	10.019253	-4.729906
96	2	8.164386	-7.531287	-12.311499	-13.153303	10.129483	-10.666523	-13.225854	-0.125695	-6.665726	-4.576573	9.055640	-5.435206	-4.041633	4.590740	11.383578	2.902748	-20.175259	6.663669	5.884474	8.065614	5.692514	6.661129	-12.663025	7.349921
97	2	5.493039	-8.797027	-23.871504	-8.645085	10.123259	-6.276657	-17.130577	-3.014636	-3.148238	-0.901705	12.446246	1.131121	-12.240396	8.114416	4.923596	7.188830	-19.893210	8.428703	6.768333	7.389838	7.819891	9.727915	-17.739394	6.000576
98	2	6.845011	-7.864856	-18.666293	-7.582734	7.977501	-6.977229	-14.204506	-5.329174	-7.675686	-8.917212	11.929840	-1.202912	-6.566333	7.136062	10.013747	7.330893	-18.022799	8.305945	6.641485	6.304786	2.807900	5.734647	-15.789873	4.985926
99	2	-10.157060	5.200696	8.632421	7.687956	-15.697930	7.348398	6.689052	7.845062	5.561148	7.184814	-16.204608	4.836964	7.869360	-9.266558	-7.314674	-10.121513	10.988553	-2.901291	-19.027756	-0.507219	-4.384291	-8.305005	9.166123	-7.125872
100	2	7.956090	-11.840632	-17.360222	-9.670404	10.891227	-9.921062	-13.649499	-3.622481	-5.117251	-8.600237	12.307353	-1.350377	-8.945469	6.351882	9.553159	7.424719	-15.472395	6.789644	5.416425	6.279645	7.545284	8.057833	-12.896166	7.326183
