3	3	-8.989043	-8.789188	-9.921173	-13.371784	-0.298722	6.304856	3.466013	3.314888	5.121787	-1.020306	4.182226	-5.747877	7.011255	-10.477707	6.213487	7.723315	3.077429	1.779791	-12.833450	3.894259	0.028180	-2.972285	-8.877535	-9.707711	-0.297619	0.553685	-1.626646	0.432718	5.121787	4.947374	6.826211	1.763482	0.546555	-1.972571	-0.003088	9.403242	3.073556	1.779791	-12.432536	5.285879	9.111232	6.347349	7.006915	1.324442	6.040289	-5.809755	-8.113767	-3.102428	0.309276	5.141160	6.995659	7.946437	-1.488030	6.977988	-0.042320	9.404420	3.073556	6.852763	7.017770	5.454187
4	3	-11.510184	-11.267136	-13.761278	-15.546044	0.592426	7.281750	4.980932	6.628332	6.207807	0.132093	1.702592	-9.825865	8.075156	-12.068656	7.534330	0.653264	5.263389	2.610790	-12.848850	2.324859	10.024812	5.846318	4.828933	4.308723	6.801109	-3.075005	-3.328293	-2.113487	1.059709	5.959206	7.018209	9.698104	1.742051	7.617905	0.995528	6.327982	-0.113357	7.466377	7.275363	5.857325	8.347149	5.682646	3.750487	-0.583306	6.801108	-3.075005	1.981863	2.768007	6.207789	5.959206	7.018209	8.356200	1.742051	7.616517	0.995528	6.327982	-0.113357	3.038463	3.026818	5.857325
15	3	-3.567597	6.639181	6.487639	1.873422	5.806543	6.613022	7.332832	6.594148	6.178248	6.932311	-2.363955	-13.539845	7.441601	-1.211879	6.114879	3.079850	4.542449	4.468241	1.319928	3.458705	4.533292	7.188588	8.520225	7.476405	5.806797	-0.455344	1.585921	2.563442	5.900943	8.272930	4.190715	-2.825266	0.096183	3.604350	0.222858	5.929865	3.721628	5.003324	4.118478	4.494196	-15.427110	-9.617016	-5.356064	-3.912167	0.052501	6.618902	7.373228	6.594375	6.487191	6.932192	-2.364611	-19.727860	7.445067	-13.243162	6.114922	0.722586	4.696113	0.754262	-14.225128	3.458646
31	3	-10.780107	-11.444418	-16.400167	-12.997137	0.465312	6.979310	6.652178	6.410570	5.912281	0.231281	2.022978	-13.310098	6.355428	-14.355932	4.658624	-1.941935	1.848698	-0.883572	-16.581168	1.775225	3.674406	-6.129298	-16.379623	-9.405493	0.471181	0.386234	1.951785	3.171757	5.912281	6.435568	5.621959	-0.526927	0.669210	-8.802964	2.696766	4.608320	1.801841	-0.883572	-16.581167	6.452965	11.117890	4.438431	2.164311	4.276039	6.358240	-5.820802	-1.472188	0.392316	3.130189	6.435569	5.666019	11.290389	0.614244	5.099524	2.678371	4.608320	1.801841	5.171455	0.691749	6.459975
32	3	4.877386	8.200978	5.026437	0.135646	7.410634	-2.452934	0.988568	4.139843	7.439272	6.801449	7.857613	2.335481	-9.251978	5.038453	0.065289	7.183991	3.574375	3.404414	2.045587	7.196867	-11.443147	-10.397333	-7.217574	-15.286162	0.986336	4.767384	4.666254	6.373090	7.439814	1.414611	2.666971	-13.147951	2.462067	-10.373025	4.617414	2.377375	6.331062	2.585372	-14.076859	1.104943	11.170512	8.265859	6.721703	4.309676	7.410634	-2.452934	-1.193145	-3.803478	1.239748	6.801449	7.864480	7.407936	-9.379537	5.137087	0.065289	7.183991	3.574375	7.373006	6.502828	7.196867
48	3	11.398573	3.792376	8.719239	6.703903	7.723047	-4.639486	-0.616236	-6.019551	0.141533	6.292549	6.598652	10.206233	-6.880697	3.725220	1.216524	6.528127	2.654414	6.059411	5.386692	6.872135	-0.937419	-8.521954	-9.033311	-10.316803	2.146113	0.493866	3.007898	0.784714	6.133048	4.246177	5.794824	1.905864	-5.572013	-8.365857	1.469223	2.662877	5.100665	0.093595	-15.172273	6.762507	-8.052758	-13.093356	-9.030121	-15.900493	2.146112	5.705045	6.053530	4.977648	6.133048	-0.173915	4.426387	-8.438297	1.971711	-19.847900	7.049143	0.622735	5.100675	0.093445	-15.172273	4.929617
51	3	10.300210	7.400640	8.587361	5.301678	7.552483	-4.725183	0.957643	-2.476870	3.987233	7.352351	4.017424	6.954236	0.873500	6.695373	0.861654	4.694808	5.194935	5.907048	4.177628	6.590163	-2.527494	-2.341584	-2.783632	-3.292875	1.678321	2.365005	4.131910	2.891908	4.608025	2.714149	1.231525	3.375942	6.697737	1.979812	5.869096	4.455948	5.575485	0.103607	-11.695721	6.588987	-8.609108	-6.858001	-9.087083	-10.635158	1.657616	6.775705	4.139677	2.907153	4.608027	0.768270	1.167257	-0.276753	6.938741	-11.716151	7.205288	-1.654871	6.383144	-0.422769	-18.286642	0.241816
52	3	-3.592388	-9.722351	-8.874977	-8.400037	0.638719	7.532344	-0.303993	-1.473032	3.727867	3.115766	0.478919	-2.797356	6.523759	-20.536629	4.505204	4.012301	6.647734	1.438354	-10.315818	0.772176	2.015373	5.569152	1.943773	0.209737	6.471659	3.839238	-0.430273	-6.013889	-2.563056	6.157062	3.385190	3.036200	1.402423	-2.697268	4.488895	7.118884	0.737001	7.730320	1.914130	1.396217	8.354465	6.737054	7.399282	5.753395	6.471678	-2.790956	-3.858649	-6.014507	-2.603463	6.157063	3.386553	9.649506	1.402277	3.256745	-0.391925	7.466815	0.642760	7.875522	7.091900	6.669815
53	3	-19.996205	-8.789483	-9.521474	-11.232326	2.635286	6.681594	6.699588	6.594658	6.820041	1.218496	7.105205	-12.464775	2.896032	-14.665865	4.178954	-0.303697	5.957331	1.962630	-9.837058	4.374207	8.115057	6.731153	6.761808	6.392795	8.165276	-1.734954	-1.512836	-2.782642	1.186780	7.008799	7.304740	10.962082	-3.709166	7.426601	-1.458010	5.354264	5.116287	7.103575	7.906234	6.482381	3.719319	1.138541	-1.278570	0.918175	7.474509	3.336891	2.932667	-0.845683	1.346566	7.008799	7.292729	4.581665	-3.707609	-4.409766	2.254417	5.353649	5.117530	6.975182	2.687257	5.716357
60	3	-0.687440	7.207371	4.767503	4.984138	7.930616	5.436347	2.016294	3.520596	1.677156	6.090761	7.600505	6.356770	4.770241	0.793623	4.535363	5.311961	6.606635	8.643818	2.922334	2.878868	-14.644522	-8.956595	-12.246602	-11.003052	2.000330	7.269100	7.352361	7.165065	6.087068	1.586208	5.327031	-5.570022	5.254400	-12.673073	4.540160	3.200281	6.800572	2.262280	-12.474340	2.629719	9.166164	7.359374	5.878174	5.687031	7.937127	-1.703054	-2.983432	0.443006	1.677156	6.107207	9.356385	10.239566	-0.402886	2.746257	0.663778	7.626251	4.121787	8.643818	2.940363	8.887726
63	3	-14.974227	-7.963808	-11.401737	-10.872217	-0.108643	8.353072	5.089213	4.818794	6.902300	1.993467	-0.349100	-14.858961	6.202273	-20.006240	7.265334	-1.501906	7.585504	1.344145	-13.018933	1.145084	10.912288	8.108165	6.329014	7.493013	6.386921	-1.239753	0.334138	-0.531525	1.690856	8.362930	5.178885	7.512182	-1.931018	4.782119	0.996454	4.852617	3.676682	6.808761	9.047953	5.197106	8.619067	2.880022	-0.230527	2.611540	5.860696	4.302497	2.699915	1.590302	2.125468	8.362930	5.178885	5.331399	-1.931018	-2.393666	7.259142	4.852617	3.676682	6.665473	2.943470	4.100463
66	3	10.036527	7.261821	7.903927	8.563051	6.647111	-9.520538	-3.709744	-4.533457	0.802532	5.343918	7.978742	8.297817	-3.488369	4.715921	-0.662885	5.115078	5.758685	7.551096	8.121412	6.752350	-2.279460	-2.559122	-3.047306	1.724587	0.299423	2.002231	-3.695442	-4.533298	1.015182	5.239257	2.626890	3.275081	5.181428	-6.277751	-0.320262	1.442377	6.403953	7.318577	-2.195719	6.107766	-2.749287	-6.211074	-5.313219	-1.367809	0.098359	2.002232	-0.943018	0.036692	5.324555	5.149557	2.391878	-1.979568	5.216019	-12.749241	-0.320262	0.669713	6.407346	2.424411	-10.217652	6.107765
72	3	2.038708	6.531321	4.266122	6.944875	8.464534	6.956393	-2.373688	-1.030180	1.948162	7.015480	3.785193	4.567594	2.953418	-2.367288	5.971191	5.993892	4.465312	8.949862	3.443679	-1.043328	-10.001716	-10.743359	-12.568912	-7.806215	2.211667	7.316927	-1.371460	-0.151893	3.215330	0.743080	-2.387765	-0.660251	6.948122	-20.144098	5.984114	4.122688	6.095100	6.454981	-4.407256	-1.043432	8.476582	6.708458	5.713983	8.463513	8.464534	0.855547	-7.371877	-1.038721	1.948162	7.016346	3.794649	7.078600	2.874207	3.468127	0.475021	6.121624	4.339677	8.949862	6.707526	5.487950
78	3	4.200968	-5.723391	-11.878684	-9.869811	2.292322	0.693815	-0.735543	-1.416601	4.938591	8.056685	4.702485	-1.024343	-1.784474	-8.625994	0.354953	5.102121	3.095591	2.615354	-7.415201	7.833155	11.249648	5.143288	6.094374	3.882532	6.009399	-5.751785	-4.950954	-4.214762	2.633073	8.056953	4.702486	7.838843	-3.765523	6.993880	0.110914	5.105128	3.094369	7.337978	8.807087	7.848086	-6.608010	-10.079526	-11.878713	-10.586860	2.203329	6.144204	5.495987	2.099857	4.938591	1.647069	-1.620660	-13.073440	6.316453	-12.066219	5.791627	0.157192	3.425017	2.615354	-7.696070	2.932519
83	3	-0.903024	-3.547181	-13.146964	-8.934362	1.876245	-0.702229	-1.720599	-3.051768	1.414340	3.171195	5.843052	4.656542	-0.317445	-5.924582	-0.411532	6.301025	4.110909	5.091673	-2.779905	7.026769	-5.937409	-7.081597	-13.153404	-11.625654	1.876243	5.438700	2.055394	-0.342068	1.414340	-2.770966	1.775910	2.494280	7.027076	-12.279542	4.798077	0.108351	5.700856	5.091673	-3.077984	3.092358	6.947801	8.605089	3.972953	4.074183	8.364264	-4.638736	-2.142633	-3.504334	0.403392	3.847495	7.626644	10.233534	-4.540862	5.438883	-0.641198	6.553874	3.212763	8.508255	9.153448	7.039885
91	3	8.044102	7.239091	6.643557	6.170200	5.544553	-5.184068	-0.100958	-1.586492	3.407007	4.136156	9.670615	7.516919	-4.828884	4.896068	2.051734	7.363411	4.114795	7.965338	4.530179	5.638062	-2.284708	-9.617123	-11.210764	-5.527882	0.324542	-0.017421	2.529490	2.292914	5.348046	3.591687	8.178598	2.298856	-0.416193	-4.612727	6.985084	2.911697	5.986498	1.432311	-13.906137	5.608734	-8.664022	-10.393727	-11.318628	-5.543270	0.296064	6.263644	2.532269	2.294163	5.348046	-2.392826	4.115189	-1.544068	5.520824	-10.043911	6.993881	2.900610	5.988037	1.432311	-13.924831	0.001567
93	3	-13.559931	-7.659125	-6.715781	-10.838826	0.518780	6.701421	4.523103	3.016079	5.759646	2.583551	0.350010	-11.497164	6.041829	-17.951942	5.812881	0.534592	5.878831	4.480337	-9.154583	3.403637	9.490691	6.334441	7.160332	3.973697	6.839870	0.080579	-3.620985	-6.799902	-0.289272	8.033942	5.061696	10.148578	2.599402	5.974736	0.709845	6.402854	1.086572	7.053444	5.641731	5.742057	5.295372	5.728096	0.708268	1.690546	6.839870	5.664988	1.082572	-6.792989	-0.264893	8.015050	5.045186	4.282720	2.601091	-4.589207	5.810063	6.401680	1.088433	6.818448	1.762363	3.637169
95	3	-0.491760	-3.896461	-11.069952	-3.033671	2.896507	0.773562	-4.408185	-4.899071	-0.861293	7.071989	2.276729	4.823347	1.360752	-7.023706	1.569497	5.217870	6.775286	6.438817	-1.547868	6.469329	-10.215514	-10.057680	-11.163295	-4.554953	2.880238	7.041137	6.159793	4.030261	3.482371	4.644646	-0.999285	-12.158754	7.109888	-16.330861	5.923987	-1.210925	8.806959	2.948830	-1.654680	2.612048	10.980045	6.409111	5.397341	7.599603	6.729221	-2.147036	-4.476797	-5.362897	-1.673707	8.170276	3.975476	8.164512	0.367698	3.506984	1.569186	5.217990	6.774858	6.776094	7.373980	6.469330
