5	2	7.245933	7.560056	4.127267	6.157747	5.481855	-4.141622	-4.079437	-1.400681	0.906955	7.548467	6.296218	5.757528	-1.496672	5.891887	-0.903784	6.436959	4.955623	4.576361	1.690739	6.259548	-7.680619	-6.556897	-13.865808	-11.038399	0.024794	4.756599	2.333896	-0.585149	1.242510	2.365525	1.037072	-1.264376	7.295948	-15.005566	4.857639	0.212487	7.363454	0.769200	-14.115803	3.697367
6	2	-20.823761	-9.506457	-3.757344	-12.357769	-0.366269	7.668674	6.100117	6.252268	7.198851	4.501123	2.057698	-17.035182	6.994192	-16.551621	8.371657	1.614040	4.103648	7.108447	-9.695587	1.088836	5.547148	5.546538	5.607620	1.194540	4.781727	-3.026661	0.824446	-0.070281	7.011018	6.010391	8.212329	1.333944	-0.755543	5.459219	2.102407	8.224869	-1.623183	7.383182	3.249382	4.752236
8	2	-12.799021	-10.038912	-10.355599	-16.615642	-0.118862	9.024428	2.956324	0.671712	6.970455	2.379506	-0.490305	-11.507206	7.580258	-14.145517	7.792680	3.100603	3.809793	0.404497	-15.540450	1.254658	8.060996	8.365250	6.556212	4.109406	4.771170	-2.971690	-3.744841	-5.750985	1.083783	6.646871	5.381858	4.154544	-2.565716	6.631443	6.466618	7.464964	0.495314	6.774300	3.682411	7.453931
9	2	-15.311713	-10.265090	-12.107312	-10.308891	0.854423	6.322288	3.385121	7.809920	4.909377	0.677650	2.140623	-15.444200	8.750713	-15.054055	5.945139	2.609965	6.768995	0.444553	-16.408719	2.119911	3.264845	7.323865	3.258901	4.807388	6.392400	1.154178	-3.437586	-2.277602	2.641933	7.183984	7.510378	8.349019	4.320682	7.454619	2.237081	8.782850	0.689295	6.146714	4.239832	5.923924
10	2	-17.854254	-7.772094	-12.886962	-16.250065	1.073783	5.252633	6.956033	3.965738	7.311803	1.615575	2.780888	-7.808107	6.807246	-11.185627	3.157527	1.243181	2.671872	-0.699466	-9.310679	0.860360	7.583334	6.523700	5.986987	5.111558	6.848539	-3.591428	-4.751414	-0.502769	1.069328	6.666627	6.674793	11.960776	-0.913417	7.414218	-2.199292	7.130188	-0.970848	4.790940	4.751546	7.393223
11	2	5.332643	6.398995	4.280074	3.899764	6.414071	-4.451972	-0.320422	3.672082	6.249798	6.422632	6.994304	5.677944	-5.552904	7.948083	2.222128	6.127521	6.551739	6.596257	7.750795	7.660852	-18.716618	-7.556359	-13.725384	-11.338261	0.240935	6.699083	4.251094	7.991401	8.317405	-0.079907	0.510946	-9.478456	6.561425	-5.403733	8.192452	0.264703	7.684853	1.441131	-9.631189	5.228532
12	2	-20.756005	-10.929357	-7.829874	-7.853629	0.736912	6.274756	4.555544	7.259120	4.974903	2.080778	3.219566	-12.762940	6.502663	-11.233703	6.856213	1.384187	6.808676	1.011176	-10.756677	0.556532	1.998844	6.658773	7.273706	8.032782	7.347912	-5.014558	2.679143	5.098380	3.582766	7.268603	9.001038	4.732495	-2.621517	9.139611	4.347954	5.898177	6.050973	6.381153	7.036281	6.759547
14	2	-9.630223	-8.734018	-6.773109	-5.033890	3.215786	4.140365	4.129560	5.351019	3.586489	1.333447	0.869355	-0.264089	8.628462	-4.122149	5.939776	0.066022	6.978852	2.868860	-11.531481	1.462258	7.178638	9.191648	5.952303	5.612401	6.376001	-3.005986	-1.669096	1.872079	3.241595	5.977655	4.935964	8.945458	3.179987	7.371197	2.479510	6.644583	1.962070	4.943894	5.500577	6.576636
17	2	7.285929	2.473295	8.895811	4.295377	6.221264	-2.474444	1.597328	0.422753	4.331398	4.914903	5.188472	5.977308	-0.252642	5.950349	-0.935856	7.192626	1.211752	6.170105	0.565630	6.085322	-9.291134	-15.743323	-8.584793	-7.084178	3.731685	8.885162	4.461216	4.774472	5.277826	-0.991500	-1.158119	-8.043093	6.894162	-11.187934	5.682702	0.552755	6.160205	1.029874	-15.816925	0.835372
18	2	-18.056491	-11.016068	-8.936819	-8.763293	2.518623	8.334444	5.285785	6.912415	6.220049	0.983753	1.714281	-12.080685	7.377988	-17.002617	6.840765	3.164810	6.954014	2.182599	-10.408837	3.370850	10.234337	6.370003	5.797141	4.213882	8.160533	-4.301267	-3.661828	-4.057277	0.191802	6.298587	6.269556	10.767545	-4.041372	5.805513	1.339140	8.954374	2.341316	8.127073	6.533861	6.781680
19	2	-16.487786	-8.018943	-8.536223	-17.178768	0.440186	6.154490	4.354978	5.940285	5.088488	2.229200	-1.609872	-12.596807	7.363809	-13.487192	6.097633	-0.230669	8.851791	1.604208	-13.306036	3.520464	9.598713	8.773036	6.765169	6.141770	5.834473	-0.956264	-5.609065	-3.240200	0.014307	5.616306	4.452419	9.553169	3.389198	7.577162	-0.257635	5.222795	8.802991	7.304151	3.505904	5.762865
20	2	7.123021	6.397607	6.580609	4.883118	7.225703	1.959502	-5.056564	-5.692419	-2.064163	3.327894	5.632944	8.726375	-3.455229	6.899089	1.148315	5.295106	5.897843	7.207261	7.517574	5.041819	-6.411016	-11.731539	-10.465568	-11.301040	2.763735	8.500598	0.369675	-0.202098	3.338987	-3.040582	-0.430422	-1.470516	5.508448	-9.100163	6.745856	-0.972384	8.646930	3.146225	-14.395458	-0.840197
21	2	-19.497560	-9.665789	-8.174723	-11.526260	0.002674	7.488893	6.754932	3.334036	4.577468	1.129764	1.013838	-1.960316	4.450702	-13.380284	5.821524	0.856102	6.792900	-0.759702	-8.230706	3.142955	6.347890	6.454794	5.446890	6.045432	6.520204	-0.351657	0.480207	-1.038971	4.542812	7.664035	6.559165	9.095562	-7.280758	6.665042	-0.542250	6.462203	2.255480	5.046769	5.685517	6.340322
23	2	-9.242914	-6.395136	-9.323139	-11.821493	-0.793524	5.779991	2.997829	3.933004	5.378192	-0.561690	0.187968	-6.708595	7.270408	-17.630859	5.297824	2.815743	6.409055	0.160421	-8.591377	6.580523	9.509626	7.265920	7.647068	5.368018	5.281196	-3.655663	-2.401343	-2.725048	3.149407	5.348473	6.641545	9.068424	-0.788419	3.517974	-1.069090	6.985206	3.566178	5.849902	6.523475	7.343968
24	2	2.012091	7.752049	6.890987	0.532815	5.605684	-3.846010	1.736951	5.820894	8.349218	7.499265	5.977998	-11.437886	-3.234223	2.689296	1.842533	7.474946	6.967071	5.434298	6.130784	8.087899	-12.000325	-10.737340	-7.063288	-12.578216	0.564365	5.063001	5.372777	6.386040	8.500731	4.443878	-0.356514	-16.675238	3.887410	-9.425961	5.550949	3.523998	9.063154	2.600661	-15.149264	5.833380
25	2	-19.960842	-13.567709	-11.606701	-7.031393	-0.083666	4.249873	8.097145	8.078915	8.253994	-0.520037	0.676658	-9.877527	5.361219	-14.232340	5.540270	0.192302	7.972311	2.438656	-13.223706	6.951310	6.287669	6.024247	7.256210	6.645466	5.717925	-3.266301	-0.111047	1.125071	1.848161	5.200147	6.758527	6.681017	2.153477	3.599519	-1.055686	6.703313	5.968131	8.061994	2.296959	9.081354
29	2	-16.082949	-13.419165	-10.190586	-10.545076	-0.606499	5.749763	5.968110	6.306718	8.518471	5.655116	2.077655	-11.362552	6.007402	-13.397839	7.487328	0.466043	7.201681	1.299981	-17.376601	0.586320	-0.124536	4.725513	6.819478	2.116300	6.010102	-6.298884	4.871574	6.253049	7.342183	8.490192	7.661574	-1.737166	-1.402989	2.965766	4.277304	6.005115	5.924316	6.113545	5.177427	5.989670
30	2	-11.778290	-12.691866	-10.847768	-12.932394	2.281248	7.104415	6.273207	2.984395	7.043573	-0.405741	-0.016839	-15.755935	6.399951	-12.454485	6.587095	0.268986	7.289086	1.378858	-9.803014	2.111158	8.542464	4.989620	4.752128	3.992194	6.054192	-1.887780	0.252608	-1.297301	1.042475	5.903406	6.499348	7.503949	-1.849337	8.618119	3.443826	6.403889	5.284119	6.895011	7.807198	8.412774
33	2	-11.229287	-11.371204	-4.507674	-15.565225	3.039672	6.371240	3.773720	1.979115	6.744401	1.823602	0.218374	-10.284931	7.887555	-12.562273	5.469311	5.104488	0.057668	2.691832	-9.234747	4.285980	7.381068	7.010710	7.221059	4.563261	8.041444	0.463737	-5.748418	-5.886997	0.312940	7.062191	6.694450	10.373645	0.269043	8.774342	1.136624	8.485968	-0.403108	9.247284	6.914515	6.402559
34	2	-10.112533	-6.194872	-10.729001	-15.859219	3.707740	7.099963	2.393652	0.935363	6.500450	1.264383	1.315210	-3.335685	6.551103	-12.956363	4.544090	-1.707595	6.901708	-4.541784	-11.609394	1.445304	2.143935	7.634017	7.042407	0.687547	6.359727	-3.676810	2.185318	0.872393	6.392369	7.043426	5.700343	2.514723	-0.072496	6.467981	-1.094597	4.842896	6.303295	1.344801	1.890842	7.036480
35	2	9.480366	6.098125	6.009410	6.767735	8.410061	-1.878294	-4.059990	-7.055603	0.311099	7.909687	6.440850	9.833534	-1.972234	7.164664	1.822963	6.258451	7.544867	6.716612	8.809439	6.845218	-14.816589	-8.677783	-9.788718	-4.243055	2.290141	6.956931	5.156926	3.834141	6.670874	2.671654	-0.010120	-9.750668	7.028097	-12.152974	6.624501	1.574858	8.532543	0.342295	-12.468169	3.498193
36	2	-10.375991	-5.356607	-5.495270	-13.380162	-0.551189	6.692768	2.727312	3.805026	8.672364	1.860675	1.165675	-15.255284	6.369376	-11.369903	3.215131	4.555097	3.243502	0.523969	-13.480320	0.615726	3.822431	8.459588	6.876215	0.936139	3.316508	2.300354	0.400519	0.726830	8.415747	7.631174	6.864547	-12.687360	0.142438	2.628624	0.197138	9.179437	2.983708	5.389117	0.555109	4.862513
38	2	-7.335043	-9.065601	-13.774785	-17.144143	0.960662	4.762374	1.479397	-0.185593	7.978058	3.493249	1.069626	-9.491048	6.332581	-10.202523	2.894000	-0.344767	5.922333	0.620450	-16.070780	0.400216	8.854675	8.841624	2.455314	4.691165	2.533278	-5.411400	-4.541772	-4.504535	1.979958	6.855210	7.538015	-0.990432	-4.016716	4.321506	1.008003	5.414720	4.133895	7.138205	1.289687	6.119995
39	2	9.712604	8.590628	7.501552	4.257572	6.971760	-4.550521	-3.389577	-6.027838	1.445008	6.909243	7.349295	10.051641	-7.073665	4.192678	-1.461306	8.371686	1.446716	7.371448	6.237029	8.791785	-10.297107	-8.806761	-8.660592	-14.778599	2.213656	3.574956	1.373900	0.770335	7.309777	0.799082	0.941471	-1.954773	3.763494	-12.608158	3.303400	2.017318	6.810049	1.818042	-6.778213	7.695915
40	2	-19.216003	-6.066074	-7.154607	-12.345900	-2.239592	7.020065	7.229783	8.318233	6.614841	1.541744	0.640685	-14.504394	5.806593	-12.057238	7.143995	1.248849	6.898826	1.306316	-6.067008	1.495965	5.069612	4.828049	7.858557	5.886811	4.343804	-0.014676	1.414014	4.745075	4.880403	6.850568	6.336666	-0.558701	1.935269	4.946645	1.241877	7.513033	6.772976	6.393151	7.799213	7.077367
41	2	-25.769160	-7.663436	-6.964251	-12.989093	1.935768	6.672790	4.733638	8.652908	8.051632	-2.370160	3.142064	-18.538665	7.547098	-16.534050	6.728542	0.264269	8.244246	1.948041	-13.091169	5.506281	7.269883	6.676528	9.776075	3.149682	8.527728	0.188081	-0.534175	0.058004	2.292466	3.646164	7.780586	8.159872	-2.693673	6.796536	1.653850	6.638513	2.909640	7.163497	6.728944	7.214731
42	2	3.997912	8.148123	4.570080	7.337594	4.091182	-3.513080	-0.304551	-3.003600	1.064125	6.464223	7.088827	4.954113	-4.740390	5.762415	1.091229	6.809450	2.251141	6.526546	6.314600	5.700090	-16.038559	-7.969143	-12.025810	-11.188588	-1.512723	6.529167	6.400487	5.514480	4.662713	1.172459	1.246736	-4.479370	5.211508	-14.714311	6.171064	0.499385	6.753797	0.808167	-12.023194	0.223884
43	2	-18.430652	-8.730731	-11.133358	-13.928873	0.151215	3.818194	6.358533	3.467242	8.730194	0.296725	5.626343	-10.601270	5.672110	-11.495555	4.822180	1.472963	7.157020	0.901731	-15.497979	3.180378	8.410884	3.461840	6.083792	8.054527	6.722550	-6.652308	2.000405	-1.376554	4.718270	4.333949	8.834513	7.004888	1.414434	7.623404	-0.383475	7.908952	6.015107	6.439441	6.393094	7.805056
47	2	9.118940	6.813802	4.001499	8.207220	5.950367	-8.363063	1.041380	4.483399	3.329526	6.263343	6.587291	5.699979	-6.272502	5.756408	1.641221	6.496091	-4.222625	6.837601	6.801503	8.099689	-10.078636	-6.819102	-13.857117	-10.514400	2.494494	4.532939	7.286515	8.473616	5.908912	1.431776	0.511987	-6.495200	4.719049	-11.446179	6.741297	1.557812	1.772923	0.958150	-16.738385	6.334388
49	2	9.845691	2.668810	7.185035	5.116634	7.138315	-5.581639	-6.173832	-0.720529	1.307211	8.419109	3.555252	10.499431	-4.892644	6.606795	-0.394026	7.334834	3.603723	7.747221	8.880014	7.016414	-5.087253	-11.593118	-9.426324	-6.867100	1.587863	6.934453	2.587873	2.757580	5.353968	4.531684	-3.017645	-9.042385	2.197864	-12.705882	5.668859	1.189961	6.494600	1.414053	-9.935572	2.413978
54	2	7.548106	8.047993	6.215687	4.955518	7.777405	-6.093694	3.823723	3.460333	3.195097	6.787602	5.900578	2.113828	-4.219507	6.632641	0.499076	8.145728	0.927688	6.946684	4.406982	9.660180	-18.539491	-7.364390	-11.667831	-13.910314	1.138717	4.951492	9.407495	4.090816	6.792239	4.317810	1.504544	-12.154772	4.515880	-17.449547	5.749663	5.128652	3.711040	0.747432	-16.760153	3.346042
55	2	-11.517242	-6.575935	-8.213953	-16.245053	1.773587	4.303850	5.888293	5.382743	6.801365	-1.612571	3.916105	-9.010978	6.980986	-12.773505	7.257546	1.362552	4.227551	0.055744	-19.469784	1.848344	7.271224	6.736108	4.999097	0.353274	8.146944	-7.601985	2.344770	4.202289	3.129683	4.850095	6.731648	0.929678	-2.164754	7.121785	1.999718	6.276796	1.011828	5.707239	2.190915	7.233347
57	2	8.966008	6.121509	5.472597	6.962577	6.743059	1.629512	-6.145479	0.525693	0.635548	6.316895	4.765009	8.504350	4.162575	6.330657	3.673103	4.931454	7.752211	6.050714	7.070778	3.046636	-19.573569	-7.311671	-11.734028	-8.681983	3.820574	7.967997	4.191532	6.174847	5.210720	0.920433	-1.826384	-6.526892	6.667069	-14.707912	8.307632	-0.250386	8.177052	0.808910	-14.903431	0.063122
58	2	-12.990931	-9.764781	-7.354715	-11.905016	0.410763	6.429554	7.034814	5.441152	5.766432	-2.356130	2.310606	-14.810881	6.911390	-5.860166	5.858199	0.524051	8.468845	-0.629667	-14.447739	0.033641	7.011104	4.975498	3.370286	-0.393384	6.456495	-2.060535	2.944469	-0.784359	5.766431	2.985083	7.355513	3.094123	-4.128792	8.952302	1.476650	6.446799	7.216738	2.665304	1.744338	5.673285
59	2	-14.058904	-10.230278	-5.864385	-16.101385	0.226570	6.568984	4.562518	5.921957	8.291462	-0.344990	2.870613	-16.611534	5.488773	-14.727622	6.607363	1.223956	8.683420	1.791404	-11.919112	1.309508	3.371539	4.734249	5.274567	-1.311350	5.593542	-5.876469	3.477278	2.601657	8.290978	6.194789	9.054021	0.278490	-2.924505	4.561117	0.657435	6.437821	6.993501	1.901075	3.651519	6.252864
65	2	-20.608961	-14.947945	-12.311461	-10.469997	0.690942	8.763339	6.443195	6.975071	5.469562	3.322155	0.294909	-17.650005	6.389755	-13.841167	6.597075	0.564607	7.075953	0.404097	-16.198248	4.554184	6.727328	3.898557	5.411414	6.879214	5.296013	-0.891060	-4.572943	-3.110581	0.632939	7.161410	6.505844	9.921586	-2.658170	7.582229	0.558749	6.379014	2.739855	6.997439	6.090450	9.250795
67	2	-3.783677	-10.266185	-11.388726	-15.146051	2.798515	6.570352	1.974106	-3.148095	6.851759	1.827645	2.037279	-0.889897	7.496094	-12.417544	5.067345	9.357283	3.088320	2.631095	-7.908905	0.397181	9.663915	6.623791	4.670276	6.060755	7.313027	-3.993268	-1.740442	-7.559796	4.532679	7.857749	7.730251	11.738766	-3.633671	4.017883	0.638508	9.583339	2.981637	6.783877	5.819304	6.104421
68	2	-10.721416	-11.456573	-10.792564	-6.834504	-0.788868	5.382549	3.218819	4.066051	8.299440	2.400070	-0.222746	-5.730224	6.089001	-19.069070	5.045868	0.291456	2.290634	1.753446	-8.833642	-0.647785	9.166700	7.924799	4.034429	5.067741	5.532929	-3.223491	2.145023	2.681551	4.616484	5.706093	6.281255	7.672993	-3.917627	1.293079	-0.909035	6.424570	-2.560095	7.206292	5.813858	5.003024
69	2	-13.039096	-6.990831	-10.770552	-8.081631	2.232035	4.473346	2.562989	2.835087	6.867388	0.105811	2.243167	-6.453300	4.502038	-5.875746	6.542061	2.132587	6.398306	-1.140436	-14.788534	3.883571	5.092074	6.735895	6.065462	0.892802	7.860581	-4.208308	-1.485409	-0.493652	6.792711	5.851655	8.872079	2.576796	-5.333175	6.547916	0.488722	7.622070	3.514284	4.861080	4.460376	6.376545
70	2	2.890839	5.820719	7.118227	4.679804	3.678054	-1.079554	-3.815738	-0.702050	4.646589	6.927421	2.385808	3.357554	0.418821	7.287584	0.383629	5.333537	6.740385	3.867526	-3.970515	6.532595	-13.105759	-11.563517	-12.141033	-12.527526	-1.702362	5.614603	0.632579	-0.677023	4.707271	1.003871	-2.714165	0.326361	4.344266	-7.835699	6.680909	0.004966	7.500111	-2.616096	-10.795695	0.812888
71	2	10.907864	7.327627	6.024133	6.820159	5.768311	-3.909620	-4.807152	-4.174040	-1.661393	5.449985	5.597430	8.611567	0.243163	8.649268	4.024693	8.263098	1.026987	7.413046	5.744160	3.038635	-9.672638	-11.348510	-10.684636	-6.092405	-0.798232	3.734559	6.953031	2.233416	3.938375	0.630692	-0.798876	-1.752759	3.312685	-8.966760	8.976374	3.533397	6.538650	1.906999	-16.018764	-1.226338
73	2	8.401109	7.050046	8.471317	6.490293	5.976750	-0.849224	-4.210628	-2.727712	1.337090	6.652997	3.051679	9.461902	3.415823	6.344113	0.003493	6.638473	3.642684	7.169490	4.864522	3.436998	-18.949221	-7.552467	-6.452060	-8.448262	1.307474	5.667609	5.067338	6.727767	5.811566	0.231325	-2.599605	-6.395286	8.358879	-9.809925	5.617539	0.120611	5.946540	3.738694	-13.640970	-1.064093
74	2	-8.997421	-8.778245	-7.297523	-12.580497	1.259729	5.428789	-1.332300	-2.841692	0.280699	-0.532850	2.140039	4.901446	7.281187	-9.725680	3.817582	0.751638	3.518218	4.877077	-7.760924	1.181816	8.399135	8.070472	8.277473	3.129522	7.660694	-1.413190	-7.803539	-4.243861	-2.283842	5.887522	7.060448	10.817617	-1.441481	7.884061	0.592309	6.124366	-2.752239	8.804149	7.465099	7.258545
77	2	-20.611882	-9.815728	-7.758130	-14.267993	-0.395142	8.939700	6.175258	6.488066	5.834749	3.458974	1.586876	-10.680650	7.154504	-10.954414	7.223246	-0.497775	7.173771	0.581464	-14.895595	2.129494	1.354409	2.679794	2.840326	-3.954473	5.492528	1.432768	1.646472	3.910584	5.790777	4.553026	7.337702	4.929517	3.130402	9.000888	0.992773	4.614748	6.551663	0.953199	-1.140789	7.827610
80	2	-18.168702	-6.657655	-11.611587	-9.713395	2.915951	7.251875	5.667750	6.711939	7.549645	2.866601	4.185980	-9.063216	4.569628	-16.281223	6.872514	1.823740	5.812753	2.473972	-15.634552	-1.714211	8.038374	9.117501	5.955056	5.541945	9.361741	-2.603040	1.498271	3.363802	5.483356	6.630639	8.637707	6.402338	-4.403414	6.611641	0.450589	7.762434	0.063797	6.250073	4.907587	4.777460
81	2	8.467694	8.203278	6.153141	8.514147	4.676775	-5.692949	-2.558359	-2.326597	0.616399	8.848275	7.410838	7.858150	-6.798650	6.363693	-3.592256	6.537183	7.139551	7.051334	3.240871	7.685457	-4.395053	-7.855058	-11.896688	-10.109839	-0.944004	5.269667	1.466886	1.573363	5.769057	2.311856	2.106968	-6.275285	3.159811	-17.597942	2.766979	3.735425	8.872110	0.678585	-19.890998	3.585322
82	2	-15.940830	-11.675681	-10.282774	-9.416630	2.254086	6.585040	4.303680	7.341031	5.481941	1.644398	2.309966	-12.551975	5.280087	-17.212558	8.759419	-3.186097	5.835938	-2.174375	-10.828103	0.059487	3.104403	2.316802	4.392622	4.198629	6.683958	-5.956986	-0.622374	5.051448	5.472064	7.716355	8.007295	5.261732	-6.243219	4.177047	2.396080	3.260333	-0.651676	4.299251	8.527741	5.833384
85	2	9.347247	5.820127	8.123155	5.033213	6.187244	-3.082438	-4.894941	-4.053085	-1.320083	6.158055	7.969283	11.319045	-5.822022	4.508714	-2.381952	6.181337	2.164920	6.536121	8.067677	7.104263	2.002655	-5.128201	-9.797469	-6.069747	0.409190	-1.098279	-1.064301	0.645178	5.106892	6.158023	7.925608	5.749297	-5.817629	-6.732694	-2.381910	6.181337	2.164920	1.071603	-10.710943	7.103135
86	2	6.915485	5.938684	7.356533	7.427115	6.871395	-7.122280	-1.374299	-0.822369	1.890026	6.784982	6.867649	11.023544	-1.602252	6.628590	-1.183976	5.962679	2.362388	6.055839	5.209954	7.059464	-18.431071	-10.911398	-9.612036	-11.572806	0.482646	4.371460	5.346873	6.698624	5.209108	0.359672	0.952953	-3.758579	7.179910	-13.795723	4.453038	-0.232750	4.122675	-0.349060	-12.718458	6.483718
87	2	6.155862	6.563507	7.146418	8.080505	5.034213	-4.572822	-5.277681	1.050315	4.054772	6.577037	5.399040	3.789452	-3.414008	7.196937	-1.101733	6.562750	3.933767	5.782226	5.423164	6.564455	-9.206553	-7.233908	-9.164060	-8.026728	1.035348	6.738973	-0.821558	1.502450	4.632538	2.084801	0.010300	-7.164795	3.992314	-13.682209	4.977447	0.768314	8.159703	4.979079	-9.679828	0.583877
88	2	9.699467	7.103853	5.730553	5.213153	8.098716	-4.790319	-1.209022	-0.740087	0.950993	4.390196	6.088110	9.793767	-2.141671	8.384455	-0.652365	8.100541	5.009276	7.266186	8.662630	5.650831	-20.018558	-8.923826	-7.388721	-16.281620	1.517534	7.312123	6.763907	9.345221	7.155548	-0.719941	0.636753	-13.829543	5.630596	-9.229069	5.822037	4.127851	8.571915	1.739697	-9.972000	2.063090
92	2	7.426703	3.836240	7.036312	6.207748	6.825252	-4.231615	-2.734416	-3.250545	4.705933	5.559851	4.888442	9.638993	-4.373010	6.013916	1.031497	7.212858	1.501175	5.108991	5.461767	7.371001	-18.610173	-12.896712	-8.235941	-13.986285	0.984723	5.875540	5.192494	5.616785	7.956785	-0.838189	-1.278663	-8.814459	3.895082	-13.229493	7.566624	1.897328	4.372134	-1.178883	-11.584129	2.787608
94	2	-10.367269	-10.476992	-5.440771	-8.314397	0.246836	8.923612	2.510587	-2.400162	4.325539	0.826000	-0.577563	-7.122307	7.237550	-14.824341	6.494210	1.379821	5.047237	4.210321	-7.177014	3.562567	7.615569	5.095308	6.477436	6.125667	5.426022	0.243428	-1.966961	-3.641805	1.051970	7.449562	6.054437	8.925717	-5.837154	7.456139	3.039403	6.250384	3.702387	6.418301	7.420185	7.947228
97	2	1.360401	-4.757546	-10.408656	-11.108975	1.154341	1.607605	2.906633	1.667435	1.261766	4.061243	4.645518	-2.037767	-2.223275	-6.254486	5.132446	6.982755	4.148827	1.534133	-11.267602	7.555652	-5.186698	-10.496960	-10.408657	-12.136984	1.154341	6.704495	3.002378	1.669577	1.261766	-1.772852	-0.775345	-8.007435	4.322811	-12.903129	7.327753	4.717201	5.619367	1.534133	-11.267602	1.868359
98	2	-10.824028	-11.783056	-12.777768	-9.132112	1.853517	5.485275	5.299605	1.019576	3.199453	0.171300	2.167348	1.027108	7.238621	-6.582000	6.411271	5.561715	1.922588	4.557762	-11.963075	1.127570	10.267648	6.081553	2.802511	5.107865	6.716700	-5.880253	-0.102723	-5.651483	2.419593	5.234450	7.054119	10.543322	-5.074820	9.648845	1.935535	9.086253	0.508527	6.189627	7.118045	6.938519
99	2	-21.818578	-8.068648	-13.868689	-12.133980	1.948178	4.166446	6.593996	6.462023	7.589470	-0.560567	5.152025	-9.159157	5.228009	-12.600430	6.098340	1.319291	7.965343	1.710359	-11.754688	0.811716	2.134962	7.990734	3.350574	2.520508	7.037993	-5.789627	0.233348	-0.015453	6.328182	5.815423	6.624732	5.116343	-1.949278	5.195082	1.328768	6.632283	4.966093	6.359192	6.709989	5.741926
