1	1	-23.134724	-8.627626	-11.627933	-8.580916	-3.669892	5.912588	5.261698	5.848421	7.772157	-1.573730	0.123031	-15.599419	8.397286	-10.833419	6.441570	1.270671	7.554651	2.490027	-7.422290	4.293062
2	1	-13.562020	-4.809885	-8.101712	-9.955652	2.897287	5.326076	6.237865	6.686196	6.372359	4.136585	1.760679	-13.788711	6.973154	-16.665439	7.700227	-0.104350	3.306412	1.030798	-8.738372	0.817578
7	1	-8.940930	-8.428828	-9.454577	-12.588725	-0.574754	9.552328	2.918874	2.645169	4.284077	-1.525389	3.622001	-4.722811	5.228176	-17.034626	6.247419	1.811054	8.344452	-6.247368	-9.224254	0.322628
13	1	-8.734135	-8.764736	-11.462208	-14.295520	1.334449	7.894621	3.273144	3.031967	3.195285	0.399198	-1.732677	0.526796	5.173894	-11.548720	5.771948	-0.610111	7.176312	-0.689698	-6.821468	-0.881238
16	1	-5.268476	-6.310426	-9.801036	-14.874624	1.195040	1.933154	-0.116414	0.651117	9.463574	0.653847	7.026900	-9.523615	-2.638686	-11.046253	3.194983	3.063743	6.330121	0.601528	-18.504709	2.069869
22	1	10.973128	7.027699	7.108507	8.759462	7.846620	-5.396637	-6.598158	-5.832094	2.346145	8.630123	9.154500	10.184983	-5.880897	6.728919	1.146104	6.881395	0.746762	5.555657	2.699359	5.633804
26	1	-14.133546	-12.008932	-11.103351	-14.515977	0.162137	7.926381	7.026874	6.244595	7.667454	4.665642	1.632380	-16.018111	5.177242	-14.895859	7.099632	0.266401	6.333681	0.302517	-13.085867	2.053743
27	1	-18.937012	-6.663338	-11.394716	-14.595493	3.563052	8.042306	5.402997	6.783213	7.898611	-1.487246	2.644528	-16.025036	5.827097	-9.335378	9.143742	1.408721	3.194037	-0.692418	-10.748653	2.652572
28	1	-20.254827	-7.941156	-16.590515	-16.385410	3.905265	7.932553	6.481827	6.241232	6.263004	-2.497125	1.897874	-3.564783	7.029506	-17.497869	5.794732	0.440338	6.961599	0.126759	-10.063092	1.208264
37	1	-23.448517	-9.804599	-15.409585	-8.938888	-0.848389	6.107870	8.828631	4.608128	7.134405	2.358520	1.838026	-13.210925	6.889510	-16.541103	7.333235	1.910763	5.495213	-0.051265	-14.464595	4.524622
44	1	11.406346	7.497874	6.474994	6.959527	6.340734	-7.071006	-3.380978	-4.171460	1.201287	6.484994	5.414445	10.856425	-0.336920	5.663010	-0.505067	7.822217	-0.179704	6.601357	5.595714	5.717452
45	1	-19.349515	-10.703092	-11.722942	-18.227081	-2.722844	6.154232	6.111936	5.396529	7.559068	1.896205	5.296314	-13.235748	5.881061	-19.065240	7.528415	1.249062	7.234484	-0.686666	-14.979720	2.184209
46	1	-17.133303	-7.770250	-11.385777	-10.850563	2.037061	6.967667	6.489965	6.760584	5.718081	2.666633	-0.334323	-14.901037	7.718386	-16.986352	7.912909	-0.654072	5.531439	0.689196	-9.133638	-0.384226
50	1	-16.366764	-5.562455	-11.313475	-15.398610	2.408318	5.393937	5.730919	8.499233	8.017531	-0.325881	4.078218	-17.300969	7.374394	-13.503024	8.134391	3.828070	5.468841	-2.292004	-12.854599	4.080742
56	1	-13.047250	-9.543994	-10.873289	-14.989583	1.970375	9.152885	7.775863	6.104146	7.067941	1.309837	-0.703397	-9.498980	5.762475	-15.925997	6.289337	0.478405	8.312530	-2.756872	-19.676239	0.719426
61	1	-18.012508	-14.521475	-9.031126	-9.048625	-1.864992	7.724140	7.955615	5.718640	5.176194	3.119185	-0.041227	-5.641079	9.172521	-20.171804	5.736102	0.968432	4.809399	2.162156	-2.305904	3.200830
62	1	-24.006115	-11.118742	-5.369104	-13.290802	2.020099	5.978951	5.418270	5.237929	6.972986	-2.194561	1.137869	-12.873322	7.896065	-9.086633	6.526812	1.695232	7.055995	-1.167388	-16.898732	1.353131
64	1	-3.520248	-9.354261	-9.824180	-10.719083	-4.378567	-0.681660	2.308019	3.427899	4.156161	5.868333	5.774772	4.925997	-2.982174	-3.580477	0.700793	3.495091	3.442496	-0.824452	-18.347506	6.026413
75	1	-14.514095	-12.797823	-11.500772	-7.103993	-2.081054	5.786445	5.812953	2.668627	6.118065	1.171404	2.037701	-18.970626	7.199799	-17.190215	6.089958	2.316521	8.301673	1.659106	-3.194030	2.342129
76	1	-17.626624	-11.747738	-3.951672	-11.487645	0.371654	5.964016	-0.194645	5.356298	7.019570	1.075796	2.975514	-7.521305	7.142441	-12.401938	2.861599	1.469241	8.881959	-0.775367	-12.733805	1.739420
79	1	-12.842081	-7.165650	-8.683258	-11.748015	-2.898935	1.845032	2.536730	8.335033	6.846561	-0.775904	4.277332	-7.160721	1.692514	-5.312005	0.763245	1.035217	6.821958	0.272936	-13.739370	6.008060
84	1	-19.493911	-10.762880	-8.006634	-15.619080	2.673270	4.791899	7.929293	6.626037	7.447057	-1.692607	5.409251	-12.786922	3.564049	-13.386589	6.381801	4.111150	4.717160	-0.002788	-12.322217	0.164519
89	1	-15.804374	-6.269946	-3.990421	-9.419678	0.925472	7.773125	6.812502	8.646472	7.115847	0.931539	2.792420	-13.784221	9.323512	-12.174775	8.460994	-0.023709	3.235223	0.884664	-16.046631	-2.518561
90	1	-14.104435	-11.573677	-12.344330	-17.488401	0.466810	3.306469	5.172121	7.410541	6.950212	0.919480	-3.400557	-7.760557	7.056052	-12.010068	7.064627	1.060337	8.756096	2.753494	-13.454447	4.496162
96	1	10.518796	6.326074	3.552419	5.457617	9.454484	-0.371233	-5.794076	-7.534395	3.101034	7.690363	2.537752	9.644490	5.696534	5.136463	-0.560053	6.574908	1.596876	5.566418	5.191653	4.869538
100	1	-27.201709	-11.908651	-6.938218	-16.546782	0.664845	8.096892	8.418501	6.360286	7.045497	1.601575	2.815383	-6.430728	6.528316	-12.909183	7.699081	1.263601	4.390884	4.118074	-11.374486	0.802889
