1	2	6.624539	1.622521	-4.563441	-12.041885	9.359767	5.893523	6.751148	-12.822847	7.664960	6.955104	6.767368	-16.379035	-5.854214	-7.230168
2	2	-4.693036	5.568911	1.438422	6.174297	-4.598383	4.042843	4.985800	6.331667	-0.951079	-9.134775	-8.321960	10.079765	6.911347	7.074711
4	2	6.386819	0.511458	-3.530489	-8.202808	9.286964	6.934420	5.771067	-9.328628	4.707812	8.083741	5.834605	-14.842294	-5.049896	-9.070338
5	2	5.420739	2.457128	-2.794355	-9.347662	11.030420	6.601848	7.015359	-6.701214	7.397153	5.111095	6.695832	-17.399744	-4.416043	-6.903653
6	2	-11.747951	3.955793	6.751447	6.143150	-12.459181	-7.764654	-7.486328	5.221370	-0.315772	-5.449331	-13.174314	8.753803	4.545475	6.238802
8	2	-8.503289	5.326071	8.539340	8.202762	-9.711443	-6.667265	-8.538708	8.729525	-0.621973	-0.427172	-4.953210	10.765214	5.559457	6.718859
9	2	6.687567	-0.623506	-4.919490	-3.508540	8.493554	3.911023	8.462849	-7.926679	3.685193	6.648700	8.227213	-9.064889	-5.208764	-9.462742
14	2	-9.296669	3.438937	5.351276	5.831334	-15.672342	-5.557500	-12.396750	6.224504	-2.861456	-6.553528	-5.100013	10.181564	6.456618	6.446616
15	2	-10.084248	6.919417	4.450540	6.657828	-14.305631	-5.534743	-5.653915	7.996016	1.222787	-5.419190	-6.086214	8.792668	3.773563	7.233816
16	2	5.950436	-0.634320	-9.348140	-8.077435	9.763371	6.304442	6.706791	-7.768838	5.646929	2.883059	5.546470	-15.846446	-4.539314	-6.342797
17	2	5.818307	-0.174446	-4.885172	-10.772018	9.882706	6.123777	5.674962	-9.261537	6.374450	6.089150	6.234852	-15.514653	-1.783407	-10.120568
18	2	-6.435305	6.651984	3.604461	5.970166	-16.992033	-3.023868	-6.122398	5.435399	3.994126	-9.012230	-13.045752	9.834057	7.642285	5.126731
19	2	8.052599	3.806979	-5.476651	-10.570783	11.376961	4.213137	5.627854	-7.516636	5.067429	6.827476	6.978875	-10.557336	-5.830358	-9.242354
23	2	-6.870488	8.294893	5.599731	6.120235	-16.759985	-7.252123	-11.665592	6.961912	3.825202	-3.993662	-10.134782	10.493474	4.543495	4.604988
24	2	-11.032861	6.620250	8.774589	5.848943	-14.902034	-1.926825	-8.844800	5.417177	5.999937	-3.476028	-13.611097	4.923587	5.667872	5.358581
25	2	-12.935778	6.397938	5.968540	6.858939	-12.603546	-5.472174	-9.288704	3.702334	0.218381	-3.056254	-10.310437	10.693437	4.762412	7.451633
26	2	5.994871	5.853747	-5.793232	-7.162937	5.399033	5.868264	7.769433	-9.598645	6.353522	6.797221	6.312503	-8.461310	-0.714870	-5.343187
28	2	-6.195593	8.103910	8.161508	6.700942	-20.210621	-2.153992	-8.930715	6.364350	2.225651	-3.035110	-9.172008	9.083034	6.132737	6.363492
30	2	-11.386649	6.916521	8.613829	4.651214	-12.250649	-4.555343	-13.132223	6.135341	5.796936	0.166844	-11.154167	6.514920	6.976617	5.692330
31	2	6.867758	-1.683900	-3.866087	-8.902747	10.254022	4.962537	6.705243	-6.563935	3.591204	6.427960	6.630538	-10.082100	-4.268842	-5.704352
32	2	-5.998026	9.429506	5.646141	6.219671	-25.634476	-2.818318	-4.551627	-2.984688	9.429504	5.646133	6.207505	-19.390745	0.869695	4.448553
33	2	-7.401677	6.213375	8.166254	7.820763	-15.157278	-3.182053	-10.701211	7.855118	0.401372	-4.062212	-7.023729	9.513497	7.919025	6.404790
34	2	-12.705591	7.176277	5.807479	7.365907	-11.853993	0.097988	-10.843470	1.216113	6.599593	0.444012	-3.447849	6.496645	7.212123	5.265511
35	2	8.898154	-1.804359	-5.391261	-9.270105	9.961861	6.236583	8.113304	-4.652577	4.450661	5.018387	6.748653	-10.157064	-4.026755	-6.939662
36	2	-7.905566	6.677371	8.846099	6.574471	-15.472086	-3.006512	-10.103324	9.227074	0.442900	-1.382234	-9.320199	7.512319	8.352477	8.109855
38	2	6.360778	3.169760	-6.091482	-11.108243	9.619554	4.762850	7.008428	-10.460898	6.688724	4.344926	6.890596	-14.282378	-7.036861	-4.265494
39	2	6.123487	-1.336853	-8.174587	-8.501176	10.775025	7.307413	6.577506	-7.163729	5.136695	3.314917	7.030180	-7.716518	-4.254023	-8.094130
41	2	-14.023672	5.546348	8.901762	7.875698	-14.036234	-5.716283	-9.680194	3.071593	0.922803	0.962335	-5.013180	9.311731	7.090251	9.052108
43	2	5.738265	1.978307	-6.529213	-6.017514	9.491074	8.493961	7.274500	-8.487056	7.380968	6.115279	7.825206	-16.208802	-3.705341	-7.558640
44	2	-11.259830	6.794103	7.391922	6.219205	-19.198140	-2.508810	-9.124030	5.597016	0.531841	-5.726338	-8.840194	10.773845	6.580770	6.586816
45	2	-9.370595	5.518595	7.477945	6.240080	-9.661392	-4.621203	-13.552640	4.317193	2.410668	-1.556188	-9.882784	11.555356	7.216965	3.735947
47	2	-6.295699	7.531241	2.848000	4.623174	-16.865378	-2.246480	-5.391868	4.499018	3.484264	-9.196441	-9.619566	9.171123	9.315531	7.733029
48	2	-10.087139	6.716417	3.857518	8.045072	-14.608045	-3.578335	-7.668539	7.740093	1.157677	-8.076154	-7.642790	9.350446	6.427778	7.998851
50	2	-10.801783	8.986181	7.147366	6.407721	-19.595807	-3.354611	-8.269645	5.161923	2.749100	-1.648301	-10.338213	8.819516	7.007310	6.827474
51	2	7.185229	0.621710	-7.594605	-8.332242	12.116908	5.737272	4.712413	-9.287510	6.738712	4.400306	6.586463	-10.452823	-5.443431	-6.174453
53	2	-3.982445	8.308734	0.855561	1.298499	-17.365018	-3.195364	-6.633315	3.451906	3.870424	-8.460321	-5.812819	8.788621	6.695220	6.841420
55	2	-7.144545	7.675190	5.832371	6.195960	-20.531711	-3.566875	-10.028944	4.052325	2.407436	-5.846024	-7.291064	5.663915	5.919995	4.934432
56	2	8.465126	1.370649	-7.285835	-10.994427	7.777284	8.129169	7.092249	4.990653	1.459625	-2.125397	-6.734355	-8.258980	2.275777	-4.221453
57	2	-8.142088	4.060693	8.755542	8.539691	-14.206597	-1.173770	-11.216311	7.735608	-1.524850	-0.531311	-5.724546	11.663233	6.655016	6.847120
58	2	-6.689284	6.190504	5.866789	4.085640	-15.603411	-3.062383	-11.551122	6.802437	2.269920	-3.936758	-6.932470	4.163365	7.719937	5.197748
61	2	-11.684269	6.300703	9.271461	6.274376	-16.187025	-2.989599	-6.907701	2.866893	4.368778	0.069579	-2.884990	10.362457	7.986841	5.841060
62	2	7.423380	0.687335	-5.850608	-5.749911	10.317169	8.283073	8.147658	-10.615721	5.315171	7.108731	6.517370	-16.662637	-3.507480	-9.259545
63	2	-8.549281	8.850657	6.946108	7.196691	-14.448514	-3.615045	-13.130770	6.301402	2.990979	0.893812	-10.179382	10.458496	4.747125	5.496532
66	2	6.638508	-4.401979	-3.042070	-9.532761	10.756632	6.741923	8.205648	-5.216698	1.689220	6.537130	6.307216	-12.834403	-5.170834	-7.581073
67	2	-8.551516	5.653988	6.587083	9.665812	-12.908090	-6.326197	-10.724074	7.921896	0.610610	-5.723062	-5.404228	7.463494	6.436100	5.450894
68	2	-4.312631	8.903746	6.730714	4.159830	-12.129079	-3.214197	-7.101690	6.650721	2.771333	-5.881048	-12.965277	9.609678	6.652215	5.597005
69	2	-9.841829	6.698084	5.815659	7.317794	-22.602727	-3.515165	-10.553482	6.891599	2.202292	-6.246476	-9.613795	5.281359	6.279440	5.480099
71	2	-12.183405	8.026763	4.863013	6.185603	-7.545281	-4.750394	-12.774717	5.286690	4.937859	-4.454798	-10.886748	9.003690	4.545939	5.904397
72	2	4.447725	3.115307	-6.510502	-7.616872	9.502917	5.159063	8.100237	-11.273553	6.989987	4.418279	7.369399	-19.616983	-5.445695	-7.927945
73	2	6.528609	-2.719906	-5.121575	-7.728912	10.703935	4.472499	6.928756	-6.242396	3.815057	5.643790	7.709425	-12.801277	-7.545583	-10.446090
76	2	-10.698071	5.976316	2.565609	7.934004	-10.692183	-0.229906	-5.392620	0.445996	4.404965	-2.809651	-4.492806	8.513171	6.987964	4.577964
77	2	-10.832210	5.296051	6.480821	8.145129	-12.624074	-4.315332	-5.528839	7.946510	-0.958332	-5.412417	-6.638459	11.342295	5.682593	6.637648
79	2	-8.237598	7.373616	7.229373	9.066076	-15.263180	-4.126889	-5.447423	6.783782	4.004716	-2.201607	-7.820084	9.781089	7.014202	7.065490
80	2	-9.960178	6.454498	6.640814	8.105540	-11.677407	-1.493015	-9.804441	5.371171	0.781315	-4.576248	-9.799620	9.736246	7.323112	5.845198
81	2	-7.556218	6.922234	3.249025	5.407845	-17.706675	-2.354876	-7.095118	6.795200	1.601763	-4.269764	-7.390978	8.311911	7.666139	7.739885
83	2	7.101810	-0.596003	-5.867082	-7.179206	11.841033	7.710665	6.038251	-6.910308	5.764360	5.949329	4.216365	-5.396704	3.912928	-5.058981
84	2	-4.047120	4.531020	4.400009	7.197053	-8.631372	-3.972512	-9.187315	7.639587	-1.580751	-3.986765	-8.637126	8.336460	5.861556	6.182442
85	2	-12.913801	5.272607	7.034845	5.857393	-12.653189	-9.448887	-10.597556	5.824594	0.871040	-3.846357	-8.022807	6.819294	3.517953	5.502016
89	2	6.296154	5.059454	-4.221873	-8.947764	8.746567	6.283629	7.089912	-11.267628	7.183007	6.307294	6.314925	-15.706596	-4.757981	-9.432983
90	2	7.262869	-0.807827	-6.426283	-7.998169	4.826326	7.992102	7.663440	-6.062841	4.470981	6.162380	6.361283	-14.483640	-0.845106	-9.769527
91	2	6.326661	-0.008349	-7.614139	-8.585183	9.052706	4.546878	5.289927	-9.077662	3.939102	3.809777	5.430461	-12.701007	-2.324399	-10.618765
92	2	-8.274504	8.389979	4.974493	7.198702	-18.241328	-6.638281	-6.890342	6.952839	2.470907	-3.839248	-9.012961	8.140569	4.257754	8.346162
93	2	-10.448516	6.667399	5.403803	7.430602	-15.038837	-4.276400	-10.237199	7.100751	2.526452	-5.962922	-9.457208	10.123871	7.498408	6.194632
94	2	-8.894529	7.272070	5.279803	8.627973	-17.512790	-5.135555	-6.579347	8.136768	0.716783	-3.966231	-8.244456	9.272748	7.152276	6.490337
95	2	-5.217695	4.286374	8.383703	6.217975	-10.111745	-3.653347	-9.590057	5.575386	-0.748131	-0.663936	-11.850187	10.986084	7.904260	5.645247
96	2	7.652128	3.490111	-8.385942	-11.283250	7.726012	8.543526	7.028713	-1.762656	8.343532	3.264140	3.790697	-19.402604	-1.436089	-8.183125
100	2	-11.291219	2.114161	8.548698	6.816247	-14.425388	-3.056525	-9.345585	7.053186	-3.069806	-2.469345	-10.915413	8.110962	8.160460	6.130947
