1	2	50	6.624539	1.622521	-4.563441	-12.041885	9.359767	5.893523	6.751148
1	2	50	-12.822847	7.664960	6.955104	6.767368	-16.379035	-5.854214	-7.230168
2	2	41	-4.693036	5.568911	1.438422	6.174297	-4.598383	4.042843	4.985800
2	2	59	6.331667	-0.951079	-9.134775	-8.321960	10.079765	6.911347	7.074711
3	1	100	-9.665809	4.618242	5.431079	8.078484	-12.765908	-4.059471	-13.937993
4	2	26	6.386819	0.511458	-3.530489	-8.202808	9.286964	6.934420	5.771067
4	2	74	-9.328628	4.707812	8.083741	5.834605	-14.842294	-5.049896	-9.070338
5	2	45	5.420739	2.457128	-2.794355	-9.347662	11.030420	6.601848	7.015359
5	2	55	-6.701214	7.397153	5.111095	6.695832	-17.399744	-4.416043	-6.903653
6	2	87	-11.747951	3.955793	6.751447	6.143150	-12.459181	-7.764654	-7.486328
6	2	13	5.221370	-0.315772	-5.449331	-13.174314	8.753803	4.545475	6.238802
7	3	71	-12.641072	5.162105	6.035232	4.227415	-14.190102	-7.214495	-11.121850
7	3	18	4.974351	-0.583867	-3.408542	-11.464513	10.367431	4.590850	5.568076
7	3	11	0.662987	5.127219	-0.289302	-3.778453	1.147292	-0.060787	-0.409387
8	2	77	-8.503289	5.326071	8.539340	8.202762	-9.711443	-6.667265	-8.538708
8	2	23	8.729525	-0.621973	-0.427172	-4.953210	10.765214	5.559457	6.718859
9	2	16	6.687567	-0.623506	-4.919490	-3.508540	8.493554	3.911023	8.462849
9	2	84	-7.926679	3.685193	6.648700	8.227213	-9.064889	-5.208764	-9.462742
10	3	50	7.613535	-0.553563	-3.976982	-10.510687	10.964308	6.887366	6.321846
10	3	7	-0.857288	5.809369	6.611879	7.820490	-6.711574	1.310017	2.637244
10	3	43	-7.118252	5.992784	6.983710	7.828580	-12.970149	-0.315002	-3.828291
11	3	88	-10.370896	6.207780	5.657961	7.962119	-15.712685	-7.882129	-10.890239
11	3	7	4.857670	-0.085483	1.051564	1.659641	-7.148814	2.399561	3.731154
11	3	5	6.663453	-0.088134	-4.045295	-7.716671	5.956485	3.192752	6.750097
12	3	75	-16.022438	8.336171	7.340785	3.818000	-17.281039	0.222755	0.279462
12	3	4	-16.550082	8.336173	7.340785	3.818000	-19.127441	-5.413900	-11.328576
12	3	21	2.788001	6.985471	-3.447547	-11.446443	5.501105	7.361166	5.509625
13	3	27	6.253903	3.296081	-2.430365	-8.857951	9.259780	5.204538	8.057751
13	3	70	-9.610059	6.278809	5.413340	5.580150	-15.656970	-6.428690	-7.533328
13	3	3	2.430501	3.387686	0.264679	-3.883959	2.736212	-0.904633	-1.123843
14	2	86	-9.296669	3.438937	5.351276	5.831334	-15.672342	-5.557500	-12.396750
14	2	14	6.224504	-2.861456	-6.553528	-5.100013	10.181564	6.456618	6.446616
15	2	34	-10.084248	6.919417	4.450540	6.657828	-14.305631	-5.534743	-5.653915
15	2	66	7.996016	1.222787	-5.419190	-6.086214	8.792668	3.773563	7.233816
16	2	88	5.950436	-0.634320	-9.348140	-8.077435	9.763371	6.304442	6.706791
16	2	12	-7.768838	5.646929	2.883059	5.546470	-15.846446	-4.539314	-6.342797
17	2	30	5.818307	-0.174446	-4.885172	-10.772018	9.882706	6.123777	5.674962
17	2	70	-9.261537	6.374450	6.089150	6.234852	-15.514653	-1.783407	-10.120568
18	2	51	-6.435305	6.651984	3.604461	5.970166	-16.992033	-3.023868	-6.122398
18	2	49	5.435399	3.994126	-9.012230	-13.045752	9.834057	7.642285	5.126731
19	2	34	8.052599	3.806979	-5.476651	-10.570783	11.376961	4.213137	5.627854
19	2	66	-7.516636	5.067429	6.827476	6.978875	-10.557336	-5.830358	-9.242354
20	1	100	-3.612803	3.229970	5.322499	6.224019	-13.263387	-6.912666	-14.252396
21	3	64	7.862142	1.476266	-2.310195	-9.633576	9.113638	9.141452	7.226848
21	3	27	-1.711656	3.245827	2.124772	7.051665	-9.109545	-3.428652	-6.025440
21	3	9	-5.487576	5.676522	8.549423	7.291754	-10.060266	-3.428656	-6.025442
22	3	45	6.849297	-0.143945	-4.317087	-9.892724	8.646662	6.734537	6.404020
22	3	17	-4.390712	4.850641	6.653954	6.587784	-1.817197	-3.822236	-11.186434
22	3	38	6.501053	-0.143927	-2.412788	-9.122590	3.204594	1.080190	-5.273567
23	2	83	-6.870488	8.294893	5.599731	6.120235	-16.759985	-7.252123	-11.665592
23	2	17	6.961912	3.825202	-3.993662	-10.134782	10.493474	4.543495	4.604988
24	2	92	-11.032861	6.620250	8.774589	5.848943	-14.902034	-1.926825	-8.844800
24	2	8	5.417177	5.999937	-3.476028	-13.611097	4.923587	5.667872	5.358581
25	2	84	-12.935778	6.397938	5.968540	6.858939	-12.603546	-5.472174	-9.288704
25	2	16	3.702334	0.218381	-3.056254	-10.310437	10.693437	4.762412	7.451633
26	2	58	5.994871	5.853747	-5.793232	-7.162937	5.399033	5.868264	7.769433
26	2	42	-9.598645	6.353522	6.797221	6.312503	-8.461310	-0.714870	-5.343187
27	3	45	2.177748	4.704500	-6.780722	-4.589842	4.051788	2.374845	-3.186400
27	3	29	-9.143719	6.071134	3.470058	5.529947	-10.721605	-3.346530	-8.302479
27	3	26	8.576510	-0.194070	-8.807471	-8.569017	11.856938	8.022174	4.757008
28	2	75	-6.195593	8.103910	8.161508	6.700942	-20.210621	-2.153992	-8.930715
28	2	25	6.364350	2.225651	-3.035110	-9.172008	9.083034	6.132737	6.363492
29	1	100	-7.981203	4.967569	8.271657	7.240485	-16.339461	-9.535712	-12.559271
30	2	96	-11.386649	6.916521	8.613829	4.651214	-12.250649	-4.555343	-13.132223
30	2	4	6.135341	5.796936	0.166844	-11.154167	6.514920	6.976617	5.692330
31	2	91	6.867758	-1.683900	-3.866087	-8.902747	10.254022	4.962537	6.705243
31	2	9	-6.563935	3.591204	6.427960	6.630538	-10.082100	-4.268842	-5.704352
32	2	26	-5.998026	9.429506	5.646141	6.219671	-25.634476	-2.818318	-4.551627
32	2	74	-2.984688	9.429504	5.646133	6.207505	-19.390745	0.869695	4.448553
33	2	36	-7.401677	6.213375	8.166254	7.820763	-15.157278	-3.182053	-10.701211
33	2	64	7.855118	0.401372	-4.062212	-7.023729	9.513497	7.919025	6.404790
34	2	92	-12.705591	7.176277	5.807479	7.365907	-11.853993	0.097988	-10.843470
34	2	8	1.216113	6.599593	0.444012	-3.447849	6.496645	7.212123	5.265511
35	2	95	8.898154	-1.804359	-5.391261	-9.270105	9.961861	6.236583	8.113304
35	2	5	-4.652577	4.450661	5.018387	6.748653	-10.157064	-4.026755	-6.939662
36	2	73	-7.905566	6.677371	8.846099	6.574471	-15.472086	-3.006512	-10.103324
36	2	27	9.227074	0.442900	-1.382234	-9.320199	7.512319	8.352477	8.109855
37	3	8	2.929186	2.616700	-3.675149	-9.758823	3.547531	1.696398	-6.935850
37	3	78	2.886201	2.635388	-1.985065	-4.194298	-2.444896	1.695966	-6.936162
37	3	14	-2.508714	6.358927	3.917105	6.266994	-17.132678	-3.650964	-14.752636
38	2	68	6.360778	3.169760	-6.091482	-11.108243	9.619554	4.762850	7.008428
38	2	32	-10.460898	6.688724	4.344926	6.890596	-14.282378	-7.036861	-4.265494
39	2	52	6.123487	-1.336853	-8.174587	-8.501176	10.775025	7.307413	6.577506
39	2	48	-7.163729	5.136695	3.314917	7.030180	-7.716518	-4.254023	-8.094130
40	1	100	-9.773818	8.246958	5.328935	7.377250	-14.548306	-5.567960	-14.662038
41	2	84	-14.023672	5.546348	8.901762	7.875698	-14.036234	-5.716283	-9.680194
41	2	16	3.071593	0.922803	0.962335	-5.013180	9.311731	7.090251	9.052108
42	3	82	-7.555706	6.219510	5.966441	6.390946	-18.604177	-2.600801	-9.981324
42	3	15	7.038979	-0.283113	-5.892303	-9.380511	6.474433	5.988559	6.492135
42	3	3	6.396683	-0.283111	-5.573927	-6.165967	2.484164	2.509157	0.404821
43	2	34	5.738265	1.978307	-6.529213	-6.017514	9.491074	8.493961	7.274500
43	2	66	-8.487056	7.380968	6.115279	7.825206	-16.208802	-3.705341	-7.558640
44	2	67	-11.259830	6.794103	7.391922	6.219205	-19.198140	-2.508810	-9.124030
44	2	33	5.597016	0.531841	-5.726338	-8.840194	10.773845	6.580770	6.586816
45	2	52	-9.370595	5.518595	7.477945	6.240080	-9.661392	-4.621203	-13.552640
45	2	48	4.317193	2.410668	-1.556188	-9.882784	11.555356	7.216965	3.735947
46	6	34	-10.241822	4.937975	5.530278	4.585662	-8.540305	2.648947	-0.794951
46	6	7	-7.862669	4.937975	3.780681	0.461764	3.405487	7.068220	-0.702563
46	6	35	7.088114	-0.453230	-2.661091	-8.456091	9.944918	7.208163	8.915459
46	6	5	-10.252673	4.937975	5.530279	4.585668	-13.257754	-3.566817	-6.404525
46	6	16	-0.762064	-0.135092	3.057214	-0.371242	9.897156	7.163425	4.974691
46	6	3	-3.691919	4.928958	5.527523	4.445308	-2.752274	2.855855	4.919050
47	2	13	-6.295699	7.531241	2.848000	4.623174	-16.865378	-2.246480	-5.391868
47	2	87	4.499018	3.484264	-9.196441	-9.619566	9.171123	9.315531	7.733029
48	2	63	-10.087139	6.716417	3.857518	8.045072	-14.608045	-3.578335	-7.668539
48	2	37	7.740093	1.157677	-8.076154	-7.642790	9.350446	6.427778	7.998851
49	1	100	5.102878	2.723471	-10.166317	-13.903746	7.422462	6.734567	6.617086
50	2	88	-10.801783	8.986181	7.147366	6.407721	-19.595807	-3.354611	-8.269645
50	2	12	5.161923	2.749100	-1.648301	-10.338213	8.819516	7.007310	6.827474
51	2	83	7.185229	0.621710	-7.594605	-8.332242	12.116908	5.737272	4.712413
51	2	17	-9.287510	6.738712	4.400306	6.586463	-10.452823	-5.443431	-6.174453
52	3	51	5.268122	0.115475	-3.065460	-11.402699	9.618459	5.405721	7.025118
52	3	29	-10.213135	4.858141	5.558529	6.749824	-13.739982	-7.032640	-4.453434
52	3	20	-4.824241	4.858034	5.557842	6.749793	-7.573465	-1.289468	3.212495
53	2	82	-3.982445	8.308734	0.855561	1.298499	-17.365018	-3.195364	-6.633315
53	2	18	3.451906	3.870424	-8.460321	-5.812819	8.788621	6.695220	6.841420
54	1	100	-9.892071	6.297781	8.772519	5.699395	-14.846062	-5.579615	-10.359125
55	2	94	-7.144545	7.675190	5.832371	6.195960	-20.531711	-3.566875	-10.028944
55	2	6	4.052325	2.407436	-5.846024	-7.291064	5.663915	5.919995	4.934432
56	2	58	8.465126	1.370649	-7.285835	-10.994427	7.777284	8.129169	7.092249
56	2	42	4.990653	1.459625	-2.125397	-6.734355	-8.258980	2.275777	-4.221453
57	2	87	-8.142088	4.060693	8.755542	8.539691	-14.206597	-1.173770	-11.216311
57	2	13	7.735608	-1.524850	-0.531311	-5.724546	11.663233	6.655016	6.847120
58	2	68	-6.689284	6.190504	5.866789	4.085640	-15.603411	-3.062383	-11.551122
58	2	32	6.802437	2.269920	-3.936758	-6.932470	4.163365	7.719937	5.197748
59	3	85	5.396572	-0.510848	-0.820091	-9.015001	10.869682	6.522326	7.079496
59	3	9	-7.813095	5.533229	6.947232	5.531855	-10.423447	-5.535164	-4.594750
59	3	6	-5.093344	5.533229	6.947153	5.513310	-6.094144	-0.103985	0.350423
60	3	81	-8.155823	4.541221	6.687459	7.275144	-7.757477	-2.032388	-7.579482
60	3	14	4.633449	1.411164	-2.221627	-11.424489	8.148819	7.538665	6.790145
60	3	5	-0.804546	4.364552	4.148856	1.333734	4.409090	7.357770	5.393462
61	2	99	-11.684269	6.300703	9.271461	6.274376	-16.187025	-2.989599	-6.907701
61	2	1	2.866893	4.368778	0.069579	-2.884990	10.362457	7.986841	5.841060
62	2	58	7.423380	0.687335	-5.850608	-5.749911	10.317169	8.283073	8.147658
62	2	42	-10.615721	5.315171	7.108731	6.517370	-16.662637	-3.507480	-9.259545
63	2	99	-8.549281	8.850657	6.946108	7.196691	-14.448514	-3.615045	-13.130770
63	2	1	6.301402	2.990979	0.893812	-10.179382	10.458496	4.747125	5.496532
64	3	5	6.985915	3.446045	-5.058878	-10.410342	5.917051	6.490215	4.280644
64	3	34	1.627219	8.502761	0.838493	-1.369044	-13.569658	0.626407	-8.203200
64	3	61	-10.490817	9.742297	6.537181	6.820384	-21.452617	-5.803365	-14.594018
65	3	14	5.433164	-0.348246	-0.637995	-8.488122	8.879240	6.635685	6.072443
65	3	85	-8.661420	5.666682	7.390532	4.853171	-12.794826	-4.886263	-7.841710
65	3	1	2.965888	0.861991	0.263456	-4.428147	4.303800	4.404270	-0.629069
66	2	46	6.638508	-4.401979	-3.042070	-9.532761	10.756632	6.741923	8.205648
66	2	54	-5.216698	1.689220	6.537130	6.307216	-12.834403	-5.170834	-7.581073
67	2	73	-8.551516	5.653988	6.587083	9.665812	-12.908090	-6.326197	-10.724074
67	2	27	7.921896	0.610610	-5.723062	-5.404228	7.463494	6.436100	5.450894
68	2	76	-4.312631	8.903746	6.730714	4.159830	-12.129079	-3.214197	-7.101690
68	2	24	6.650721	2.771333	-5.881048	-12.965277	9.609678	6.652215	5.597005
69	2	84	-9.841829	6.698084	5.815659	7.317794	-22.602727	-3.515165	-10.553482
69	2	16	6.891599	2.202292	-6.246476	-9.613795	5.281359	6.279440	5.480099
70	3	37	-6.837073	5.760874	5.198453	5.380461	-12.634030	-1.926735	-11.654651
70	3	25	7.915463	-0.460155	-7.077790	-10.978634	9.915922	7.583683	6.403459
70	3	38	3.970764	-0.458775	-3.671469	-10.411372	5.052650	3.203716	-2.073081
71	2	81	-12.183405	8.026763	4.863013	6.185603	-7.545281	-4.750394	-12.774717
71	2	19	5.286690	4.937859	-4.454798	-10.886748	9.003690	4.545939	5.904397
72	2	11	4.447725	3.115307	-6.510502	-7.616872	9.502917	5.159063	8.100237
72	2	89	-11.273553	6.989987	4.418279	7.369399	-19.616983	-5.445695	-7.927945
73	2	29	6.528609	-2.719906	-5.121575	-7.728912	10.703935	4.472499	6.928756
73	2	71	-6.242396	3.815057	5.643790	7.709425	-12.801277	-7.545583	-10.446090
74	3	12	5.008331	2.142484	2.925136	0.704925	0.564099	0.820275	-1.668213
74	3	56	8.455134	2.047703	-3.064496	-2.623113	10.742032	8.015765	6.094894
74	3	32	3.938170	2.424804	2.956187	0.976654	-6.050089	-0.309978	-2.543579
75	1	100	-10.740371	6.655584	5.850940	6.095664	-13.344354	-6.313767	-16.502272
76	2	61	-10.698071	5.976316	2.565609	7.934004	-10.692183	-0.229906	-5.392620
76	2	39	0.445996	4.404965	-2.809651	-4.492806	8.513171	6.987964	4.577964
77	2	61	-10.832210	5.296051	6.480821	8.145129	-12.624074	-4.315332	-5.528839
77	2	39	7.946510	-0.958332	-5.412417	-6.638459	11.342295	5.682593	6.637648
78	3	66	5.233233	0.050882	-5.864976	-7.721416	10.636230	9.158911	8.382541
78	3	22	-9.355005	6.429715	3.940985	7.544921	-15.561551	0.381454	-8.458488
78	3	12	-3.821925	6.429715	3.653789	7.122738	-4.852451	5.940617	2.581225
79	2	62	-8.237598	7.373616	7.229373	9.066076	-15.263180	-4.126889	-5.447423
79	2	38	6.783782	4.004716	-2.201607	-7.820084	9.781089	7.014202	7.065490
80	2	61	-9.960178	6.454498	6.640814	8.105540	-11.677407	-1.493015	-9.804441
80	2	39	5.371171	0.781315	-4.576248	-9.799620	9.736246	7.323112	5.845198
81	2	48	-7.556218	6.922234	3.249025	5.407845	-17.706675	-2.354876	-7.095118
81	2	52	6.795200	1.601763	-4.269764	-7.390978	8.311911	7.666139	7.739885
82	3	65	-8.781607	4.394996	8.252882	5.841684	-13.989513	-4.448062	-6.355664
82	3	26	7.021479	0.935804	-4.138226	-10.259710	8.472367	4.401366	7.833211
82	3	9	2.300750	3.250159	-2.136256	-2.751746	2.496332	1.577013	-2.628862
83	2	78	7.101810	-0.596003	-5.867082	-7.179206	11.841033	7.710665	6.038251
83	2	22	-6.910308	5.764360	5.949329	4.216365	-5.396704	3.912928	-5.058981
84	2	51	-4.047120	4.531020	4.400009	7.197053	-8.631372	-3.972512	-9.187315
84	2	49	7.639587	-1.580751	-3.986765	-8.637126	8.336460	5.861556	6.182442
85	2	91	-12.913801	5.272607	7.034845	5.857393	-12.653189	-9.448887	-10.597556
85	2	9	5.824594	0.871040	-3.846357	-8.022807	6.819294	3.517953	5.502016
86	3	89	-4.125960	4.587499	3.888869	7.248729	-13.350937	-6.229684	-9.251553
86	3	10	4.136688	-1.378765	-8.109968	-9.216349	10.160092	6.176168	6.588682
86	3	1	3.215426	-1.377164	-3.395747	-7.138929	3.219936	-0.293808	-0.130895
87	1	100	-13.551849	6.717149	9.213180	7.416865	-17.801030	-6.998315	-9.242785
88	1	100	-7.221422	5.909405	6.288733	7.746926	-17.895308	-2.954246	-10.793211
89	2	31	6.296154	5.059454	-4.221873	-8.947764	8.746567	6.283629	7.089912
89	2	69	-11.267628	7.183007	6.307294	6.314925	-15.706596	-4.757981	-9.432983
90	2	55	7.262869	-0.807827	-6.426283	-7.998169	4.826326	7.992102	7.663440
90	2	45	-6.062841	4.470981	6.162380	6.361283	-14.483640	-0.845106	-9.769527
91	2	55	6.326661	-0.008349	-7.614139	-8.585183	9.052706	4.546878	5.289927
91	2	45	-9.077662	3.939102	3.809777	5.430461	-12.701007	-2.324399	-10.618765
92	2	83	-8.274504	8.389979	4.974493	7.198702	-18.241328	-6.638281	-6.890342
92	2	17	6.952839	2.470907	-3.839248	-9.012961	8.140569	4.257754	8.346162
93	2	78	-10.448516	6.667399	5.403803	7.430602	-15.038837	-4.276400	-10.237199
93	2	22	7.100751	2.526452	-5.962922	-9.457208	10.123871	7.498408	6.194632
94	2	59	-8.894529	7.272070	5.279803	8.627973	-17.512790	-5.135555	-6.579347
94	2	41	8.136768	0.716783	-3.966231	-8.244456	9.272748	7.152276	6.490337
95	2	64	-5.217695	4.286374	8.383703	6.217975	-10.111745	-3.653347	-9.590057
95	2	36	5.575386	-0.748131	-0.663936	-11.850187	10.986084	7.904260	5.645247
96	2	99	7.652128	3.490111	-8.385942	-11.283250	7.726012	8.543526	7.028713
96	2	1	-1.762656	8.343532	3.264140	3.790697	-19.402604	-1.436089	-8.183125
97	3	52	6.054471	2.011316	-4.671934	-9.453149	11.117898	8.356593	6.013455
97	3	41	1.489679	4.853602	0.734830	-9.222936	5.192993	1.746351	-6.688463
97	3	7	-7.582448	5.689657	4.258972	5.344958	-6.795711	-2.296255	-11.876139
98	1	100	-8.915892	7.206473	6.556384	5.134018	-5.749393	-9.400737	-13.941751
99	1	100	-7.284927	6.980151	7.078698	7.243149	-17.094398	-6.268720	-11.880504
100	2	81	-11.291219	2.114161	8.548698	6.816247	-14.425388	-3.056525	-9.345585
100	2	19	7.053186	-3.069806	-2.469345	-10.915413	8.110962	8.160460	6.130947
