1	4	16	-4.610778	8.572962	7.447990	7.204776	-19.919564	5.533874	6.813147	4.445516	0.627456	2.406465	3.951954	6.633058	-19.706308	6.720266	-4.717408	-7.419338	9.495384	5.483028	6.722880
1	4	30	-4.610784	8.572987	8.193678	7.219216	-16.255424	5.533874	6.821426	4.445516	6.995440	6.588016	5.374618	-6.053631	-19.706308	6.829787	8.231748	8.471434	-15.446650	-7.105736	-11.510185
1	4	32	6.377785	-8.231085	-12.319185	-6.013698	9.187479	-10.999934	-8.692050	-6.032990	-1.621285	6.588016	-11.064019	-6.053631	9.795472	-4.937238	8.231748	8.471434	-15.061271	-7.105714	-11.510183
1	4	22	6.377785	-8.231085	-14.343663	-6.013698	5.523337	-10.999934	-14.556101	-6.032990	-7.989269	2.406465	-12.771156	6.633058	9.795472	-4.937239	-4.717408	-7.419338	9.495384	5.483028	6.722880
2	4	29	3.356686	-7.450884	-15.627670	-12.563822	10.140302	-12.769269	-13.909397	-2.211948	-5.236673	8.305838	-12.169733	-8.532120	8.131397	-8.207979	6.559741	6.455509	-14.402932	-4.440737	-4.819017
2	4	10	-11.139987	6.720656	9.100696	6.057280	-14.409439	5.033635	7.922462	6.901510	5.903094	8.305838	5.813383	-8.532120	-19.990656	4.442916	6.559741	6.455509	-14.402932	-4.440737	-4.819017
2	4	44	3.356687	-7.450853	-15.627679	-12.564777	7.714956	-12.768942	-13.914973	-2.211949	-9.566967	3.766093	-12.178961	5.650780	8.131397	-8.053626	1.329129	-10.114464	10.230650	7.867117	5.480333
2	4	17	-11.139040	6.720651	8.927221	6.053580	-16.774737	5.033635	7.922261	6.901510	1.457628	3.766093	4.852377	5.650780	-19.985257	4.443028	1.329129	-10.114464	10.230650	7.867117	5.480333
3	4	19	-13.349044	7.355383	10.307025	5.857013	-16.854050	6.255953	6.988353	7.741833	5.516399	8.145580	8.370817	-9.024909	-17.426313	6.256174	6.709181	6.898236	-15.126976	-1.938766	-9.957041
3	4	24	5.558177	-7.605645	-17.579044	-10.354290	4.681896	-11.086844	-17.307478	-4.574578	-11.941317	2.500759	-8.959462	7.546488	9.660283	-3.194395	-1.071051	-10.499132	8.198596	9.316765	7.071166
3	4	36	-13.349044	7.355383	10.155912	5.856434	-19.658296	6.255953	6.326901	7.741833	-0.431439	2.500759	8.342964	7.546488	-17.399467	6.255982	-1.071051	-10.499132	8.198596	9.316765	7.071166
3	4	21	5.558177	-7.605645	-17.579295	-11.149152	7.490146	-11.086844	-17.225960	-4.574578	-5.993479	8.145580	-8.957274	-9.024815	9.660283	-3.536453	6.709181	6.898236	-15.126976	-1.938763	-9.957041
4	2	66	6.940709	-10.235590	-14.365499	-11.323012	3.535697	-9.784335	-12.143909	-1.311668	-7.325126	1.530979	-10.199586	8.150489	11.941587	-5.995005	-3.625008	-13.091706	11.025778	8.090937	7.105939
4	2	34	-10.638266	7.006921	9.425940	6.518830	-20.354918	7.534782	5.200367	8.543213	2.311965	1.530979	4.465031	8.150489	-16.966843	4.756785	-3.625008	-13.091706	11.025778	8.090937	7.105939
5	4	13	6.866954	-7.537498	-15.976409	-6.064280	5.492864	-8.786206	-12.243524	-7.081789	-10.238400	1.652983	-13.297427	6.239768	8.545803	-4.171185	-5.378554	-3.671464	11.123161	5.203878	7.522762
5	4	40	6.866967	-7.537498	-16.605730	-6.064195	11.125645	-8.799278	-12.246491	-7.081789	-7.703586	8.159805	-13.297423	-5.894018	8.545816	-4.171185	5.256149	7.601630	-13.766672	-4.410829	-4.417912
5	4	34	-5.237153	5.261436	11.803815	9.877763	-14.062924	6.526442	8.405018	5.671100	4.455990	8.159805	5.206710	-5.894018	-13.874482	7.139918	5.256149	7.601630	-13.766672	-4.410829	-4.417914
5	4	13	-5.237153	5.261436	11.803995	9.877070	-19.695711	6.526442	8.381957	5.671100	1.921157	1.652983	5.149926	6.239768	-13.874484	7.139846	-5.378554	-3.671464	11.123161	5.203878	7.522762
6	4	70	4.288044	-7.321052	-11.920556	-12.679943	11.059416	-11.383845	-12.161308	-3.964454	-1.457701	6.754907	-11.036359	-11.594310	7.931473	-5.267752	9.777337	7.863692	-8.815373	-0.137270	-10.786287
6	4	26	-14.301276	6.118325	9.893018	5.533768	-15.151133	6.109861	7.270321	7.884189	7.132959	6.754907	7.899002	-11.594310	-18.207941	6.692067	9.777337	7.863692	-8.815373	-0.137270	-10.786287
6	4	1	4.288044	-7.321564	-13.603447	-12.679943	6.800989	-11.383845	-16.907724	-3.964454	-4.912845	1.282044	-11.056516	6.990186	7.931473	-5.267938	-0.213710	-8.171332	10.467787	9.426077	4.370635
6	4	3	-5.490504	3.977985	-0.791091	4.905010	-9.043266	0.124787	-2.233104	7.844208	7.109114	6.754907	2.807420	-11.594310	-7.950940	6.016661	9.777337	7.863692	-8.815373	-0.137270	-10.786287
7	4	44	3.354646	-7.966141	-23.793142	-10.144292	5.468036	-11.363721	-14.751038	-0.978872	-9.658513	-0.603866	-6.551613	7.294277	8.771268	-6.184438	-3.404183	-4.576552	10.453877	6.235626	8.292858
7	4	42	3.354733	-7.966157	-23.645000	-10.643249	9.286345	-11.363721	-14.724076	-0.978932	-4.768599	5.816488	-6.549657	-11.238573	8.771267	-6.184438	5.961673	6.641042	-10.989654	-6.234034	-5.782655
7	4	5	-8.193000	5.989641	4.970930	4.935387	-24.500719	3.905480	5.009899	5.793089	1.837556	-0.603866	8.160107	7.294277	-13.156747	4.825382	-3.404183	-4.576552	10.453877	6.235626	8.292858
7	4	9	-8.205893	5.989643	5.000665	4.935431	-20.691371	3.905562	5.110663	5.793102	6.727688	5.816488	8.229256	-11.238576	-13.239631	4.825382	5.961673	6.641042	-10.989654	-6.234036	-5.782866
8	4	33	7.524442	-4.258456	-18.843672	-9.180432	7.868868	-11.725097	-14.081140	1.501359	-10.341929	-0.011807	-10.967323	6.545762	11.487144	-5.992574	-1.587965	-9.526150	9.853342	7.558330	5.566658
8	4	34	7.524442	-4.258456	-18.843689	-9.180432	11.594032	-12.009531	-13.568796	1.501359	-5.857102	5.645796	-10.967323	-7.577522	11.487144	-5.992575	6.396607	5.370340	-12.621101	-2.968693	-10.236575
8	4	15	-5.861960	8.961075	9.150702	8.602057	-21.315647	6.710967	4.835096	5.288180	1.669091	-0.011807	6.365466	6.545762	-18.277820	3.533684	-1.587965	-9.526150	9.853342	7.558330	5.566658
8	4	18	-5.861967	8.961075	9.231631	8.602360	-17.588763	6.710959	5.483032	5.288180	6.153917	5.645796	6.479259	-7.577522	-18.278510	3.533684	6.396607	5.370340	-12.621098	-2.968693	-10.236575
9	4	39	-8.111645	7.450226	9.288180	7.291463	-17.964473	6.808856	8.733038	6.675245	2.623627	6.654538	5.845821	-10.858253	-19.074403	6.814758	8.082309	6.479295	-17.107075	-6.439335	-14.341229
9	4	58	6.528236	-7.799909	-19.417294	-6.670122	9.421873	-11.530281	-10.184057	-1.962777	-5.467124	6.654538	-10.711866	-10.858253	7.288414	-5.247198	8.082309	6.479295	-17.107075	-6.439335	-14.341229
9	4	2	6.528236	-7.799876	-19.417311	-6.670119	2.936270	-11.070215	-13.158208	-1.962775	-10.138992	0.830569	-10.726556	6.717832	7.288414	-5.247190	-1.303168	-8.634403	8.286831	5.425931	3.896958
9	4	1	-6.137587	6.987002	3.002240	7.144424	-20.312978	6.778057	8.297313	6.663179	-2.048290	0.830569	3.751142	6.717832	-18.748548	6.814077	-1.303168	-8.634403	8.286831	5.425931	3.896958
10	2	56	7.763702	-8.018527	-19.856213	-10.437127	10.032837	-9.512555	-13.513783	-3.670166	-7.708519	6.590041	-7.492357	-6.574453	9.643281	-3.373433	5.875670	8.587632	-17.806255	-4.390190	-13.658213
10	2	44	-5.224344	6.658375	8.481174	8.271379	-11.174716	4.249787	6.615980	8.747983	4.897230	6.590041	7.660190	-6.574453	-18.877241	8.529496	5.875670	8.587632	-17.802836	-4.390190	-13.658213
11	5	23	7.661889	-10.955465	-17.325286	-14.511502	6.443367	-7.070703	-14.885670	-4.553593	-11.382215	5.094958	-15.012395	2.219584	9.535958	-2.192380	-0.862219	-10.123138	2.620460	1.558354	-1.961346
11	5	28	7.661889	-10.955465	-17.300454	-14.315206	2.156435	-4.149270	-14.885570	-4.553593	-11.381791	2.802171	-15.012395	7.002001	9.535955	-2.192375	-6.117534	-11.902574	12.120491	4.779673	6.971522
11	5	40	7.661889	-10.955465	-17.325422	-14.511865	7.209417	-7.350828	-14.885010	-4.553593	-5.766669	9.415470	-15.012395	-10.172482	9.535958	-2.192380	5.227439	3.749572	-17.037477	-4.592756	-5.025068
11	5	5	7.661889	-10.955465	-14.011692	-8.310990	-3.968211	-1.830857	-14.825462	-4.553593	-7.398411	2.802171	-15.012395	7.002001	9.534465	3.575024	-6.117534	-11.902574	12.120491	4.779673	6.971522
11	5	4	-0.798609	7.772470	10.792106	2.848928	-6.733323	7.100189	4.187002	1.738659	4.382526	9.415470	2.075535	-10.172482	-7.382564	8.090717	5.227439	3.749573	-17.061755	-4.592756	-5.025068
12	3	55	7.371476	-8.454126	-15.410570	-12.143375	11.171698	-10.827355	-21.986781	-0.282559	-0.918248	3.310971	-9.899982	-10.163206	11.586636	-4.080819	7.098733	6.671437	-10.196146	-2.924954	-10.609344
12	3	41	7.371478	-8.454180	-16.898718	-12.167388	11.136656	-10.827949	-21.995836	-0.282559	-6.812661	0.637770	-10.009144	5.555699	11.586640	-4.080819	-3.215910	-8.929574	10.067074	3.708979	4.688122
12	3	4	-4.051534	5.440950	9.071593	2.259850	-14.017359	6.634713	-0.560449	9.272008	7.600636	3.310971	5.275570	-10.163206	-5.412554	7.431301	7.098733	6.671437	-10.196146	-2.924954	-10.609344
13	4	47	6.423321	-10.360949	-21.552478	-12.209382	7.085168	-13.345508	-10.466271	0.428321	-4.015719	7.610929	-7.864267	-10.018597	10.390145	-5.022692	6.152169	6.999345	-19.919630	-6.754674	-6.923337
13	4	43	6.423321	-10.360949	-19.945548	-12.327606	2.067751	-13.339106	-11.798025	0.428321	-9.060985	1.116733	-8.746813	6.993163	10.390145	-4.855718	-5.291286	-8.665067	9.598355	4.970274	7.839293
13	4	8	-9.461020	5.803980	9.324110	6.053675	-15.859944	4.116080	7.011584	6.507925	3.739624	7.610929	6.330777	-10.018597	-9.916796	6.692615	6.152169	6.999345	-19.919633	-6.754674	-6.923351
13	4	2	-6.137548	5.697027	2.868983	5.977647	-17.789641	3.609487	4.420666	6.503000	-1.305925	1.116733	4.196099	6.993163	-4.990350	6.692357	-5.291286	-8.665067	9.598355	4.970274	7.839293
14	4	31	6.319995	-14.908793	-14.749224	-8.825816	6.283188	-6.825170	-14.839281	-2.062585	-14.183638	1.916904	-10.884426	5.597275	10.690553	-3.663116	-4.310775	-8.850743	10.445522	6.196258	6.038191
14	4	33	6.319995	-14.908793	-15.192003	-8.830786	9.470593	-7.156543	-14.839407	-2.062586	-7.588191	8.073430	-10.884426	-7.227236	10.690553	-4.627020	7.904114	5.460291	-13.098809	-5.935624	-10.057410
14	4	20	-8.831356	3.923664	11.033088	3.693257	-15.533364	7.744463	6.482141	9.189365	1.099759	8.073430	-0.264483	-7.227236	-10.704481	2.876230	7.904114	5.460291	-13.098809	-5.935624	-10.057410
14	4	16	-3.143687	2.891535	7.620185	1.940751	-14.588384	7.697024	-0.507132	9.189350	-5.515709	1.916904	-3.486089	5.597275	-1.877042	1.811242	-4.310775	-8.850743	10.445522	6.196258	6.038191
15	5	21	-12.229416	7.544479	8.018892	6.954244	-19.752244	7.390995	4.623883	6.951868	5.418424	6.855908	6.332348	-5.727322	-11.880070	7.358749	6.039584	5.647009	-18.968316	-4.012462	-11.338602
15	5	6	-7.954586	7.544453	3.096646	6.814649	-20.700093	7.289785	2.108351	6.951868	-0.539822	4.628822	4.364982	4.024494	-11.859129	7.358749	0.073846	-0.665047	-5.873562	0.594841	-4.702604
15	5	35	5.896792	-7.876366	-21.385577	-11.418415	10.580531	-3.312387	-12.418326	0.025568	-6.756188	6.855908	-10.657997	-5.727340	10.333103	-4.749678	6.039584	5.647009	-18.968316	-4.012462	-11.338602
15	5	33	5.896792	-7.876366	-21.369520	-11.418415	9.605088	-3.312387	-12.418326	0.025568	-12.714430	4.628823	-10.816676	4.024494	10.333103	-4.749678	0.073847	-0.665047	-5.873562	0.594841	-4.702604
15	5	5	5.896792	-7.876366	-21.226086	-11.418415	7.106715	-3.312387	-12.418326	0.025568	-12.717214	1.268512	-10.816681	9.212595	10.333103	-4.749678	-6.488277	-6.456155	4.723667	6.846951	3.983122
16	6	19	9.373943	-8.131950	-13.660906	-9.658812	9.726448	-9.952485	-8.255607	-4.567873	1.430255	7.466099	-2.606198	1.212236	11.507458	-7.208268	1.075529	-3.001171	-6.608229	-0.145944	-0.993910
16	6	17	9.373943	-8.131950	-15.022866	-9.680826	4.272545	-9.952181	-8.815978	-4.567873	0.423990	2.654636	-4.459246	7.574366	11.507462	-7.272424	-6.023628	-13.695591	9.759945	4.239368	6.652486
16	6	14	-5.531324	4.710303	9.430500	7.589741	-17.353988	5.834019	7.359262	7.692362	5.989562	7.466099	8.443210	1.212236	-17.716512	5.741227	1.075529	-3.001171	-6.608229	-0.145944	-0.993910
16	6	27	-5.530794	4.710303	9.430500	7.588963	-22.807803	5.834019	7.295532	7.692362	4.979620	2.654636	8.442340	7.574366	-17.715324	5.741227	-6.023628	-13.695591	9.759945	4.239368	6.652486
16	6	18	9.373943	-8.131950	-13.634029	-9.651348	9.726513	-9.952485	-8.107301	-4.567873	1.746937	7.510775	-2.208028	-3.725939	11.507457	-7.159077	6.075088	5.173223	-17.741390	-6.263801	-10.750851
16	6	5	-5.531433	4.710303	9.430500	7.589893	-17.356214	5.834019	7.372014	7.692362	6.306245	7.510775	8.443268	-3.725939	-17.716737	5.741227	6.075088	5.173223	-17.741390	-6.263801	-10.750851
17	2	90	7.053696	-9.456798	-17.875041	-6.275376	9.006614	-12.755248	-19.067920	-4.932301	-7.279772	5.724818	-12.103803	-12.932577	13.142396	-4.314209	5.087755	9.453253	-16.077842	-6.491118	-11.554648
17	2	10	-6.619821	6.932405	9.291964	8.502953	-19.204121	6.540659	1.861935	7.693716	4.650018	5.724818	4.544920	-12.932577	-9.370806	5.709002	5.087755	9.453253	-16.077842	-6.491118	-11.554648
18	2	69	5.128653	-10.749761	-9.821848	-12.135677	8.183044	-11.148677	-8.075341	-1.463340	-2.564225	6.638414	-6.335871	-15.547991	9.097103	-6.242509	6.853599	7.274921	-12.044471	-0.766968	-11.448159
18	2	31	-8.166109	7.583583	11.704457	3.478393	-13.832686	4.672335	9.395368	6.536945	7.295233	6.638414	5.512045	-15.547991	-16.189898	5.368337	6.853599	7.274921	-12.044469	-0.766968	-11.448159
19	4	86	3.966798	-10.949048	-11.450390	-10.580124	12.590311	-9.168844	-6.955033	-2.947345	0.485402	5.638992	-8.718028	-13.160654	8.130223	0.009021	6.908918	6.959988	-15.422746	-5.916282	-12.727218
19	4	11	-9.685740	4.728362	9.460793	5.558267	-13.957955	4.594146	7.599431	8.428198	7.261483	5.638992	3.159865	-13.160654	-15.571225	5.274996	6.908918	6.959988	-15.422746	-5.916282	-12.727218
19	4	1	3.966949	-10.949048	-14.192585	-10.581841	6.900423	-9.168844	-12.808681	-2.947499	-4.632319	0.121073	-11.818373	5.373954	8.130237	0.009787	-2.908059	-7.299935	10.311373	5.823059	5.353751
19	4	2	-9.646518	4.728361	9.203259	5.558076	-19.645627	4.594146	7.598979	8.428198	2.112822	0.121073	2.404283	5.373954	-15.571187	3.665441	-2.908059	-7.299935	10.311373	5.823059	5.353751
20	4	21	-4.410104	6.630639	9.849720	7.715116	-16.699243	7.497770	6.798779	5.802230	1.628607	0.284414	7.222864	7.530126	-15.387661	6.558127	-4.938108	-13.923174	9.726889	8.299394	4.781253
20	4	25	7.124528	-12.122920	-17.687945	-4.634045	5.296945	-7.907434	-10.946793	-4.806256	-7.871352	0.284414	-8.567823	7.530126	9.691951	-5.212644	-4.938108	-13.923174	9.726889	8.299394	4.781253
20	4	36	7.124530	-12.192903	-17.394117	-5.591257	10.715120	-8.891634	-10.946409	-4.806256	-2.814174	6.381022	-8.477145	-8.306984	9.692605	-5.212644	5.600701	4.683997	-14.409480	-3.767012	-13.211723
20	4	18	-4.410104	6.630639	10.516815	7.713832	-11.281070	7.496755	6.799954	5.802230	6.694346	6.381022	8.358380	-8.306984	-15.387649	6.558127	5.600701	4.683997	-14.409480	-3.767012	-13.211723
21	4	37	-9.374941	5.506427	9.406063	6.322492	-21.667296	6.022044	5.460910	5.625086	0.720871	0.018084	8.953418	7.768442	-8.910814	7.542172	-5.348810	-8.533893	10.433337	6.335288	7.727993
21	4	35	4.486744	-8.172197	-17.304270	-10.266109	4.777095	-8.949376	-14.441286	-3.982319	-11.720369	0.018084	-5.926562	7.768442	12.272352	-1.936174	-5.348810	-8.533893	10.433337	6.335288	7.727993
21	4	18	-9.374941	5.506427	10.574964	6.322492	-20.399612	6.022044	8.462027	5.625086	4.902838	4.772847	9.088318	-7.044313	-8.910826	7.542172	6.140134	6.901236	-10.499291	-3.582960	-7.398962
21	4	10	4.486744	-8.172197	-17.255500	-10.266120	6.044779	-8.949417	-14.452271	-3.982319	-7.538405	4.772847	-5.195506	-7.044313	12.272352	-1.936171	6.140134	6.901236	-10.499291	-3.582960	-7.398962
22	4	39	5.545819	-7.872666	-13.749194	-11.566025	10.011517	-7.972923	-14.100699	-3.072495	-4.648775	6.638829	-9.873212	-6.919513	7.005156	-3.339373	4.758888	7.088066	-20.241622	-2.023803	-11.596409
22	4	49	-11.003925	6.744869	9.024378	6.753412	-14.056234	5.370583	6.752576	5.406199	5.628065	6.638829	6.817964	-6.919513	-11.722737	6.615451	4.758888	7.088066	-20.241622	-2.023803	-11.596409
22	4	5	5.545819	-7.872666	-13.806978	-11.565910	4.939846	-7.972911	-14.930950	-3.072495	-9.684149	0.110689	-9.873213	6.495286	7.005156	-3.131830	-1.364672	-5.901103	6.351982	3.619342	0.802290
22	4	7	-10.990947	6.744869	7.786124	6.727517	-19.088240	5.370460	5.547469	5.406199	0.592691	0.110689	6.763299	6.495286	-11.718377	6.615842	-1.364672	-5.901103	6.351982	3.619342	0.802290
23	5	51	-10.852486	8.223838	9.818763	8.865503	-10.135044	6.166502	9.675688	7.576520	7.458571	7.146357	2.188105	-12.659838	-14.760902	4.712720	5.830977	8.147883	-18.675741	-5.462265	-10.417326
23	5	9	-1.893356	2.532629	-2.865697	3.708095	1.877840	-4.182865	2.903213	7.561156	1.807781	7.146357	0.024212	-12.659838	-9.330294	-3.307812	5.830977	8.147883	-18.675741	-5.462265	-10.417326
23	5	35	5.864533	-6.924535	-16.384279	-4.626944	11.492699	-10.539783	-12.764768	-2.308056	-3.717286	7.146357	-16.565679	-12.659838	9.738615	-3.697029	5.830977	8.147883	-18.675741	-5.462265	-10.417326
23	5	3	-10.852486	8.223838	9.818755	8.865003	-15.507954	6.166502	8.814967	7.576520	1.794524	0.955857	1.026389	5.600039	-14.760902	2.350752	0.385388	-2.686728	7.877242	6.709649	7.498610
23	5	2	5.864533	-6.924534	-16.385974	-4.626944	6.119789	-10.538268	-13.604939	-2.308056	-9.381333	0.955857	-16.600508	5.600039	9.738615	-3.697028	0.385388	-2.686728	7.877242	6.709649	7.498610
24	3	15	5.294787	-7.949881	-14.074890	-7.622118	4.978460	-8.922257	-14.485592	-7.907359	-5.305794	0.826665	-11.381926	6.498427	8.552440	-4.555075	-5.380216	-8.554223	5.983761	5.390032	7.561208
24	3	11	-5.548562	6.468057	9.233685	6.059376	-10.891815	7.300614	2.500972	2.338107	8.097945	7.305646	3.011467	-9.585528	-16.062421	6.889712	7.379461	7.776901	-18.485737	-5.902472	-5.821896
24	3	74	5.294787	-7.949881	-9.572184	-7.618199	9.423320	-9.988984	-12.234331	-7.907359	-0.298210	7.305646	-8.048239	-9.585528	8.552440	-5.649549	7.379461	7.776901	-18.485737	-5.902472	-5.821896
25	4	24	5.488734	-7.801488	-21.728217	-10.662799	6.390240	-12.015020	-18.951922	-3.571493	-7.909775	2.394919	-12.482754	7.005892	8.460500	-8.780433	-1.742163	-9.302373	7.021411	7.513159	7.242940
25	4	54	5.488734	-7.801489	-21.769851	-10.663094	11.255610	-12.015022	-17.340806	-3.571494	-3.498911	7.832536	-10.833674	-9.745044	8.460500	-8.780433	9.259203	4.804515	-21.050136	-4.242298	-8.818198
25	4	5	-13.165681	6.381637	5.252601	5.192215	-18.640721	6.570968	4.013177	7.524675	0.734108	2.394919	4.109454	7.005892	-16.021614	4.357058	-1.742181	-9.302373	7.021411	7.513159	7.242940
25	4	17	-13.165686	6.391270	8.993801	5.196096	-13.780442	6.570969	4.791021	7.524680	5.145524	7.832536	5.211390	-9.745044	-16.051218	4.357524	9.259203	4.804515	-21.050136	-4.242298	-8.818198
26	5	38	5.167101	-12.681776	-16.372038	-9.016213	8.238977	-11.439426	-13.696787	-1.959469	-5.288714	5.987778	-9.495671	-11.290303	8.289993	-4.235337	5.729816	7.097783	-9.671327	-3.687519	-9.662765
26	5	16	5.166325	-12.678903	-10.938950	-2.855953	-4.492357	-5.218997	-14.166963	-1.958969	-6.184722	0.095718	-9.495672	5.702580	8.285565	-0.116955	-4.390039	-10.582422	10.790238	5.758245	7.159006
26	5	19	5.167083	-12.681939	-16.505182	-5.564985	2.086835	-11.439422	-15.064407	-1.959457	-11.807873	0.095718	-9.495672	5.702580	8.289890	-2.919820	-4.390039	-10.582422	10.790238	5.758245	7.159006
26	5	16	-10.716984	5.275717	12.344193	6.370089	-19.830883	5.997650	6.587457	6.702165	5.978118	5.987778	6.136170	-11.290303	-17.720762	6.362419	5.729816	7.097783	-9.671327	-3.687519	-9.662765
26	5	11	-9.937467	5.275717	6.317918	5.448039	-25.401643	5.997585	5.630842	6.702012	-0.571164	0.095718	1.351399	5.702580	-17.608703	3.119901	-4.390039	-10.582422	10.790238	5.758245	7.159006
27	6	20	6.747855	-8.562674	-16.886685	-4.296304	8.723915	-11.618456	-13.756015	-6.496511	-3.323484	6.975806	-9.175188	-9.250701	9.978817	-9.148992	7.153717	6.566683	-11.584840	-3.147230	-12.310009
27	6	42	-8.299611	6.990106	11.793595	7.212819	-14.182043	5.085282	6.419438	5.768252	7.248156	6.975806	7.719527	-9.250701	-15.660712	2.378333	7.153717	6.566683	-11.584840	-3.147230	-12.310009
27	6	10	6.747855	-8.562666	-16.950831	-4.296292	8.719205	-11.618451	-13.756015	-6.496511	-4.343426	5.806659	-9.354410	2.243301	9.978817	-9.148992	0.033550	-7.744438	6.510245	0.773098	-6.058018
27	6	12	-8.299568	6.990106	11.791675	7.212820	-14.186766	5.085282	6.419438	5.768252	6.227903	5.806659	7.718955	2.243301	-15.660610	2.378333	0.033550	-7.744438	6.510245	0.773098	-6.058018
27	6	10	6.747795	-8.408775	-13.897945	-4.044103	2.369549	-11.462697	-13.755709	-6.496511	-7.444033	2.137599	-9.416409	4.763391	9.978781	-9.148979	-3.591772	-10.550402	8.078063	5.280167	-0.924971
27	6	6	-8.185128	6.989286	9.549994	7.173305	-20.342708	5.084644	1.961739	5.768252	0.656823	2.137599	6.609652	4.763391	-13.343800	2.378304	-3.591772	-10.550402	8.078063	5.280167	-0.924972
28	6	22	-2.800616	6.062553	11.892058	7.524126	-20.064647	6.540562	6.452435	5.295906	5.524697	4.639736	6.380171	-8.275263	-16.643329	6.557847	4.974568	5.772748	-14.383104	-4.979843	-11.157823
28	6	17	9.252721	-7.329570	-8.509053	-3.976540	1.348902	-8.569403	-18.243698	-3.320787	-10.486839	-1.801759	-6.964296	8.029089	8.781463	-1.958072	-6.609464	-10.538984	10.813543	6.261997	7.275417
28	6	40	9.252721	-7.329570	-9.377322	-3.984613	7.977263	-8.569530	-18.243698	-3.320787	-5.444318	4.639736	-6.964296	-8.275263	8.781621	-5.105234	4.974568	5.772748	-14.383104	-4.979843	-11.157823
28	6	9	9.252721	-7.329570	-8.509062	-3.976540	1.348903	-8.569403	-18.243698	-3.320787	-5.976459	-1.193166	-6.964296	1.171729	8.781463	-1.958072	-0.808133	-6.073492	4.470072	0.969214	-4.673371
28	6	8	-2.800616	6.062553	8.080686	7.259843	-26.595793	6.540555	2.152587	5.295906	0.440053	-1.801759	4.686231	8.029089	-16.033429	6.551558	-6.609464	-10.538984	10.813543	6.261997	7.275417
28	6	4	-2.800616	6.062553	11.891931	7.524125	-26.596006	6.540562	6.452282	5.295906	4.950432	-1.193166	6.380171	1.171729	-16.643329	6.557849	-0.808133	-6.073492	4.470072	0.969214	-4.673371
29	5	5	7.798595	-3.807001	1.344464	-2.692017	-3.373658	4.252776	-7.720938	-3.184020	-0.163182	1.266686	-5.139650	6.812052	9.183510	1.505978	-5.714205	-13.498136	9.753575	7.576500	5.517522
29	5	25	7.821992	-12.140668	-10.432894	-8.712219	9.455545	-7.326196	-11.519130	-3.184026	1.304126	7.370418	-3.223700	-6.458912	9.259419	-4.878766	5.552036	5.893158	-20.181725	-0.337775	-9.525097
29	5	25	-7.987655	7.240206	9.883338	7.028852	-21.829152	7.839352	4.420858	7.075407	1.584260	1.266686	5.236099	6.812052	-14.783181	7.850979	-5.713653	-13.498136	9.753575	7.576500	5.517522
29	5	17	-7.987773	7.240214	9.964617	7.029212	-15.758967	7.839299	5.217567	7.075407	7.860564	7.370418	6.103747	-6.458912	-15.285508	7.850995	5.552036	5.893158	-20.181725	-0.337775	-9.525097
29	5	28	7.821992	-12.136738	-12.494568	-8.657295	3.385322	-5.132427	-13.394166	-3.184026	-4.972178	1.266686	-7.309831	6.812052	9.259913	-4.873028	-5.714172	-13.498136	9.753575	7.576500	5.517522
30	6	10	6.314478	-11.178159	-12.844724	-7.831893	7.933738	-0.437442	-6.726548	-8.757731	0.571243	6.315181	-5.532557	-1.122059	9.057844	-3.087999	6.246007	-1.688944	5.092300	6.294579	6.210034
30	6	52	-8.674226	5.143600	9.421590	7.996909	-13.503446	7.157036	7.912118	4.021813	8.042608	6.338765	6.454738	-8.575587	-19.324307	5.235486	7.946781	4.865896	-14.744864	-4.902406	-10.608470
30	6	21	6.314475	-11.178159	-10.569016	-7.827155	7.936846	-0.437439	-6.436787	-8.757731	1.098156	6.338765	-4.772668	-8.575587	9.057840	-3.085652	7.946781	4.865896	-14.744864	-4.902406	-10.608470
30	6	5	-8.674226	5.143600	9.420185	7.996909	-18.401460	7.157036	7.709608	4.021813	3.880689	-0.011680	6.452219	5.152940	-19.324307	5.235454	0.633986	-10.157917	9.307196	6.309086	6.481714
30	6	7	-8.674226	5.143600	9.421554	7.996909	-13.506557	7.157036	7.906441	4.021813	7.515696	6.315181	6.454736	-1.122059	-19.324307	5.235486	6.246007	-1.688944	5.092300	6.294579	6.210034
30	6	5	6.313118	-11.178159	-14.468905	-6.704106	3.038803	-0.437363	-9.284936	-8.757730	-3.063516	-0.011680	-10.057115	5.152940	9.056515	-3.089255	0.633986	-10.157879	9.307196	6.309086	6.481714
31	5	17	6.795835	-13.011551	-14.585465	-10.779074	2.085921	-2.121463	-16.144937	-1.850224	-9.127751	1.455213	-12.219525	7.340695	9.753054	-4.669770	-2.624014	-6.304882	9.529327	5.954875	7.157150
31	5	17	-11.382345	5.286605	12.010157	4.852899	-19.926707	7.490012	6.517729	5.799232	2.019906	1.455213	4.557038	7.340695	-17.653565	5.730980	-2.624014	-6.304882	9.529327	5.954875	7.157150
31	5	28	6.795835	-13.011309	-9.357439	-7.191190	-1.797769	-0.169961	-15.741893	-1.850224	-3.315119	1.455213	-12.219072	7.340695	9.753003	-2.130877	-2.624014	-6.304882	9.529327	5.954875	7.157150
31	5	24	6.795835	-13.011553	-14.102303	-12.712524	4.618743	-4.099014	-15.911892	-1.850224	-3.748883	7.320959	-12.219279	-7.157575	9.753053	-4.669782	5.641758	6.107942	-16.437101	-3.184087	-6.569375
31	5	14	-11.382364	5.286670	12.825947	4.854112	-17.401290	7.490054	6.737292	5.799232	7.399110	7.320959	5.365925	-7.157575	-17.769616	5.741191	5.641758	6.107942	-16.437101	-3.184087	-6.569375
32	5	36	-6.598928	7.777320	10.850461	6.004329	-21.729326	4.502281	7.824344	6.363636	7.074943	5.732446	6.863518	-9.402617	-15.763445	6.436885	6.692237	8.195395	-14.597605	-3.332742	-8.193103
32	5	9	-6.598725	7.777319	9.865879	6.004156	-26.782087	4.502281	6.524751	6.363635	1.866147	-0.453592	6.850796	7.401435	-15.763287	6.436885	-5.770821	-9.390330	9.128109	5.975034	7.354199
32	5	11	7.599848	-7.447058	-9.630743	-6.299177	-5.392563	-1.544027	-13.942101	-4.716403	-2.149150	-0.453592	-9.515705	7.401435	10.133593	1.080109	-5.770821	-9.390330	9.128109	5.975034	7.354199
32	5	11	7.599848	-7.447058	-12.124786	-12.134057	0.107164	-7.375567	-14.001593	-4.716403	-3.449153	-0.453592	-9.516215	7.401435	10.137580	-0.635898	-5.770821	-9.390330	9.128109	5.975034	7.354199
32	5	33	7.599848	-7.447058	-16.252511	-12.159214	5.163980	-7.980608	-14.001544	-4.716403	-2.174599	5.732446	-9.515757	-9.402617	10.137582	-0.658897	6.692237	8.195395	-14.597605	-3.332742	-8.193103
33	4	21	8.165938	-12.889548	-19.346809	-7.274171	8.223445	-9.015201	-12.392741	-4.813147	-10.720275	1.197193	-10.690904	6.216169	9.641573	-5.412276	-2.937290	-10.502057	9.243192	8.338014	6.850936
33	4	64	8.166073	-12.889548	-19.348632	-7.335829	11.693293	-9.015237	-11.644156	-4.813147	-5.183345	7.222960	-10.690904	-11.023982	9.641574	-5.412276	6.162171	7.244518	-15.426009	-0.539452	-8.618953
33	4	11	-5.693316	4.155345	9.277042	8.602863	-9.481901	8.894676	8.065479	4.788326	6.114791	7.222960	6.920840	-11.023982	-17.830237	5.714366	6.162171	7.244518	-15.426009	-0.539452	-8.618953
33	4	4	-5.685961	4.155345	6.595901	8.567327	-12.944477	8.894677	7.280246	4.788326	0.518511	1.197193	4.200471	6.216169	-16.299764	5.575482	-2.937290	-10.502057	9.243192	8.338014	6.850936
34	5	65	6.149975	-10.034636	-13.636603	-9.280631	10.913813	-10.801477	-16.795213	-2.194025	-6.761792	7.854129	-6.915518	-11.700324	8.512589	-1.652898	6.774774	6.284786	-16.042656	-1.792133	-8.844916
34	5	7	-6.254255	3.249115	5.054283	-0.142567	-8.693483	3.860676	-6.680836	5.711169	-0.443683	3.999912	1.371211	3.911259	-4.887051	5.372857	0.296797	-2.182045	5.435700	7.189972	8.576017
34	5	16	-7.858629	4.983531	9.680491	3.024981	-10.697890	6.731970	-0.659132	6.113398	5.940325	7.854129	6.301526	-11.700325	-7.235176	6.851916	6.774774	6.284786	-16.042656	-1.792134	-8.844918
34	5	4	-10.097057	4.983538	10.783404	5.932653	-11.656326	6.749233	4.458730	6.113399	5.940327	7.854129	8.009416	-11.700324	-12.829020	6.917980	6.774774	6.284786	-16.042656	-1.792134	-8.844918
34	5	8	6.149779	-10.034636	-13.794286	-8.986005	6.976169	-10.801629	-16.795197	-2.194025	-13.143629	3.999912	-7.226625	3.911259	8.512380	-1.665721	0.296797	-2.182045	5.435700	7.189972	8.576017
35	4	44	-6.918125	6.346428	10.066411	4.397295	-19.684189	8.282153	6.505813	9.021402	1.353680	-0.073193	6.832078	4.807500	-18.927194	7.308212	-5.172814	-10.851329	12.220739	7.134748	6.533009
35	4	39	6.236186	-10.279367	-9.226401	-10.791670	5.667679	-5.083877	-7.493536	0.460561	-9.254236	-0.073193	-8.282174	4.807500	11.123839	-4.500204	-5.172814	-10.851329	12.220739	7.134748	6.533009
35	4	12	-6.919542	6.346468	10.108611	4.398234	-16.786817	8.282155	6.515596	9.021402	7.151538	4.794779	7.637502	-7.644311	-18.927885	7.308212	4.578678	3.717867	-6.049343	-0.140293	-8.723333
35	4	5	6.236186	-10.279367	-9.228222	-10.791844	8.565095	-5.083879	-7.493497	0.460561	-3.456378	4.794779	-8.282168	-7.644311	11.123839	-4.500204	4.578678	3.717867	-6.049343	-0.140293	-8.723333
36	4	35	-11.261982	8.979501	10.625483	7.960945	-25.335741	5.911929	5.419655	6.760932	4.798959	0.301413	7.126454	6.232163	-18.295754	8.274743	-3.854270	-9.289384	9.266904	6.416524	6.580855
36	4	50	-11.261983	8.979501	10.625594	7.961062	-19.810200	5.911929	5.419655	6.760932	6.436378	6.855243	7.130713	-12.323390	-18.295755	8.274746	7.709554	6.668688	-14.808656	-2.620610	-7.746523
36	4	9	2.794268	-4.040372	-12.899333	-8.773474	8.868395	-6.790267	-6.099236	-0.956465	0.173876	6.855243	-5.223715	-12.323390	10.242919	-2.793537	7.709554	6.668688	-14.808656	-2.620610	-7.746523
36	4	6	2.794942	-4.042428	-13.422077	-9.107086	3.314636	-6.800042	-6.483671	-0.956953	-1.276103	0.301413	-7.185595	6.232163	10.242920	-2.396597	-3.854270	-9.289384	9.266904	6.416524	6.580855
37	2	79	6.959048	-15.028091	-15.936963	-4.173374	9.836216	-10.684316	-14.761543	-8.359754	-6.235303	7.542440	-11.696047	-9.856934	6.917045	0.329049	6.786503	8.714006	-12.406094	-4.254549	-17.285173
37	2	21	-8.883619	3.255583	9.316660	8.862471	-12.569308	4.677135	8.201412	4.199649	3.573430	7.542440	4.711879	-9.856934	-19.943388	6.648685	6.786503	8.714006	-12.406094	-4.254549	-17.285173
38	5	60	-7.299411	6.999527	9.586311	7.554977	-16.663243	7.439236	9.007694	6.735552	6.531536	4.436092	4.799625	-10.787866	-19.448455	5.325428	7.213833	9.389180	-15.169442	-4.212348	-7.583535
38	5	19	8.318596	-9.384805	-15.713190	-4.564733	9.223277	-4.056002	-11.848617	-5.260420	-4.509716	4.436092	-12.219728	-10.787866	4.669633	-4.593455	7.213833	9.389180	-15.066782	-4.212348	-7.583535
38	5	13	-7.153362	6.999514	8.855818	7.554700	-22.739030	7.439236	9.007394	6.735552	1.792008	-2.073962	4.678449	6.372586	-19.448430	5.323800	-1.226972	-5.903294	12.132510	5.514943	5.984890
38	5	4	8.318368	-9.071452	-16.039441	-2.809979	3.099108	-4.055997	-11.848620	-5.260420	-9.249242	-2.073962	-12.219728	6.372586	4.668208	-4.593404	-1.226972	-5.903294	12.132510	5.514943	5.984890
38	5	4	8.017255	-5.906731	-3.603487	0.052916	-5.697825	-1.519658	-11.846567	-5.260308	-4.674186	-2.073962	-12.219343	6.372586	4.609569	0.099152	-1.226972	-5.903294	12.132510	5.514943	5.984890
39	4	22	-9.260308	6.611815	10.293935	5.860253	-15.836703	4.298989	5.710447	5.880429	7.256636	7.753827	8.286942	-8.814240	-20.091063	3.688591	6.321931	5.653370	-15.112208	-2.186307	-7.295495
39	4	42	-9.256552	6.611806	10.293515	5.854096	-19.197203	4.298765	5.709739	5.880429	0.817695	1.119953	7.987608	6.800720	-20.086877	3.688591	-5.080385	-10.256615	10.976046	5.976745	8.032536
39	4	27	5.138912	-5.718556	-13.212305	-8.779514	5.080748	-9.562603	-11.233487	-7.109805	-8.182648	1.119953	-7.752106	6.800720	7.020600	-5.736773	-5.080385	-10.256615	10.976046	5.976745	8.032536
39	4	9	5.137965	-5.718550	-8.481654	-8.093704	8.441249	-9.510125	-10.770239	-7.109195	-2.923517	7.753827	-4.228979	-8.814240	7.019813	-5.776565	6.321931	5.653370	-15.112207	-2.186307	-7.295495
40	9	34	5.654451	-9.008005	-7.578186	-8.478032	3.335095	-7.998422	-15.329765	-5.629098	1.995603	3.510721	-6.408661	-10.609572	10.390811	-4.067697	5.677182	6.133730	-10.979332	-4.830127	-8.590375
40	9	10	-2.813468	4.014189	3.100210	1.093547	-11.659069	3.635406	-3.134519	6.404993	2.106180	-2.842454	2.535705	4.002050	-3.315256	4.206534	1.111282	-2.246271	-3.198353	0.782972	-1.014746
40	9	24	5.654451	-9.007993	-13.813294	-8.477957	3.072351	-7.817142	-20.483571	-5.629097	-3.722716	-2.842454	-10.181316	4.002050	10.390811	-3.991570	1.111282	-2.246271	-3.198351	0.782972	-1.014746
40	9	13	5.654451	-9.007993	-13.986971	-8.477957	3.072351	-7.817142	-20.483886	-5.629101	-3.727808	-2.891756	-10.183934	6.376221	10.390811	-3.991570	-4.891539	-6.475912	10.215417	6.054613	3.369413
40	9	6	-2.806822	4.012110	3.097797	1.092829	-11.653337	3.632848	-3.138191	6.404768	2.101060	-2.891756	2.530704	6.376221	-3.310371	4.205514	-4.891539	-6.475912	10.215417	6.054613	3.369413
40	9	8	-3.442152	4.184915	3.377113	1.213738	-11.934999	4.081488	-2.483913	6.422522	7.826026	3.510721	3.826757	-10.609572	-3.769891	4.266321	5.677182	6.133730	-10.979332	-4.830127	-8.590375
40	9	3	-9.295416	4.821372	9.921121	7.334750	-18.409506	8.544841	3.919262	6.473524	7.826580	3.510721	5.793888	-10.609572	-12.993785	4.267034	5.677182	6.133730	-10.979332	-4.830127	-8.590375
40	9	1	-9.295415	4.821322	9.841894	7.327728	-18.661670	8.544841	3.277395	6.473520	2.108226	-2.842454	4.955911	4.002050	-12.722549	4.267021	1.111282	-2.246271	-3.198353	0.782972	-1.014746
40	9	1	-9.295415	4.821321	9.840801	7.327657	-18.661670	8.544841	3.273762	6.473520	2.103134	-2.891756	4.953511	6.376221	-12.719548	4.267021	-4.891539	-6.475912	10.215417	6.054613	3.369413
41	2	39	6.273843	-14.070357	-14.510790	-7.074982	9.695343	-7.807307	-14.041157	-6.426341	-9.866217	1.773522	-11.252846	7.527958	6.788940	-7.927176	-3.673077	-7.169434	9.443138	8.350819	7.300478
41	2	61	6.273843	-14.070087	-14.031547	-7.074982	10.544474	-7.807307	-14.039720	-6.426341	-5.415939	7.329502	-11.247745	-7.527053	6.788940	-7.927176	7.275732	7.437858	-14.669995	-1.014996	-6.095914
42	4	21	-4.766446	6.474837	9.523600	3.427196	-9.726188	5.248890	7.771432	5.474468	7.267847	8.484086	6.709329	-6.083608	-21.961965	6.465594	5.991165	3.714650	-11.133565	-4.089180	-14.961860
42	4	71	7.085178	-5.017786	-19.591091	-9.603891	11.583172	-12.182992	-10.648482	-7.706674	-3.738719	8.484086	-8.213276	-6.083608	4.958177	-1.312743	5.991165	3.714650	-11.133565	-4.089180	-14.961860
42	4	7	7.085178	-5.017786	-19.591299	-9.603891	11.583156	-12.182992	-10.646734	-7.706674	-7.972093	7.068053	-8.214474	2.193728	4.958177	-1.312743	-4.062992	-9.836731	4.289337	6.822182	0.821978
42	4	1	-4.766370	6.474837	9.518034	3.427196	-9.726205	5.248890	7.768391	5.474468	3.034474	7.068053	6.709329	2.193728	-21.961965	6.465594	-4.062992	-9.836731	4.289337	6.822182	0.821978
43	4	58	8.617244	-4.865004	-18.003300	-9.445877	9.621583	-6.932801	-13.707934	-2.458875	-4.934015	5.180725	-11.487281	-15.127296	9.127263	-3.507547	7.597586	8.085231	-14.841435	-5.234279	-10.687527
43	4	32	-5.767201	6.300385	10.207386	6.513111	-11.522893	5.982761	6.463124	7.295608	6.794614	5.180725	6.605688	-15.127296	-19.735948	6.960168	7.597586	8.085231	-14.841435	-5.234279	-10.687527
43	4	4	8.617244	-4.865004	-18.003300	-9.444910	7.219769	-6.802315	-13.707862	-2.458875	-9.823426	0.650913	-11.487369	3.871736	9.127263	-3.507541	-2.635100	-6.397946	8.161133	6.688281	6.403400
43	4	6	-5.767202	6.300385	9.644693	6.511790	-13.924234	5.984027	5.906484	7.295608	1.905202	0.650913	5.848436	3.871736	-19.735945	6.929519	-2.635100	-6.397946	8.161133	6.688281	6.403400
44	6	13	2.823903	-8.626425	-15.920424	-8.687184	3.972653	-6.309604	-10.237389	1.706819	0.328723	6.376072	-7.047282	-9.768512	8.381167	-2.458390	8.480273	7.722297	-9.176409	-4.532954	-9.352061
44	6	35	-13.560643	8.193852	7.331605	6.818959	-18.944203	7.567588	5.477647	7.924244	8.148048	6.376072	7.986211	-9.768512	-17.228529	4.811338	8.480273	7.722297	-9.176414	-4.532965	-9.352061
44	6	26	-13.560584	8.193851	7.331193	6.818959	-18.944597	7.567588	5.365324	7.924244	3.515301	4.411912	7.985058	7.048908	-17.228224	4.811338	-2.771914	-8.779259	9.052254	7.995344	6.454483
44	6	9	-7.086134	2.496228	0.213805	0.229566	-9.375579	1.339804	-4.954189	7.923970	3.511348	4.411912	4.365666	7.048908	-1.087542	4.811327	-2.771914	-8.779259	9.052254	7.995344	6.454483
44	6	7	2.823903	-8.626432	-16.063942	-8.687125	3.972259	-6.309559	-13.840547	1.706819	-4.303859	4.411912	-7.136447	7.048908	8.381168	-2.458388	-2.771914	-8.779259	9.052254	7.995344	6.454483
44	6	10	-7.086220	2.497009	0.214296	0.229592	-9.376168	1.340439	-4.840404	7.923971	8.144095	6.376072	4.436927	-9.768512	-1.088195	4.811328	8.480273	7.722297	-9.176414	-4.532965	-9.352061
45	4	64	-10.517109	7.499281	10.825009	7.126634	-24.634194	6.954047	7.199914	8.028243	4.809248	-1.419729	6.657079	6.786773	-19.028045	6.869534	-5.463656	-12.047229	8.116699	7.796492	6.971977
45	4	25	6.721160	-9.416495	-14.935509	-10.226543	3.400991	-7.635325	-9.919423	-4.046521	-7.792649	-1.419729	-11.059676	6.786773	8.192619	-4.710965	-5.463656	-12.047229	8.116699	7.796492	6.971977
45	4	4	6.721160	-9.416495	-14.935517	-10.226562	7.149808	-7.635326	-9.919400	-4.046467	-3.674072	4.742771	-11.059675	-6.471317	8.192619	-4.710965	6.490395	5.517572	-12.966073	-2.083434	-8.090143
45	4	7	-10.517109	7.499281	10.825014	7.126634	-20.886261	6.954047	7.200067	8.028243	8.965503	4.742771	6.657119	-6.471317	-19.028045	6.869534	6.490395	5.517572	-12.966073	-2.083434	-8.090143
46	2	84	6.305447	-10.231119	-20.926299	-12.071934	9.052897	-7.495557	-10.258088	-4.709177	-3.519079	5.876223	-8.889217	-6.108998	9.447768	-4.671841	4.145943	5.573672	-12.571252	-3.377301	-10.646000
46	2	16	-6.894912	6.756324	8.577390	6.699619	-15.583603	7.829428	7.092873	5.263615	7.620239	5.876223	6.485094	-6.108998	-9.879059	4.899108	4.145943	5.573672	-12.571252	-3.377301	-10.646000
47	5	60	7.961837	-9.274609	-16.256600	-10.536424	5.920057	-11.270372	-17.495923	-4.119051	-6.846800	0.182451	-13.716974	5.427071	10.859636	1.143757	-6.910825	-12.648294	9.725819	5.479245	8.732165
47	5	22	-4.588908	5.668819	8.344036	8.092539	-19.581007	4.592994	4.759659	6.594129	1.915560	0.182451	3.489443	5.427071	-12.133517	7.158745	-6.910825	-12.648294	9.725819	5.479245	8.732165
47	5	14	7.961837	-9.274609	-16.615990	-10.536421	9.167656	-11.285586	-17.380335	-4.119051	-1.975864	4.971786	-13.714600	-9.287815	10.859635	1.143758	4.887755	4.434219	-11.969454	-1.601054	-5.811786
47	5	2	7.961837	-9.274609	-16.615990	-10.536421	9.167656	-11.285586	-17.380335	-4.119051	-1.975864	4.971786	-13.714600	-6.257442	10.859635	1.143758	4.887755	4.429917	-7.100944	2.748135	2.229821
47	5	2	-4.588909	5.668819	8.942031	8.109061	-16.426573	4.592994	5.087086	6.594129	6.792128	4.971786	3.594010	-9.287815	-12.373867	7.186776	4.887755	4.434219	-11.969454	-1.601060	-5.811804
48	5	8	-8.318681	7.080033	10.013750	7.781105	-11.565027	5.540116	5.053259	8.665524	8.523029	8.449487	4.620763	-6.249619	-14.509236	5.038654	7.092034	6.424789	-9.919154	0.392231	-9.937540
48	5	19	5.832519	-7.861671	-18.511148	-8.440841	11.227837	-11.582882	-17.131229	-3.296570	-8.139659	3.525582	-9.152626	3.736070	9.145324	-7.463183	-2.632642	-9.539666	4.260033	4.422122	-1.633443
48	5	54	5.832519	-7.861671	-18.498789	-8.440841	11.247667	-11.582882	-15.889097	-3.296570	-2.766077	8.449487	-9.152531	-6.249624	9.145324	-7.463183	7.092034	6.424789	-9.919154	0.392231	-9.937540
48	5	18	5.832519	-7.861671	-18.511148	-8.440840	11.051638	-11.582882	-17.131250	-3.296570	-8.772495	2.392773	-9.152626	9.213064	9.145324	-7.463183	-2.633112	-11.078091	10.353783	6.638283	5.610622
48	5	1	-8.318681	7.080032	10.001449	7.781096	-11.587410	5.540116	5.052932	8.665524	3.149517	3.525582	4.620413	3.736070	-14.509043	5.038629	-2.632642	-9.539666	4.260033	4.422122	-1.633443
49	3	52	7.660587	-8.269300	-15.055175	-8.486144	11.027551	-9.225990	-18.177829	-3.855555	-2.159550	6.873198	-11.255977	-6.321985	10.524382	-3.450925	8.981961	5.399357	-12.705458	-2.576825	-11.073784
49	3	23	-5.952395	6.404964	10.093825	7.809087	-13.856285	7.285692	4.574554	5.479397	5.459680	6.873198	4.153717	-6.321985	-6.842166	9.126648	8.981961	5.399357	-12.705458	-2.576825	-11.073784
49	3	25	7.660586	-8.269300	-15.469697	-8.485706	4.540104	-9.167029	-18.177934	-3.855555	-8.567952	0.398888	-11.260391	6.866385	10.524382	-3.450717	0.499161	-9.834269	9.522467	7.266852	4.595635
50	4	32	-9.282307	5.823418	10.910123	7.039577	-17.958774	7.183794	7.943946	5.833365	6.406140	6.132912	5.938624	-5.321711	-15.356767	9.338513	7.572602	6.557100	-16.079767	-6.157674	-8.427490
50	4	61	5.907061	-12.210706	-19.612174	-10.315740	8.059687	-9.702036	-14.520940	-6.873113	-4.462082	6.132912	-11.677546	-5.321711	10.263280	1.103612	7.572602	6.557100	-16.079767	-6.157674	-8.427490
50	4	5	5.907061	-12.209883	-19.610547	-10.236004	4.138706	-8.998244	-14.521202	-6.873113	-7.534243	0.002985	-11.701408	4.171076	10.263280	1.103612	-3.116184	-10.814796	10.295212	5.578192	5.547087
50	4	2	-9.282307	5.823418	10.909738	7.039567	-21.877306	7.183811	7.889079	5.833365	3.333977	0.002985	5.871102	4.171076	-15.356767	9.338373	-3.116184	-10.814796	10.295212	5.578192	5.547087
51	4	32	-4.220988	7.330343	10.198835	4.958147	-12.533296	4.959949	6.462605	3.864254	8.002517	8.137950	5.865347	-4.031404	-13.750553	6.828220	6.991560	5.210412	-19.147221	-3.364012	-13.000220
51	4	60	8.699770	-6.908851	-8.365584	-8.528186	10.195004	-12.871581	-4.378302	-5.517148	0.436794	8.137950	-1.640959	-4.031404	8.944356	-6.084667	6.991560	5.210412	-19.147221	-3.364012	-13.000220
51	4	6	-4.220945	7.330342	10.198368	4.958139	-18.541365	4.959947	6.449826	3.864254	2.222761	2.024778	5.768724	6.851665	-13.750484	6.828220	-1.680018	-9.068118	5.403637	5.490184	5.368614
51	4	2	8.700802	-6.908833	-14.036871	-8.528197	4.186931	-12.901167	-7.416728	-5.517148	-5.342788	2.024778	-4.718503	6.851665	8.946411	-6.088379	-1.680018	-9.068118	5.403637	5.490184	5.368614
52	4	19	7.301927	-9.598755	-18.911045	-13.503314	8.038135	-9.763616	-15.693061	-5.244912	-6.999391	5.242753	-12.624960	2.121140	7.983524	-1.900667	-1.130292	-12.238013	6.635531	7.558342	6.384432
52	4	70	7.301927	-9.598755	-18.911341	-13.566632	8.768875	-9.768071	-14.816663	-5.244912	-3.630991	6.378128	-12.623666	-14.375905	7.983524	-1.900667	6.419333	2.699062	-14.202399	-3.104243	-6.379778
52	4	7	-3.186402	2.710205	9.635619	4.967330	-15.993261	6.330475	6.681838	5.881322	6.545489	6.378128	5.600654	-14.375910	-12.912597	6.896685	6.419333	2.699062	-14.202399	-3.104254	-6.379778
52	4	4	-3.186402	2.710205	9.634812	4.967343	-16.724017	6.330475	6.681838	5.881322	3.177089	5.242753	5.600029	2.121140	-12.912564	6.896685	-1.130292	-12.238388	6.635531	7.558342	6.384432
53	4	48	-5.124707	8.711793	9.861247	6.442173	-18.912202	6.194168	6.935195	7.747355	6.636358	6.130887	7.352283	-13.442529	-16.462934	6.352004	4.218337	3.980328	-7.902491	2.987213	-8.102682
53	4	30	5.895143	-7.425022	-18.920285	-10.796205	9.964683	-9.036239	-13.036487	-4.533120	-1.706991	6.130887	-7.000165	-13.442529	8.369752	-3.004102	4.218337	3.980328	-7.902491	2.987214	-8.102678
53	4	5	5.895143	-7.425072	-19.523630	-10.783438	9.482857	-9.036224	-13.178547	-4.533120	-3.834037	5.209793	-7.398411	2.044530	8.369752	-3.004097	-0.789807	-6.522619	6.337603	8.482899	1.954128
53	4	17	-5.124707	8.711793	9.840189	6.442175	-19.394028	6.194086	6.860406	7.747355	4.480068	5.209793	7.351560	2.044530	-16.460157	6.352004	-0.789807	-6.522619	6.337603	8.482899	1.954128
54	4	60	4.282619	-11.754305	-8.011841	-4.875314	10.975713	-9.173378	-14.649767	-5.533194	-5.986308	7.882557	-8.892472	-12.162234	9.172377	-3.223723	5.662722	6.010344	-15.879804	-4.548116	-9.305528
54	4	11	-9.710926	3.424376	10.075338	5.151183	-8.816581	7.520553	6.574888	6.721821	5.856334	7.882557	7.548492	-12.162234	-16.827354	8.829255	5.662722	6.010344	-15.879804	-4.548116	-9.305528
54	4	24	4.282619	-11.754293	-7.993960	-4.875314	5.170604	-8.537217	-14.646436	-5.533194	-9.323575	2.578575	-8.892472	4.868194	9.172366	-1.977535	-3.381131	-7.702775	9.544187	8.044219	5.443021
54	4	5	-9.710925	3.424375	9.972249	5.151183	-14.862387	7.525344	6.574587	6.721821	2.519067	2.578575	7.353068	4.868194	-16.795361	8.834790	-3.381131	-7.702775	9.544187	8.044219	5.443021
55	5	20	1.193822	-0.573464	-2.880981	5.357464	2.647196	-6.444805	1.610095	4.535748	1.970584	8.437718	4.267869	-12.097422	3.598184	0.380214	7.815587	8.900164	-16.744939	-4.993810	-14.853935
55	5	16	6.500463	-10.527791	-21.745022	-4.269282	7.556234	-10.016281	-9.088312	-1.888709	-9.200012	2.667694	-4.797281	5.709232	10.443789	-6.141327	-3.427497	-7.330554	10.856285	7.506157	4.374930
55	5	19	-9.603670	4.778191	8.250434	7.542992	-13.445142	5.009091	8.083678	5.714363	7.302189	8.437718	7.122901	-12.097422	-7.408948	5.401139	7.815587	8.900164	-16.744939	-4.993810	-14.853935
55	5	40	6.500463	-10.527826	-21.745785	-4.269368	9.542297	-10.016282	-9.088144	-1.888709	-4.036563	8.437718	-4.097770	-12.097422	10.443790	-6.141066	7.815587	8.900164	-16.744939	-4.993810	-14.853935
55	5	5	-9.602066	4.778191	8.246253	7.542992	-15.431205	5.009091	7.967291	5.714362	2.138741	2.667694	7.122824	5.709232	-7.403257	5.401139	-3.427497	-7.330554	10.856285	7.506157	4.374930
56	5	10	-6.129121	8.703114	6.819861	5.299298	-20.750280	5.412244	3.539526	7.516700	-1.451368	3.139703	1.189354	7.454557	-17.673082	-1.769734	-3.588803	-8.477726	10.068393	5.728147	7.102587
56	5	40	-6.129122	8.703115	9.105443	7.154024	-14.570772	5.413566	6.552070	7.516700	4.911806	8.730395	3.235882	-10.357027	-17.894065	4.254349	7.074293	7.562998	-18.635063	-1.471008	-9.897777
56	5	44	6.238800	-3.054099	-15.106363	-6.036503	9.896427	-5.987857	-12.535549	-1.812419	-3.245719	8.730395	-11.128038	-10.357026	8.546736	-8.752684	7.074293	7.562998	-18.635063	-1.471008	-9.897777
56	5	4	6.238800	-3.054099	-17.468274	-6.028091	3.283964	-5.956907	-13.548085	-1.812419	-9.606990	3.139703	-11.173756	7.454557	8.546735	-8.752679	-3.588803	-8.477726	10.068393	5.728147	7.102587
56	5	2	6.207344	-2.998554	-10.444251	0.293091	-5.543224	-0.323372	-10.764758	-1.812329	-7.880291	3.139703	-11.173753	7.454557	5.036170	-2.265039	-3.588803	-8.477726	10.068393	5.728147	7.102587
57	4	39	6.464454	-9.932821	-19.537650	-7.599259	10.516018	-8.837590	-8.345890	-0.326958	-5.281475	7.529699	-12.171837	-13.109147	10.075890	-6.714620	7.390081	4.665605	-13.973967	-6.336717	-5.754015
57	4	8	-11.185360	5.151235	8.184962	5.842068	-15.335186	7.440683	2.248999	5.606655	0.218102	0.901715	2.960179	3.293843	-13.160159	6.268622	-3.304957	-10.933673	10.418491	5.829509	7.015965
57	4	25	6.464454	-9.932821	-19.652321	-7.599259	7.970658	-8.840681	-8.345890	-0.326958	-10.864494	0.901715	-12.171855	3.293843	10.075891	-6.714620	-3.304957	-10.933673	10.418491	5.829509	7.015965
57	4	28	-11.185396	5.151402	8.900632	5.842575	-12.792320	7.440689	7.428412	5.606655	5.901087	7.529699	2.960541	-13.109147	-16.398620	6.268622	7.390081	4.665605	-13.973967	-6.336717	-5.754016
58	5	76	8.435779	-10.200024	-14.865020	-10.783114	9.881168	-13.643043	-8.977061	-1.763057	-4.217253	8.009134	-10.556286	-7.995591	7.792423	2.475156	6.847999	1.801854	-15.401247	-5.430957	-6.098284
58	5	13	-10.602393	5.257150	12.430321	5.239536	-15.355813	3.757937	7.611176	7.246966	6.621275	8.009134	5.734010	-7.995591	-15.887911	6.620025	6.847999	1.801854	-15.401247	-5.430957	-6.098284
58	5	8	8.435779	-10.200024	-16.065377	-10.783114	9.844171	-13.643043	-8.977102	-1.763057	-9.677247	1.550716	-10.564147	4.839045	7.792423	2.475156	-3.548362	-11.387112	4.862681	1.518465	4.338243
58	5	1	8.435779	-10.200024	-14.865246	-10.783114	9.881168	-13.643043	-8.977061	-1.763057	-4.217254	8.009131	-10.556286	-2.414253	7.792423	2.475156	6.818567	1.801493	-8.820559	0.760900	2.869162
58	5	2	-10.602391	5.256463	12.429747	5.217542	-15.387452	3.757937	7.452386	7.246966	1.161281	1.550716	4.234616	4.839045	-15.881572	6.620025	-3.548362	-11.387112	4.862681	1.518465	4.338243
59	6	31	-5.398805	4.879409	9.782761	5.512837	-22.038651	6.047145	7.986352	7.510418	6.298023	5.086567	6.526547	-4.524816	-17.499873	8.012560	5.692053	7.463176	-9.042883	-3.927407	-10.937078
59	6	11	-5.262643	4.879407	4.808281	5.512296	-27.947917	6.031164	6.442195	7.510418	0.488770	-0.615926	2.860374	3.379676	-16.672529	7.132828	-4.379667	-3.779476	4.487730	0.449296	-6.085184
59	6	18	8.286284	-10.554989	-17.800819	-3.358729	0.700220	-6.463015	-14.995365	-2.816077	-8.125530	-0.615926	-11.997455	3.379676	11.746344	1.054968	-4.379667	-3.779476	4.487730	0.449296	-6.085184
59	6	12	8.286008	-10.168071	-17.594154	-3.060268	0.625686	-6.312472	-14.985415	-2.816077	-8.557408	-1.123349	-11.997455	8.024860	11.746341	1.200231	-4.635469	-4.025169	10.379860	6.857133	6.346563
59	6	18	8.286831	-11.922504	-18.638463	-6.597342	6.799261	-10.638133	-15.038511	-2.816077	-4.728464	5.086567	-11.997450	-4.524816	11.746346	-2.071911	5.692053	7.463176	-9.042883	-3.927407	-10.937131
59	6	10	-5.178725	4.879391	4.563353	5.478336	-27.975396	6.020649	4.937903	7.510418	-0.285553	-1.123349	0.844415	8.024860	-15.573039	4.555375	-4.635469	-4.025169	10.379860	6.857133	6.346563
60	3	72	6.538681	-8.556209	-14.036544	-10.503355	10.297326	-12.497650	-8.792359	-0.906072	-0.705027	6.419245	-13.437149	-8.025933	8.842406	-3.073765	7.152467	7.798133	-14.426359	-4.107506	-8.995383
60	3	27	-5.005544	6.379669	9.375165	5.788687	-15.392034	6.504520	8.017727	5.495182	9.175937	6.419245	3.586588	-8.025933	-19.645082	2.212911	7.152467	7.798133	-14.426359	-4.107506	-8.995383
60	3	1	6.538681	-8.556209	-14.517033	-10.503355	6.516613	-12.497650	-9.400972	-0.906072	-5.438664	0.251733	-15.489379	7.304844	8.842406	-3.023088	-2.052166	-2.558936	7.751388	8.089981	6.016291
61	6	36	7.851677	-8.571201	-14.103172	-10.679066	8.476248	-8.022000	-16.200258	-6.634490	-3.071235	3.997461	-10.913084	-10.771284	10.435290	-2.828984	6.969264	4.632731	-9.480557	-4.625442	-9.866118
61	6	11	-4.537050	7.014959	12.257853	6.839391	-15.695346	7.653271	5.631035	4.166920	7.201299	3.997461	4.342892	-10.771284	-14.185288	7.406413	6.969264	4.632731	-9.480557	-4.625442	-9.866118
61	6	21	7.851684	-8.571201	-14.981619	-10.682154	4.169529	-8.007559	-18.035214	-6.634492	-7.900877	0.282700	-11.577058	2.805698	10.435342	-2.828980	-5.651439	-11.545974	10.315890	5.853812	1.633494
61	6	7	-4.537050	7.014959	12.257853	6.839391	-15.747855	7.653271	5.631035	4.166920	7.201299	3.960628	4.342892	-2.919615	-14.185288	7.406413	0.444117	-6.654326	7.081581	1.046620	-3.784528
61	6	6	-4.537020	7.014958	12.257339	6.817530	-20.000368	7.653271	5.283088	4.166920	2.370712	0.282700	4.251064	2.805698	-14.185285	7.401023	-5.651439	-11.545974	10.315890	5.853812	1.633494
61	6	19	7.851677	-8.571201	-14.103172	-10.679066	8.424185	-8.022000	-16.200258	-6.634490	-3.071235	3.960628	-10.913084	-2.919615	10.435290	-2.828984	0.444117	-6.654326	7.081581	1.046620	-3.784528
62	4	12	-8.106730	8.674415	9.718864	7.035002	-28.728420	8.142821	8.599805	6.125980	0.906619	3.950083	7.287266	6.201157	-19.602109	6.247104	-1.494137	-11.337312	5.312272	8.066693	6.453872
62	4	48	-8.106731	8.674415	9.721210	7.036184	-25.416900	8.142821	9.354758	6.125980	6.091391	7.243041	7.985271	-11.745090	-19.602109	6.247106	7.912509	6.269413	-15.130770	1.500375	-9.585269
62	4	27	7.243272	-7.195542	-14.787178	-8.128349	5.253144	-8.932281	-15.052105	-4.154600	-5.727566	7.243041	-8.511187	-11.745090	6.259579	-6.344426	7.912509	6.269413	-15.130765	1.500375	-9.585269
62	4	13	7.243272	-7.194557	-14.681863	-8.124402	1.896243	-8.086487	-15.217923	-4.154600	-9.624703	3.950083	-8.509808	6.201157	6.259579	-5.208820	-1.494137	-11.337312	5.312272	8.066693	6.453872
63	4	16	-5.124830	7.366564	8.363428	3.194207	-13.138422	6.284700	8.580258	5.668789	5.004317	1.973424	6.953678	-6.293077	-10.905392	7.829677	6.893439	6.591806	-10.426700	-3.347746	-11.620655
63	4	33	6.549608	-2.997029	-18.415722	-10.230975	6.524360	-11.478327	-13.096255	-6.623382	-10.563595	-4.249253	-10.690929	8.946774	10.317615	-3.582681	-6.106554	-7.522925	8.020297	6.873687	6.442425
63	4	43	6.549610	-2.997029	-18.415600	-10.239014	6.558777	-11.478355	-13.155145	-6.623382	-5.285095	1.973424	-10.494344	-6.293077	10.317615	-3.582681	6.893439	6.591806	-10.426700	-3.347746	-11.620655
63	4	8	-5.091170	7.366182	5.335927	3.193852	-13.172603	6.281674	5.187365	5.668789	-0.274414	-4.249253	6.942722	8.946774	-10.657570	7.829677	-6.106554	-7.522925	8.020297	6.873687	6.442425
64	4	94	6.582105	-13.147351	-22.535127	-13.515993	6.343967	-9.855389	-11.381647	-5.513392	-5.681242	0.054894	-13.231972	6.721914	12.307270	-6.304447	-5.852761	-9.522797	9.974802	8.704530	7.766602
64	4	1	6.582105	-13.147351	-19.482754	-13.515993	11.595939	-9.855390	-11.360236	-5.513392	-0.887307	6.407433	-13.223459	-1.917576	12.307270	-6.317111	4.160533	5.081387	-4.404270	3.419308	4.022941
64	4	1	-4.813298	4.694112	7.283423	3.381767	-13.041910	7.380838	6.741799	6.629284	7.765170	6.523803	4.853237	-5.870123	-11.493039	5.923730	4.594843	5.164803	-12.718713	1.442771	-4.579221
64	4	4	-4.812698	4.694110	6.796949	3.381518	-17.956043	7.380779	6.730532	6.629284	2.971027	0.054894	4.834621	6.721914	-11.492538	5.923679	-5.852761	-9.522797	9.974802	8.704530	7.766602
65	4	63	5.225019	-11.187627	-18.979021	-6.819340	2.943059	-16.733586	-18.513228	-2.962170	-6.219193	0.735467	-15.440329	6.902644	11.036350	-1.238636	-4.300194	-8.266181	10.395854	6.628993	6.236941
65	4	33	5.225036	-11.187627	-18.979061	-9.576982	7.611268	-17.103853	-18.538386	-2.962170	-5.963992	7.187735	-15.439739	-6.710593	11.036418	-3.002838	4.235219	4.486170	-20.223185	-4.695175	-8.402181
65	4	3	-11.935259	5.925486	9.530700	5.913040	-22.520175	2.021434	2.933739	8.015549	3.240472	0.735467	1.720716	6.902644	-17.323170	6.613436	-4.300194	-8.266181	10.395854	6.628993	6.236941
65	4	1	-11.937567	5.925486	9.532308	5.924696	-17.852078	2.021740	2.935417	8.015549	6.003522	7.187735	1.896370	-6.710593	-17.323841	6.632237	4.235219	4.486170	-20.223185	-4.695175	-8.402181
66	4	66	5.663831	-11.468333	-19.538914	-8.743325	9.383606	-10.921245	-15.993479	-5.255234	-5.969834	5.395707	-6.228360	-6.556576	10.304928	-3.703418	6.633492	6.404143	-16.941631	-2.874775	-9.648972
66	4	25	5.663831	-11.468333	-21.313458	-8.743325	7.747499	-10.918984	-15.997383	-5.255234	-11.988548	0.619460	-6.228361	7.444945	10.304928	-3.605038	-3.845024	-6.498913	9.062300	6.584121	7.699721
66	4	8	-12.305211	4.746986	7.362549	4.275133	-10.748724	7.050178	6.897620	6.586666	6.913146	5.395707	7.577247	-6.556569	-12.879816	8.104549	6.633492	6.404143	-16.941631	-2.874775	-9.648987
66	4	1	-12.305171	4.746626	6.988179	4.275107	-12.382451	7.042490	4.985998	6.586666	0.894428	0.619460	7.463636	7.444945	-12.610845	8.103445	-3.845024	-6.498913	9.062300	6.584121	7.699721
67	2	86	5.829118	-8.322977	-17.059440	-7.689104	6.831841	-10.228381	-13.853495	-5.916593	-8.289890	5.732893	-11.409855	-5.746729	6.618088	-5.835607	5.914946	7.337274	-19.781128	-7.169153	-12.938575
67	2	14	-6.946750	7.359767	10.130813	7.466085	-15.709039	6.208582	5.699492	5.777291	3.272545	5.732893	6.033925	-5.746719	-14.681781	6.543610	5.914946	7.337274	-19.781128	-7.169153	-12.938575
68	3	40	6.508226	-11.273693	-20.747652	-5.726060	8.637615	-10.604506	-16.346444	-6.601765	-5.817935	6.853575	-11.298791	-5.637935	9.755947	-3.878898	7.130981	6.709796	-15.074040	-1.065747	-10.354988
68	3	46	6.508181	-11.273693	-20.746588	-4.696657	2.407970	-10.128236	-16.346444	-6.601765	-12.134198	0.313123	-12.097735	7.094583	9.755947	-3.875449	-3.738074	-10.924892	9.326678	7.340117	7.691272
68	3	14	-10.442965	6.207629	7.470603	8.128521	-11.505485	6.233757	5.802608	6.183076	4.477216	6.853575	6.463835	-5.637935	-17.098769	6.403052	7.130981	6.709796	-15.074041	-1.065747	-10.354988
69	4	25	7.114864	-9.199271	-9.026456	-4.488687	-7.662695	-0.426189	-11.362939	1.808792	-4.387828	2.730632	-12.609140	7.958913	10.091899	1.780248	-4.442573	-7.787520	9.493943	7.005513	6.580320
69	4	24	-8.906508	7.376363	9.059584	5.572714	-20.708895	5.986526	7.126107	7.122901	2.085395	2.730632	4.096421	7.958913	-15.898887	6.456585	-4.442573	-7.787520	9.493943	7.005513	6.580320
69	4	29	-8.906517	7.376363	9.762868	5.572719	-15.219391	5.986526	7.203975	7.122901	7.142225	7.981555	4.411845	-8.147122	-15.520997	6.460311	7.311844	8.025763	-10.071892	-4.436627	-8.839803
69	4	22	7.186272	-9.206224	-13.455011	-10.530028	3.782305	-3.993739	-14.117531	1.808767	-3.197600	7.981555	-12.609135	-8.147122	10.091904	-4.559351	7.311844	8.025763	-10.071892	-4.436627	-8.839803
70	3	93	7.454976	-11.797893	-17.117668	-10.682168	10.576767	-6.231359	-17.923902	-4.477936	0.014280	7.431500	-7.952033	-9.721496	10.007364	-5.253451	6.553492	6.540886	-14.695420	-8.622846	-10.378209
70	3	1	-7.849524	4.801936	7.927064	6.928734	-12.039397	5.918377	2.290499	7.066008	6.803195	7.431500	5.621761	-9.721496	-18.467056	6.935363	6.553492	6.540886	-14.695420	-8.622846	-10.369676
70	3	6	7.454976	-11.797893	-19.768560	-10.682168	5.731845	-6.231359	-18.035819	-4.477936	-5.773894	0.796817	-9.297546	4.025954	10.007364	-5.253451	-1.159983	-9.208476	7.723038	4.446508	7.655668
71	4	34	5.459736	-10.444065	-17.693589	-8.616764	7.252006	-10.978124	-16.063613	-4.317606	-8.340422	1.916559	-7.174214	6.971830	9.463866	-2.590322	-4.294963	-11.633609	10.999535	6.155298	7.068193
71	4	40	-8.692220	6.143020	9.004783	9.236358	-19.373210	4.501761	6.384332	7.192609	0.993227	1.916559	6.669202	6.971830	-13.397638	7.930421	-4.294963	-11.633609	10.999535	6.155298	7.068193
71	4	9	5.464379	-10.447146	-17.721969	-8.924682	10.114538	-10.991688	-16.063717	-4.317707	-2.611024	7.934925	-6.749589	-4.500405	9.464119	-2.591804	7.735458	6.727456	-7.746650	0.641122	-0.686911
71	4	17	-8.692219	6.143880	9.226551	9.236344	-16.513207	4.501761	7.732463	7.192609	6.726196	7.934925	7.457558	-4.500405	-13.397800	7.930823	7.735458	6.727456	-7.746650	0.641122	-0.686911
72	2	68	6.741492	-11.120843	-7.982797	-12.215903	7.187990	-2.323211	-5.226178	-7.745729	-1.034126	5.708729	-4.358649	-14.063342	9.983812	-4.820066	7.066333	8.055076	-15.370991	-6.018242	-9.884310
72	2	32	-4.936679	6.825568	11.240477	3.571676	-17.580950	8.420828	6.408383	3.486105	6.541958	5.708729	5.982103	-14.063342	-13.711994	6.976700	7.066333	8.055076	-15.370991	-6.018242	-9.884310
73	6	48	8.963968	-12.420514	-15.933954	-7.836470	9.815009	-11.045727	-4.456161	-5.752610	0.208712	6.796025	-7.769311	-11.539401	8.465352	-2.555778	7.441751	3.429709	-7.394228	-5.406528	-8.874977
73	6	12	-6.918028	3.768834	9.425041	7.075836	-15.109244	6.765084	7.547352	5.434720	8.013715	6.796025	5.829623	-11.539401	-15.899756	8.085991	7.441751	3.429709	-7.394325	-5.406528	-8.874977
73	6	6	-6.917999	3.768115	9.199507	7.051627	-18.562963	6.765084	7.540661	5.434720	1.405409	1.266597	4.488441	7.151299	-15.809502	8.074110	-3.932095	-11.670851	12.702972	7.506655	4.960167
73	6	12	8.963968	-12.420515	-16.993423	-7.836477	6.360604	-11.045725	-9.459617	-5.752610	-6.370103	1.266597	-9.958875	7.151299	8.465927	-3.117323	-3.932095	-11.670851	12.702972	7.506655	4.960167
73	6	13	8.963968	-12.420515	-16.993423	-7.836477	9.097534	-11.045727	-9.459941	-5.752610	-6.386892	5.094609	-9.958875	1.212879	8.465927	-3.125313	0.591099	-10.882876	3.897820	5.067156	-1.570363
73	6	9	-6.918000	3.768144	9.208632	7.052620	-15.826221	6.765084	7.540905	5.434720	1.416181	5.094609	4.507484	1.212879	-15.813314	8.074367	0.591097	-10.882877	3.897821	5.067156	-1.570363
74	4	50	3.754328	-12.411414	-19.820864	-11.407476	7.087306	-8.126523	-13.381997	-3.452595	-12.499758	0.945248	-11.449746	8.753490	9.349927	-7.239573	-3.736086	-9.784488	10.094509	8.125147	5.328236
74	4	9	-10.591099	6.332387	8.046694	5.559545	-14.581989	6.834808	5.889861	6.799788	5.962793	6.488075	5.662359	-4.837769	-15.911594	3.565462	5.325246	6.649614	-15.318774	-2.436873	-9.545149
74	4	25	-10.567398	6.332381	7.146669	5.515318	-16.903157	6.834787	3.496958	6.799788	0.755528	0.945248	3.107277	8.753490	-15.945867	3.415819	-3.736086	-9.784488	10.094509	8.125147	5.328236
74	4	16	3.754328	-12.411414	-19.820861	-11.407476	9.408476	-8.126523	-13.381997	-3.452595	-7.292493	6.488075	-11.449746	-4.837771	9.349927	-7.239573	5.325246	6.649614	-15.318774	-2.436873	-9.545149
75	2	46	-8.074590	5.873415	12.699730	4.764181	-13.738217	6.389761	7.149677	7.517707	5.418054	6.766251	7.593962	-9.031213	-18.151495	5.303933	6.937977	9.114322	-13.183017	-5.186348	-12.320355
75	2	54	7.363605	-7.473273	-10.337615	-12.229477	7.725823	-8.241841	-14.934050	-0.335406	-4.348201	6.766251	-10.109120	-9.031213	9.133261	-4.554119	6.937977	9.114322	-13.183017	-5.186348	-12.320355
76	4	78	6.646075	-9.916507	-15.969251	-11.588188	7.666348	-6.271178	-13.784100	-0.615623	-7.298223	4.938302	-10.910340	-10.653449	10.266197	-5.166070	7.851622	6.095696	-14.097829	-5.179808	-9.286827
76	4	11	6.646075	-9.916507	-15.969251	-11.588188	7.042070	-6.271177	-13.784101	-0.615623	-9.602874	-1.380967	-10.910640	5.122939	10.266197	-5.145983	-1.980498	-9.239552	9.787699	4.607529	6.790007
76	4	2	-5.737849	6.244610	10.035289	5.620017	-14.179733	6.555171	6.121843	6.335489	2.731694	-1.380967	7.207244	5.122939	-19.949687	7.559727	-1.980498	-9.239553	9.787699	4.607529	6.790007
76	4	9	-5.737849	6.244636	10.050452	5.620018	-13.556103	6.555171	6.155723	6.335489	5.036349	4.938302	7.207473	-10.653449	-19.953309	7.559053	7.851622	6.095696	-14.097829	-5.179808	-9.286827
77	4	10	-9.059188	7.548176	2.532557	8.590931	-14.478288	7.498583	3.979804	3.732936	0.232803	2.556684	6.463440	4.775224	-9.445192	2.707436	-6.717808	-8.742696	9.273363	7.006999	6.670230
77	4	18	-10.166780	7.548446	7.191826	8.590943	-17.099726	7.585949	4.000236	3.732936	6.799460	8.925481	6.486094	-12.089619	-9.454682	2.707479	5.498034	6.965482	-15.241014	-4.450641	-8.517892
77	4	54	7.282392	-10.693556	-21.810276	-9.260735	7.835395	-8.776640	-19.662629	-2.293246	-4.319254	8.925481	-6.337280	-12.089619	10.898866	-5.834653	5.498034	6.965482	-15.241014	-4.450641	-8.517892
77	4	18	7.282392	-10.693556	-21.810267	-9.260731	7.831408	-8.776640	-19.662680	-2.293246	-10.885912	2.556684	-6.666033	4.775224	10.898866	-5.834752	-6.717808	-8.742696	9.273363	7.006999	6.670230
78	4	16	-8.947685	7.024122	8.542397	5.382594	-13.229945	6.969884	4.690935	7.387817	7.060070	6.546033	6.331658	-11.337733	-15.954261	4.072419	7.127111	7.127480	-12.099568	-0.235081	-8.905081
78	4	26	7.344632	-11.690719	-17.021728	-13.116095	9.916872	-8.436769	-17.015264	-4.078118	-10.398756	4.384274	-8.962200	6.157109	10.746019	-8.169447	-2.078959	-9.947520	9.854209	9.632524	5.580461
78	4	53	7.344632	-11.690711	-16.976488	-13.116155	12.335967	-8.451047	-17.015263	-4.078118	-4.661403	6.546033	-8.962200	-11.337733	10.746019	-8.169447	7.127111	7.127480	-12.099573	-0.235089	-8.905081
78	4	5	-8.947601	7.024026	8.529677	5.367554	-15.660600	6.969922	2.261836	7.387817	1.322717	4.384274	5.612537	6.157109	-15.841801	4.065915	-2.078959	-9.947520	9.854209	9.632524	5.580461
79	4	32	-11.340425	8.348241	10.094234	4.855440	-19.577681	7.449518	6.638293	6.416968	3.959405	1.678795	6.619852	6.541102	-14.624137	9.298001	-2.798643	-11.020806	13.094625	8.145093	6.101301
79	4	19	5.966329	-6.882638	-15.749220	-12.195167	9.577229	-12.036295	-11.672187	-2.083517	-2.315975	6.160231	-6.403349	-6.264497	11.401125	0.719678	5.764450	5.916709	-6.569395	1.503505	-7.084989
79	4	11	-11.340425	8.348241	10.094237	4.855440	-14.486156	7.449518	6.638294	6.416968	7.111424	6.160231	6.620224	-6.264497	-14.624137	9.298001	5.764450	5.916709	-6.569651	1.503505	-7.084989
79	4	38	5.966329	-6.882638	-15.773359	-12.151589	4.485704	-12.036249	-11.672593	-2.083517	-5.467993	1.678795	-10.707729	6.541102	11.401125	0.725340	-2.798643	-11.020806	13.094625	8.145093	6.101301
80	6	75	6.513556	-16.391367	-16.939011	-8.875547	8.910215	-3.877146	-16.466931	-1.622503	-4.325124	6.009444	-8.280740	-7.712115	9.212895	-2.589698	4.936329	8.505447	-17.470973	-0.997875	-13.218052
80	6	3	-2.768326	0.908038	7.540750	5.397900	-3.769096	6.786951	5.969181	7.574734	5.964044	6.009444	6.497626	-7.712115	-16.328336	8.278427	4.936329	8.505447	-17.470973	-0.997875	-13.218052
80	6	14	6.513556	-16.391367	-16.938485	-8.825475	5.418866	-3.875104	-16.505811	-1.622503	-8.815792	0.625721	-8.346566	3.743353	9.212895	-2.589698	-6.324142	-5.847487	5.633151	5.061174	-1.472822
80	6	4	6.513556	-16.391367	-16.938447	-8.823556	5.368325	-3.875025	-16.505811	-1.622503	-8.858086	0.560659	-8.346573	6.414673	9.212895	-2.589698	-6.412474	-8.304193	11.030951	8.256220	4.751117
80	6	2	-2.744229	0.904479	7.262299	5.989935	-13.490884	6.809725	5.969157	7.573392	1.430606	0.560659	6.073303	6.414673	-16.321123	8.278428	-6.412474	-8.304192	11.030951	8.256220	4.751117
80	6	2	-2.753388	0.905838	7.356361	5.989903	-13.440404	6.809727	5.969168	7.573906	1.472991	0.625721	6.094838	3.743353	-16.324973	8.278428	-6.324142	-5.847489	5.633151	5.061174	-1.472821
81	6	30	-8.510879	6.817411	10.502607	6.571073	-15.004800	7.986571	7.981454	8.289479	3.468033	5.912627	6.780422	-3.713867	-17.793853	7.293641	5.340624	5.861342	-21.460308	-3.550843	-8.661436
81	6	19	9.313665	-6.968782	-18.298463	-10.500200	5.758577	-8.626193	-12.507595	-2.447602	-13.407753	-0.719165	-9.564733	6.780690	10.350657	-3.446441	-6.362598	-11.412767	9.685482	6.668420	7.428710
81	6	17	9.313665	-6.968782	-18.298409	-10.500200	5.758577	-8.626193	-12.507595	-2.447602	-13.406453	-0.718640	-9.564733	5.007172	10.350657	-3.446441	-0.105626	-5.313948	-5.175891	1.435903	0.152043
81	6	12	9.313665	-6.968717	-17.051629	-10.501144	9.452551	-8.679935	-12.507582	-2.447593	-8.311055	5.912627	-9.564709	-3.713867	10.350657	-3.446441	5.340624	5.861342	-21.460308	-3.550843	-8.661436
81	6	13	-8.509738	6.813922	9.827484	6.373574	-18.566241	7.986431	3.954585	8.289372	-1.628670	-0.719165	1.847533	6.780690	-16.880734	6.719525	-6.362598	-11.412767	9.685482	6.668420	7.428710
81	6	9	-8.509739	6.813925	9.827982	6.373703	-18.566348	7.986431	3.955541	8.289372	-1.627370	-0.718640	1.848258	5.007172	-19.894533	6.719995	-0.105626	-5.313948	-5.175891	1.435903	0.152043
82	4	46	6.764223	-12.976509	-13.045466	-7.974603	10.286304	-12.962390	-13.014544	-5.177833	-3.616898	5.082421	-4.219476	-10.872292	10.307776	-6.133902	6.618649	6.063913	-12.233153	-7.158804	-4.559241
82	4	18	-7.770042	3.077610	11.940217	6.385462	-14.664484	5.146410	7.347589	7.091077	8.251981	5.082421	7.112585	-10.872292	-11.218451	5.672691	6.618649	6.063913	-12.233153	-7.158804	-4.559241
82	4	21	6.764223	-12.976509	-13.046264	-7.973425	4.013689	-12.959082	-13.014552	-5.177833	-7.807501	0.194983	-4.219476	6.450257	10.307776	-6.133902	-5.952073	-8.168677	9.658851	5.358638	7.941308
82	4	15	-7.770042	3.077610	11.940149	6.385462	-20.921664	5.146410	7.347589	7.091077	4.061377	0.194983	7.112546	6.450257	-11.218451	5.672691	-5.952073	-8.168677	9.658851	5.358638	7.941308
83	4	28	-10.451663	5.791306	5.907187	7.475461	-12.633653	4.659409	6.915147	6.009951	6.693891	6.215557	8.090447	-6.777200	-17.775302	6.679499	7.731002	6.852506	-24.853827	-2.809275	-13.720448
83	4	67	4.015770	-9.982516	-23.781574	-9.916245	12.365187	-8.257473	-16.563376	-4.077249	-4.593314	6.215557	-5.536410	-6.777200	10.262637	0.916101	7.731002	6.852506	-24.853827	-2.809276	-13.720448
83	4	2	4.015770	-9.982516	-23.781575	-9.916245	9.298388	-8.257473	-16.573671	-4.077249	-11.209250	0.370915	-7.508643	7.858845	10.262637	0.916101	-1.487168	-7.399765	5.681634	7.798327	5.121330
83	4	3	-3.635173	5.214167	0.396825	7.458296	-12.659338	2.481613	3.209868	5.996735	0.077866	0.370915	7.367502	7.858845	-17.640005	6.679498	-1.487168	-7.399765	5.681634	7.798327	5.121330
84	5	34	-8.563843	4.997160	10.109520	7.097996	-18.267528	5.305777	8.696796	5.851599	6.751599	8.186582	4.838690	-9.219755	-5.589313	6.554118	7.203621	6.449078	-15.603200	-2.291700	-5.152657
84	5	10	-8.562835	4.997160	9.680565	7.076092	-24.633617	5.305208	7.936591	5.851599	1.990462	3.214497	4.676449	6.206167	-5.588116	6.549194	-2.528865	-5.141084	9.083967	8.208307	6.254347
84	5	36	4.782606	-11.240428	-15.905881	-9.513852	8.609684	-10.442638	-14.731221	-5.764219	-1.783910	8.186582	-11.427159	-9.219755	10.820236	-4.065779	7.203621	6.449078	-15.603200	-2.291700	-5.152657
84	5	14	4.782048	-11.240396	-16.783431	-7.158617	2.237350	-10.420654	-15.055752	-5.764218	-5.950431	3.214497	-11.433687	6.206167	10.820276	-3.773869	-2.528865	-5.141084	9.083967	8.208307	6.254347
84	5	6	4.730626	-11.237269	-10.248947	-3.901751	-3.036903	-5.582837	-13.625469	-5.764168	-0.958534	3.214497	-11.373937	6.206167	10.820004	0.916008	-2.528865	-5.141084	9.083967	8.208307	6.254347
85	5	15	-7.154480	4.451697	7.499663	8.802489	-21.658259	8.465175	2.876939	6.995598	0.672561	0.331838	7.156315	8.347288	-15.445598	4.995473	-2.117469	-9.281114	10.572142	6.816753	5.493669
85	5	35	6.077894	-13.503498	-13.988755	-7.796289	4.186889	-8.390772	-12.515855	-5.001833	-5.189815	0.331838	-7.937532	8.347288	12.520817	-3.769753	-2.117469	-9.281114	10.572142	6.816753	5.493669
85	5	32	6.077020	-13.503496	-8.468354	-7.796312	10.477662	-8.390834	-12.010803	-5.001833	0.528836	6.915956	-4.776139	-7.050910	12.520817	-4.595535	4.704878	5.481506	-13.769696	-3.308266	-7.796387
85	5	16	-7.158756	4.451819	7.507274	8.822676	-15.428978	8.465175	6.812380	6.995598	6.391213	6.915956	8.622259	-7.050910	-15.999459	4.995425	4.704878	5.481506	-13.769696	-3.308266	-7.796387
85	5	2	-3.202578	4.214513	2.086541	3.880102	-15.636757	6.120807	-1.854877	6.995518	0.672214	0.331838	3.605934	8.347288	-3.977265	4.995378	-2.117469	-9.281114	10.572142	6.816753	5.493669
86	5	33	6.426677	-7.746969	-8.574076	-3.297050	10.827037	-10.985631	0.839863	-4.173428	-2.397331	6.385167	-4.091824	-6.058926	8.323335	-2.661267	7.291241	5.202274	-16.039807	-7.845362	-6.891391
86	5	52	-9.521552	7.804364	9.530499	8.801856	-14.646659	6.476096	7.142125	4.776577	8.117457	6.385167	6.475061	-6.058926	-20.961458	5.831223	7.291241	5.202274	-16.039807	-7.845362	-6.891391
86	5	8	-9.521552	7.804364	9.388529	8.801855	-15.695651	6.475622	7.030925	4.776577	2.762771	4.090669	6.474978	4.765156	-20.961458	5.831223	-4.512525	-12.397876	6.653252	4.097604	4.541712
86	5	4	6.426677	-7.746966	-15.137303	-4.790180	10.827698	-11.036900	-5.113533	-4.173427	-2.397331	6.385167	-10.322410	-6.058926	8.923125	-2.671494	7.291241	5.202274	-16.039807	-7.845362	-6.891391
86	5	3	6.426677	-7.746968	-15.197089	-4.789922	9.744025	-11.036923	-8.931479	-4.173428	-7.752016	4.090669	-10.322946	4.765156	8.923125	-2.671494	-4.512525	-12.397876	6.653252	4.097604	4.541712
87	6	49	5.132268	-10.155022	-12.651302	-7.404731	11.392895	-10.375140	-18.163115	-3.409549	-6.545855	5.415880	-6.992266	-8.768833	9.763440	-2.161882	8.503405	6.876640	-8.883733	-5.929093	-14.374103
87	6	38	-11.585820	6.526712	11.341256	7.434371	-16.545596	4.416460	3.968049	7.973209	5.954370	5.415880	7.438000	-8.768833	-17.493907	6.819702	8.503405	6.876640	-8.883733	-5.929093	-14.374103
87	6	2	-10.090064	6.525797	7.635564	4.067413	-21.986230	4.416460	-1.413577	7.973209	1.431712	0.972573	3.539726	3.897732	-13.322309	6.607032	-2.695200	-5.210644	3.953883	1.718377	-4.499226
87	6	9	5.132259	-10.155022	-11.983176	-7.402629	5.951724	-10.374937	-18.163670	-3.409549	-11.053533	0.972573	-6.992267	3.897732	9.763440	-2.161882	-2.695200	-5.210644	3.953883	1.718377	-4.499226
87	6	1	-11.565949	6.526652	9.543494	7.341733	-21.986761	4.416460	2.627024	7.973209	1.431712	0.972573	5.915624	3.897732	-17.464226	6.789092	-2.695200	-5.210644	3.953883	1.718377	-4.499226
87	6	1	5.132259	-10.155022	-11.984527	-7.402637	5.951677	-10.374938	-18.163670	-3.409549	-11.503349	0.972475	-6.992267	6.414834	9.763440	-2.161882	-2.866035	-7.012437	9.941055	5.449824	3.432411
88	4	25	-9.335550	9.019357	6.171054	3.739835	-13.934925	4.867845	6.681715	8.753646	0.473185	1.222235	6.948337	7.560611	-17.846477	6.422211	-4.916022	-7.149841	8.640368	6.530048	4.959847
88	4	32	2.957366	-4.686731	-18.016570	-14.417343	8.125606	-11.062121	-14.149983	0.214199	-5.565859	6.839664	-7.671068	-4.762387	9.977991	-2.050825	4.150041	4.900274	-11.889764	-5.179822	-13.413417
88	4	23	-10.435261	9.019650	8.747218	3.739840	-10.404163	4.916657	6.682421	8.753646	6.979393	6.839664	7.190518	-4.762387	-17.846531	6.422279	4.150041	4.900274	-11.889764	-5.179822	-13.413417
88	4	20	2.957366	-4.686731	-18.013513	-14.412246	4.594809	-11.062121	-14.163603	0.214199	-11.937459	1.222235	-10.505339	7.560611	9.977991	-2.050992	-4.916022	-7.149841	8.640368	6.530048	4.959847
89	4	34	9.463669	-6.807785	-14.301163	-11.040831	9.591824	-6.338194	-13.523238	-3.142790	-3.266195	5.634856	-7.855828	-6.583732	10.187509	-6.157461	6.106233	7.164732	-14.439683	-2.957014	-12.733630
89	4	10	9.463542	-6.807785	-14.294189	-9.748229	4.611510	-6.333886	-13.860118	-3.142790	-8.753809	-0.760933	-11.011283	8.462653	10.187509	-6.157461	-5.183377	-7.808558	5.316563	5.658758	3.593035
89	4	54	-2.966239	6.274529	10.831478	6.603358	-18.972803	7.725462	7.608452	8.631800	4.777026	5.634856	6.963896	-6.583732	-12.882903	3.475870	6.106233	7.164732	-14.439683	-2.957014	-12.733630
89	4	2	-2.695534	6.268326	6.186975	6.603364	-23.952928	7.725435	7.086311	8.630281	-0.791500	-0.760933	6.643574	8.462653	-12.831654	3.475855	-5.183377	-7.808558	5.316563	5.658758	3.593035
90	4	62	7.327221	-11.433811	-16.874983	-13.207763	5.968317	-6.864330	-17.720578	-5.238909	-1.210279	3.632267	-3.795163	-10.356179	9.942594	-6.525647	5.696825	9.373184	-4.250160	-4.201379	-14.406667
90	4	28	-8.125405	7.336465	11.260061	5.601152	-18.590834	5.987919	5.042979	5.029094	6.958081	3.632267	7.669356	-10.356179	-13.236457	4.777455	5.696825	9.373184	-4.250160	-4.201379	-14.406667
90	4	5	-8.125405	7.336465	11.260061	5.601152	-19.619600	5.987919	5.042979	5.029094	6.951590	3.258510	7.669356	-1.639198	-13.236457	4.777455	0.680788	0.280367	9.358388	8.494306	1.960089
90	4	5	7.327221	-11.433811	-16.796182	-13.179705	4.917959	-6.864330	-17.725253	-5.238909	-1.216742	3.258510	-3.795230	-1.639198	9.942594	-6.525684	0.680788	0.280367	9.358388	8.494306	1.960089
91	2	86	6.303241	-10.320302	-18.245853	-11.396635	5.644031	-8.373729	-14.277151	-2.866094	-10.807577	2.862089	-5.798030	6.757787	9.927589	-1.412901	-8.983089	-4.666986	10.216756	5.911331	5.821849
91	2	14	-5.732036	3.397672	8.012724	5.851123	-17.854306	6.611395	4.962062	6.641194	0.576283	2.862089	5.028902	6.757787	-11.107992	7.429686	-8.983089	-4.666986	10.216756	5.911331	5.821849
92	4	61	6.979189	-14.225377	-16.498248	-8.353317	6.133903	-7.301707	-11.903550	-8.126205	-11.532623	-1.621485	-12.666613	5.869285	9.048593	-0.689529	-3.609433	-12.916726	12.050361	8.268237	6.537079
92	4	32	-4.158224	-0.024655	1.967196	4.739729	-7.188543	5.627070	3.284129	3.169025	-0.166946	-1.621485	-6.498912	5.869285	-4.187345	4.297197	-3.609433	-12.916726	12.050361	8.268237	6.537079
92	4	5	6.979189	-14.225377	-16.498249	-8.353317	8.641542	-7.301707	-11.903550	-8.126205	-5.338389	3.800696	-12.666613	-11.272439	9.048593	-0.689529	7.145015	5.156575	-3.699741	-1.950439	-10.452156
92	4	2	-6.573374	4.201187	7.691210	7.583767	-13.696166	6.124864	7.346630	4.124439	6.027293	3.800696	5.913985	-11.272439	-11.817950	6.766047	7.145015	5.156575	-3.699741	-1.950439	-10.452156
93	4	34	-1.416116	7.525137	10.661820	8.193957	-17.533544	6.698148	5.222832	6.663174	9.572838	8.886982	6.878987	-11.757563	-15.675893	4.145626	6.442201	7.793113	-14.336594	1.601116	-8.312246
93	4	53	9.701235	-7.337960	-18.293417	-4.273862	9.717597	-8.598599	-17.693591	-4.505020	-3.101729	8.886982	-9.536112	-11.757563	6.855683	-8.506486	6.442201	7.793113	-14.336594	1.601116	-8.312246
93	4	3	-1.416116	7.525137	10.607544	8.193957	-17.675982	6.698148	5.220754	6.663174	3.207424	4.082310	6.837969	5.899898	-15.675893	4.145626	0.807641	-7.892369	7.451688	8.905909	4.339451
93	4	10	9.701235	-7.337960	-18.296755	-4.273862	9.575158	-8.598598	-17.693591	-4.505020	-9.467141	4.082310	-9.728334	5.899898	6.855683	-8.506486	0.807641	-7.892369	7.451688	8.905909	4.339451
94	3	41	8.005933	-8.737512	-20.528360	-9.195123	5.433092	-9.842719	-14.385396	-0.615610	-6.096452	7.082158	-13.314044	-8.172519	5.625831	-4.729700	4.895648	7.217358	-17.423247	-6.308289	-12.022114
94	3	43	-8.253940	5.779562	6.722406	8.878798	-18.133239	4.307572	6.630026	8.822704	4.848364	7.082158	4.798560	-8.172519	-19.229409	5.191613	4.895648	7.217358	-17.423247	-6.308289	-12.022114
94	3	16	8.005931	-8.737511	-20.528178	-9.188502	3.764135	-9.832925	-14.385396	-0.615614	-12.556416	0.975179	-13.314044	6.936563	5.625829	-3.543748	-6.360025	-9.547456	9.527701	5.325474	6.433091
95	6	24	5.526192	-10.133296	-15.680311	-12.711424	5.258609	-7.442955	-11.929175	-3.984672	-9.878242	1.309114	-4.079200	7.184934	10.774094	-4.835941	-4.230660	-8.824545	8.673438	9.427558	5.387967
95	6	10	-11.800966	5.804267	11.199265	4.539793	-19.485580	8.587169	6.662350	6.977181	2.036279	1.309114	8.685570	7.184934	-19.514891	4.151835	-4.230660	-8.824545	8.673438	9.427558	5.387967
95	6	41	5.526192	-10.133296	-15.680307	-12.711424	10.622357	-7.443195	-11.929175	-3.984672	-6.367014	7.698155	-4.079198	-2.822236	10.774094	-4.836521	7.464002	5.462672	-17.552043	-0.230833	-10.038768
95	6	12	5.526192	-10.133296	-15.680311	-12.711424	5.258611	-7.442955	-11.929175	-3.984672	-9.142029	1.309676	-4.079200	5.605082	10.774094	-4.835941	1.795554	0.737869	-5.595232	2.626556	-2.370442
95	6	12	-11.800967	5.804267	11.359990	4.539793	-14.123955	8.587169	6.720551	6.977181	5.547506	7.698155	8.688471	-2.822236	-19.515029	4.151853	7.464002	5.462672	-17.552028	-0.230819	-10.038767
95	6	1	-11.800967	5.804267	11.323554	4.539793	-19.485578	8.587169	6.715918	6.977181	2.772491	1.309676	8.688102	5.605082	-19.497915	4.151851	1.795554	0.737869	-5.595237	2.626554	-2.370445
96	6	32	7.967068	-11.707742	-7.435006	-7.385645	11.062202	-3.593026	-1.696962	-6.555684	3.072690	7.166339	-5.487200	-10.035717	9.421794	-4.509538	9.156367	6.478142	-15.292660	1.478435	-7.038101
96	6	19	7.967068	-11.707742	-17.061463	-7.599272	7.746206	-3.593026	-9.533846	-6.555684	-0.194191	4.079767	-9.508017	6.636165	9.424720	-4.509538	-2.378527	-8.762163	8.323822	8.937433	8.034341
96	6	16	-6.337446	6.406674	9.983771	5.483406	-13.173176	7.941350	8.998831	5.779322	4.900705	4.079767	4.508798	6.636165	-15.931184	4.783170	-2.378527	-8.762163	8.323822	8.937433	8.034341
96	6	5	-6.337446	6.406674	9.983772	5.483517	-9.855336	7.941350	8.998831	5.779322	7.809649	7.064101	4.509894	1.139991	-15.931185	4.783179	8.644471	1.157959	-3.622316	5.509293	2.407382
96	6	22	-6.337446	6.406674	9.983772	5.483517	-9.855315	7.941350	8.998831	5.779322	8.167587	7.166339	4.509895	-10.035717	-15.931185	4.783179	9.156367	6.478142	-15.292660	1.478435	-7.038101
96	6	6	7.967068	-11.707742	-7.439519	-7.385695	11.062182	-3.593026	-1.697028	-6.555684	2.714751	7.064101	-5.538625	1.139991	9.421795	-4.509538	8.644471	1.157959	-3.622316	5.509293	2.407382
97	4	34	-8.162370	6.921518	10.766463	7.215541	-15.367197	6.484233	9.469752	6.147184	5.576096	5.884740	8.025259	8.170160	-15.923872	7.801482	-1.068569	-11.359693	8.076887	2.683755	6.075675
97	4	48	8.115778	-10.467907	-16.551991	-7.007970	11.290805	-9.489459	-14.310225	-3.693927	-6.687985	5.884740	-9.375891	8.170160	9.882568	-4.775326	-1.068569	-11.359693	8.076887	2.683755	6.075675
97	4	11	-8.164152	6.921518	10.786097	7.215541	-15.353179	6.484233	9.469752	6.147184	6.189638	8.329184	8.025259	-3.950191	-15.923882	7.801482	5.696671	7.661368	-17.002012	-6.930071	-8.958191
97	4	7	8.115777	-10.467907	-16.531564	-7.007970	11.304822	-9.489459	-14.310185	-3.693927	-6.074443	8.329184	-9.375867	-3.950191	9.882568	-4.775326	5.696671	7.661368	-17.002012	-6.930071	-8.950373
98	4	66	7.136348	-7.837643	-13.494491	-10.227257	8.105425	-11.596849	-17.688833	-4.237208	-9.787132	1.426371	-7.975798	6.359937	10.053218	-3.230000	-5.701442	-12.135896	8.819204	7.197908	7.141637
98	4	11	7.136348	-7.837478	-13.494482	-10.227258	8.223680	-11.596973	-17.420440	-4.237208	-3.439354	7.937445	-7.975670	-8.063472	10.053218	-3.230000	4.594596	4.532420	-12.727778	-4.078311	-4.385124
98	4	18	-9.807491	8.648602	9.282921	7.084338	-20.061620	3.757117	5.496069	6.365237	0.746284	1.426371	5.499837	6.359937	-16.514065	7.972158	-5.701442	-12.135896	8.819204	7.197908	7.141637
98	4	5	-9.807491	8.648644	10.452068	7.098163	-20.242588	3.757146	6.617120	6.365237	7.094062	7.937445	8.516321	-8.063472	-16.721227	7.981335	4.594596	4.532420	-12.727778	-4.078311	-4.385124
99	5	11	8.076626	-8.160932	-10.309586	-13.016039	8.074931	-6.183858	-16.357384	-1.239810	-8.105104	2.245202	-4.080603	5.094730	6.529749	-5.792206	-1.283616	-1.139089	-3.229558	9.348228	5.117709
99	5	28	-5.522065	7.278413	12.111539	5.107257	-14.926673	7.090464	6.538953	5.814335	7.550968	5.628450	8.231782	-8.570825	-17.656375	5.770526	2.732268	2.503892	-17.207042	1.865534	-8.035361
99	5	56	8.076626	-8.160932	-10.273648	-13.016040	9.791010	-6.183858	-15.509761	-1.239810	-4.298495	5.628450	-4.080537	-8.570825	6.529749	-5.792210	2.732268	2.503892	-17.207042	1.865534	-8.035362
99	5	1	-5.522065	7.278413	12.104517	5.107256	-16.673929	7.090464	6.536693	5.814335	3.743647	1.999310	8.231724	5.430186	-17.656328	5.770526	-5.783531	-3.114179	2.815126	9.505062	5.117724
99	5	4	-5.522065	7.278413	12.104524	5.107256	-16.642748	7.090464	6.536695	5.814335	3.744360	2.245202	8.231725	5.094730	-17.656328	5.770526	-1.283616	-1.139089	-3.229558	9.348228	5.117709
100	3	42	7.623306	-6.857247	-15.623508	-12.899132	9.285573	-10.592768	-14.552869	-3.758594	-3.840202	6.616903	-7.779029	-6.841660	9.411693	-7.328211	5.660335	5.641195	-12.568122	-3.314755	-7.939266
100	3	52	7.623310	-6.852233	-18.591290	-10.797510	4.439253	-10.592793	-14.552870	-3.758594	-8.545622	0.966273	-8.053420	6.843878	9.411594	-7.318959	-4.606840	-8.997455	10.588090	7.330723	6.328107
100	3	6	-7.104717	8.221963	8.513844	3.530804	-16.058970	5.347121	5.664725	7.696911	6.237856	6.616903	5.977947	-6.841660	-12.131867	5.317297	5.660335	5.641195	-12.568122	-3.314755	-7.939266
