1	5	44	4.950060	1.061954	-7.676873	-2.867347	-2.766558	-2.307411	0.412691	-1.071754	6.815474	-2.467963	2.121176	6.580706	11.162672	6.859542	-8.340923	-12.615021	-6.455663	-10.530686	-16.333236	-25.102322	-1.071593	0.866814	9.118249	-11.496125
1	5	4	-7.969165	6.275650	-7.676873	2.622962	4.138174	-16.198308	-2.899504	-9.128543	6.815474	-2.467963	2.121176	6.826921	11.162672	6.859542	-8.340924	-12.615021	-6.455663	-10.585178	-16.333374	-25.154855	-1.071593	0.866814	9.118249	-11.496125
1	5	27	7.374406	1.061948	-7.676873	-9.278234	-9.432170	9.983033	4.937863	7.754007	6.815474	-2.467963	2.121176	2.120673	11.149431	6.859381	-8.340904	-12.614834	-4.498781	-8.335423	-14.846888	-18.664515	-1.071593	0.866814	9.118249	-11.496125
1	5	12	0.574241	-0.406529	7.064485	-4.887566	-6.315473	-1.790984	0.560444	-0.866397	6.815474	3.460208	6.142479	-4.790567	-10.813712	-7.121683	0.740461	6.646838	8.561184	9.102400	9.721209	5.641976	6.455113	6.684218	3.126613	6.728644
1	5	13	2.966645	-4.007433	7.064485	-13.903673	-15.071843	10.234721	4.939526	7.754178	6.815474	3.460208	6.142479	-9.216510	-10.813713	-7.122206	0.740460	6.646839	8.561184	9.128575	9.721211	5.642115	6.455113	6.684218	3.126614	6.728644
2	5	80	-9.018916	7.962578	-16.416934	6.436202	6.464620	-19.840944	-1.771691	-7.221297	6.599016	-1.572094	0.376916	7.711923	10.219767	7.547925	-4.396427	-11.900815	-10.838900	-14.262799	-16.733886	-29.341574	-2.075308	-5.131494	5.782474	-3.852823
2	5	7	-9.616076	2.943103	7.080481	0.224702	4.188803	-16.449332	-1.723254	-7.221297	6.599016	4.736243	6.293922	-2.432992	-14.590544	-11.671409	6.583747	7.245742	3.855407	6.650476	10.220395	4.750772	4.925730	7.923970	-0.543591	7.309256
2	5	1	1.379351	-3.388131	7.080481	-4.779992	-4.106269	-5.447913	2.971990	-0.907860	6.599016	4.736243	6.293922	-2.567012	-14.609618	-11.776797	6.583747	7.245958	3.855539	6.650548	10.220989	4.750801	4.925731	7.923970	-0.543591	7.309256
2	5	5	5.945975	-3.645574	7.080481	-8.673399	-9.205675	11.188281	5.464147	6.594066	6.599016	4.736243	6.293922	-6.290143	-14.670922	-13.900082	6.583747	7.246324	3.855951	6.650920	10.223883	4.750860	4.925732	7.923970	-0.543591	7.309256
2	5	7	7.903206	1.373900	-16.416934	-2.461889	-7.491700	10.870821	5.464062	6.594066	6.599016	-1.572094	0.376916	3.854772	10.219254	7.343938	-4.396427	-11.900568	-10.821417	-14.247283	-21.142709	-29.339336	-2.075308	-5.131493	5.782474	-3.852823
3	5	44	-9.743126	6.671815	-10.063529	6.994076	9.255723	-17.984327	-4.963376	-9.255828	7.015412	-2.619059	0.713802	6.660762	9.848691	5.024134	-0.988505	-9.190432	-9.427687	-16.859230	-19.740811	-24.546242	-3.741004	-1.781780	4.734859	-9.253149
3	5	39	-14.148545	1.849340	6.259783	2.885568	7.447722	-11.579791	-4.963376	-9.255828	7.015412	3.587547	6.245309	1.034728	-19.397816	-14.818700	6.325926	4.268137	6.580750	6.289868	8.053524	6.927408	6.649343	5.670336	3.094267	4.508713
3	5	10	2.242835	-3.722835	6.259783	-9.528232	-10.995961	10.119377	7.092795	7.506785	7.015412	3.587547	6.245309	-4.764464	-22.823621	-17.844155	6.325926	6.150350	7.001101	7.211508	10.197343	9.558932	6.652445	5.670336	3.094267	4.508715
3	5	6	6.648265	1.096495	-10.063529	-5.490725	-9.318877	10.105172	7.092795	7.506785	7.015412	-2.619059	0.713802	0.861569	5.305537	0.732186	-0.988505	-1.446991	-2.588346	-11.859710	-15.513489	-20.419661	-3.739095	-1.781780	4.734859	-9.253149
3	5	1	6.647280	1.086508	-6.197376	-5.499049	-9.319345	10.105463	7.092795	7.506785	7.015412	-2.617522	0.713802	0.861569	-7.865689	-5.525838	-0.988504	4.598042	6.694974	-2.414808	2.835217	1.295027	6.504087	5.665112	3.097755	-1.898256
4	2	61	5.420684	0.631091	-11.692260	-2.459621	-10.553101	2.964462	-3.780059	-2.206945	5.559727	1.402930	1.658243	6.518223	9.643247	6.194974	-2.300542	-6.567300	-11.726255	-16.942544	-18.258275	-16.816751	-4.111087	-7.961657	5.914218	-1.284481
4	2	39	3.923591	-5.372248	5.695937	-9.009474	-14.293769	2.971927	-3.779269	-2.206945	5.559727	6.549626	6.136082	-3.230272	-20.822906	-12.224697	6.771366	6.619483	6.409934	11.515764	10.062090	11.711334	5.784490	4.617405	2.818849	7.437639
5	4	72	-12.363627	6.873295	-12.563269	4.136430	6.240993	-17.961451	-4.079986	-7.484326	3.735772	-0.958141	-3.846246	3.902038	7.850367	4.836383	-7.465140	-8.791794	-8.522849	-21.665753	-15.636810	-18.676239	-6.929499	-7.714874	8.441137	-13.467385
5	4	23	6.260730	0.238944	-11.687436	-8.332483	-8.763091	9.137877	5.513105	5.413537	3.735772	-0.958141	-3.842924	-1.236400	-8.228436	-4.122806	-7.465140	6.491064	9.133934	-3.068965	5.133941	6.306539	6.108192	5.468380	4.509589	-2.030748
5	4	3	6.260730	0.238961	-12.563269	-8.331504	-8.763091	9.137875	5.513105	5.413537	3.735772	-0.958141	-3.846246	-1.236400	5.978149	0.698875	-7.465140	-0.924551	-1.412232	-14.300537	-10.964596	-6.710258	-6.929499	-7.654223	8.441137	-13.467385
5	4	2	6.260730	0.238961	-12.531800	-8.331530	-8.763091	9.137875	5.513105	5.413537	3.735772	-0.958141	-3.846158	-1.236400	-0.058233	0.516471	-7.465140	0.350477	4.116593	-7.693377	-4.564214	3.180550	-0.480008	1.094072	8.244281	-13.467035
6	4	61	-5.767718	1.686271	5.662324	-1.795127	-5.460638	-5.938865	0.770273	-6.186967	7.437904	4.627727	8.895844	-6.806769	-29.598048	-8.941538	7.556334	7.778167	7.044873	8.528427	11.588207	10.079978	4.604098	7.295289	0.702236	5.898433
6	4	9	0.578272	5.432577	-15.806882	-1.705736	-5.468229	-9.911053	0.770275	-6.186967	7.437904	-0.048129	2.949237	6.027941	8.843303	7.616231	-4.049796	-9.137168	-8.269752	-12.305470	-18.703966	-24.605752	-7.995989	-3.905141	5.611316	-2.734521
6	4	20	-11.365140	8.295965	-15.806882	4.295417	7.308374	-16.284012	-5.250822	-12.561463	7.437904	-0.048129	2.949238	6.027941	8.843303	7.616231	-4.049796	-9.137168	-8.269752	-12.305470	-18.703966	-24.605751	-7.995989	-3.905141	5.611316	-2.734521
6	4	10	-0.281525	-0.565198	5.662324	-6.374878	-15.703424	11.894171	5.529272	5.025920	7.437904	4.627727	8.895844	-12.791311	-29.598063	-8.941541	7.556334	7.778167	7.048707	8.528427	11.588211	10.087437	4.604102	7.295289	0.702236	5.898437
7	5	18	3.081425	-5.890699	7.033850	-9.760178	-13.736731	11.287225	5.905050	6.519218	6.494203	6.302364	5.659865	-12.705576	-19.667374	-12.420989	5.069258	6.173884	5.976108	10.885862	9.459837	8.581595	8.155046	6.591853	2.142247	8.476896
7	5	34	-12.655350	0.040016	7.033850	3.198431	1.519623	-12.218013	-3.239393	-7.864114	6.494203	6.302364	5.659865	-9.379669	-19.667369	-12.420989	5.069258	6.173884	5.976108	10.885857	9.459837	8.581595	8.155046	6.591853	2.142247	8.476896
7	5	43	-8.966915	6.328138	-10.273411	7.063104	5.966565	-15.785923	-4.984209	-11.142478	6.494203	0.212862	0.551603	1.182458	7.290949	2.793775	-5.290061	-4.396440	-10.653759	-8.345387	-13.875617	-18.397008	-2.536395	-4.569046	5.645066	-3.936080
7	5	2	6.478374	0.050353	-2.561848	-5.527122	-11.394437	9.457696	5.905045	6.518750	6.494203	0.218225	0.551723	-2.760678	-9.385006	-5.065692	-5.209493	6.173719	5.889883	5.712538	9.455980	8.575256	8.155046	6.591853	2.142247	2.230407
7	5	3	6.829213	0.050232	-10.273419	-5.505312	-11.517876	9.458102	5.905046	6.518798	6.494203	0.212862	0.551603	-2.143449	4.345691	0.753810	-5.290061	-3.831013	-1.810513	-4.134124	-11.333923	-14.618962	-2.536389	-4.569031	5.645066	-3.936080
8	4	49	-9.507446	-0.182630	8.562943	0.452883	3.862714	-13.238748	-5.268759	-9.570339	7.833429	8.170018	6.851127	-2.549098	-19.473326	-20.895133	6.312651	6.112519	5.925360	9.633396	11.571253	8.443279	5.808786	4.404905	0.288297	7.007258
8	4	31	-8.523529	5.920736	-8.632430	5.454694	8.564758	-20.186054	-5.337282	-9.568386	7.833429	3.189176	0.802937	7.164098	11.834794	4.608999	-2.482442	-1.746445	-8.406755	-6.763281	-20.652358	-21.662795	-6.677757	-6.387322	4.046197	-1.312161
8	4	15	1.935289	-2.747823	8.562945	-8.314504	-14.730651	9.065945	5.298738	7.540484	7.833429	8.170018	6.851127	-9.166615	-19.783684	-20.911478	6.312651	6.128549	6.002341	9.633398	11.572801	8.448084	5.808787	4.404905	0.288296	7.007258
8	4	5	6.754249	2.083133	-8.632550	-3.312656	-4.765606	8.984377	5.298698	7.534265	7.833429	3.189176	0.802937	0.546581	10.811593	4.384543	-2.482442	-1.532077	-4.241516	-4.566661	-11.638730	-17.454579	-6.632512	-6.319317	4.046197	-1.312159
9	4	74	-10.366983	6.500883	-14.822063	7.688292	5.948292	-16.829242	-5.782824	-11.619811	7.126646	-0.353561	0.925237	8.522202	9.589984	5.820900	-4.773988	-7.987031	-7.407001	-15.777091	-18.257695	-23.407519	-1.082548	0.923222	7.326023	-5.731402
9	4	17	-11.892729	0.502961	4.877649	3.047261	2.000226	-14.204163	-5.782759	-11.220451	7.126646	6.003916	4.280057	1.767520	-20.127534	-11.867177	6.819696	3.326041	3.367964	1.366417	9.117334	2.157798	7.203037	8.209500	3.233622	6.613767
9	4	6	8.191826	0.430269	-14.822063	-5.265118	-12.059457	8.812885	5.770830	5.055054	7.126646	-0.353561	0.925237	4.859011	9.589984	5.820790	-4.773988	-7.781539	-7.405861	-15.779840	-18.228437	-23.328271	-1.082548	0.923222	7.326023	-5.731402
9	4	3	5.078063	-5.567415	4.877649	-9.906149	-16.007498	8.888369	5.770831	5.055054	7.126646	6.003916	4.280057	-1.895613	-24.213079	-15.297957	6.819696	6.027191	6.827562	1.610476	10.358199	6.594958	7.395275	8.218791	3.233608	6.613854
10	4	41	-10.270524	6.980813	-5.408293	8.746157	4.467368	-11.079515	-4.412408	-10.913737	7.055570	0.005454	-2.425705	8.577755	10.067574	8.164851	2.500525	-9.485010	-8.198555	-17.210874	-17.912451	-25.790575	-5.666398	-5.450346	4.525500	-4.725901
10	4	3	5.343281	1.832363	-5.408293	-2.052171	-8.629644	9.021790	6.170539	6.642426	7.055570	0.005454	-2.425705	3.535826	10.059421	8.058281	2.500525	-9.484766	-4.727684	-15.070622	-14.637622	-25.760824	-5.666398	-5.450345	4.525500	-4.725901
10	4	43	-11.318974	0.715080	8.041304	7.067311	-1.744459	-1.253230	1.153663	-5.056083	7.055570	4.290856	4.183931	1.912565	-19.119933	-6.262486	7.698106	2.842583	5.703181	2.528876	10.640958	5.257457	4.946645	6.857890	-2.015711	5.713501
10	4	13	1.314415	-2.100150	8.041304	-3.392143	-14.912642	9.034184	6.170539	6.642426	7.055570	4.290856	4.183931	-3.073470	-24.173332	-11.933006	7.698106	5.458195	6.780090	3.502787	11.932759	10.231406	4.946647	6.857891	-2.015711	5.713501
11	3	55	-9.913360	7.146346	-11.656047	7.547913	7.158796	-19.293463	-4.017579	-12.425389	6.864975	1.581452	3.590124	8.147014	9.815820	2.609876	0.002424	-9.942656	-0.629584	-12.000042	-19.057224	-22.013596	-5.889173	-6.775501	6.192222	-7.555951
11	3	42	-10.454939	4.242799	7.393326	1.257056	1.471148	-18.355987	-4.014949	-12.089589	6.864975	7.048546	7.873988	-3.222955	-18.511234	-17.260792	6.241456	5.837233	5.710522	10.978602	8.403744	9.045555	6.156464	5.772474	4.457605	5.504175
11	3	3	0.100700	3.423872	7.393326	-3.941597	-7.267209	6.531122	6.858623	4.771796	6.864975	7.048546	7.873988	-8.391604	-19.745602	-17.260833	6.241456	5.884941	5.723508	10.978643	8.403748	9.049034	6.156464	5.772474	4.457605	5.504175
12	5	17	6.978136	3.876878	-6.072592	0.340983	-7.681434	4.023411	6.946488	7.059727	5.463192	-1.416913	3.968492	-3.645930	-11.819975	-4.535807	-5.865698	8.086402	9.422903	-0.498863	7.505316	6.959337	6.192601	7.528471	2.357548	5.017214
12	5	2	-1.821748	1.466249	3.714357	-0.944037	-6.771298	-8.140856	1.303057	-2.795826	5.463192	4.797219	6.848906	-5.069004	-21.636555	-10.707661	5.086869	8.495560	9.423586	9.789015	12.113850	10.869998	6.207115	7.528473	2.357548	6.705234
12	5	49	-4.496262	7.604999	-16.213476	4.327909	6.842728	-13.341901	-5.065875	-9.236110	5.463192	-1.416992	3.965181	1.477162	5.487435	4.594872	-6.562677	-2.906342	-3.751752	-10.918722	-14.457722	-13.467555	-3.976527	-2.156370	7.028471	-5.896212
12	5	26	3.051519	3.938769	-6.072592	2.401130	0.070555	-2.793639	6.388755	5.142271	5.463192	-1.416913	3.968492	-3.639667	-11.819967	-4.535713	-5.865698	8.086379	9.422903	-0.499041	7.505173	6.958872	6.192596	7.528471	2.357548	5.017213
12	5	6	3.317630	-2.211306	3.714357	-6.784022	-16.251708	6.623162	6.946488	7.059727	5.463192	4.797219	6.848906	-10.189674	-21.636585	-10.708035	5.086869	8.495562	9.423586	9.803912	12.125899	10.870120	6.207115	7.528473	2.357548	6.705234
13	3	81	-11.837757	6.046797	-9.460356	5.703102	5.007436	-23.190138	-5.598489	-9.299656	4.804962	-0.012877	1.080070	4.899238	10.044558	3.110446	-2.966489	-6.357242	-9.982214	-12.848293	-14.766160	-21.934679	-10.946557	-2.504347	6.806323	-11.071111
13	3	18	-10.223429	0.152138	5.013442	3.885116	-1.244483	-17.009761	-3.848512	-6.093277	4.804962	5.665735	7.186005	-0.717018	-14.648733	-15.997664	6.010594	6.591170	0.706603	11.074476	9.535111	8.218580	2.054928	6.499978	4.203751	-0.259193
13	3	1	2.329377	-3.021786	5.013450	-4.183036	-12.730977	6.402127	3.098942	5.570758	4.804962	5.665735	7.186005	-5.770709	-18.658647	-17.633731	6.010594	6.596683	3.338622	11.088247	9.634332	9.978353	2.054928	6.499998	4.203735	-0.259187
14	4	68	-12.060826	2.292181	7.904261	0.504683	0.291410	-11.507237	-2.986952	-12.242887	7.767503	6.101240	4.948810	1.122376	-15.679145	-6.507616	3.941923	5.969986	5.636103	0.104806	4.247565	7.841431	6.666359	9.536659	1.708030	9.304603
14	4	11	-7.747531	2.292181	7.904261	-0.794332	-4.759728	-2.365962	1.607291	-4.389993	7.767503	6.101240	4.948810	1.122376	-15.679145	-6.507616	3.941923	5.969986	5.636103	0.104806	4.247565	7.841431	6.666359	9.536659	1.708030	9.304603
14	4	4	-7.743485	2.292181	7.904261	-5.741767	-7.974985	3.284637	2.096675	-3.610450	7.767503	6.101240	4.948810	1.122376	-15.679145	-6.507616	3.941923	5.969986	5.636103	0.104806	4.247565	7.841431	6.666359	9.536659	1.708030	9.304603
14	4	17	-3.365979	2.292096	7.904261	-5.742333	-13.729296	7.933959	7.878518	5.184391	7.767503	6.101240	4.948810	-3.351255	-19.500369	-7.214776	3.941923	6.482465	6.457601	4.599330	8.337921	11.909715	6.666359	9.543790	1.708030	9.304603
15	3	94	-13.510549	2.776372	7.723192	0.929468	2.894553	-17.482665	-4.499526	-10.191878	6.758038	5.313536	9.728435	-7.539331	-21.115464	-13.624392	9.077590	7.013351	4.601433	11.682605	12.083690	8.951143	5.810230	6.484437	-1.153387	7.148153
15	3	5	-1.152895	1.205054	7.723192	-5.050355	-8.852488	9.561924	5.312985	6.264727	6.758038	5.313536	9.728435	-12.809441	-21.115928	-13.624715	9.077590	7.013352	4.601433	11.682606	12.083855	8.951143	5.810230	6.484437	-1.153387	7.148153
15	3	1	-12.806758	8.332830	-3.147060	6.133961	8.789531	-20.074851	-4.499596	-10.325255	6.758038	0.228552	3.091059	1.250972	8.969273	6.432368	-0.451491	-8.079774	-8.560378	-6.902425	-18.857312	-17.663862	-6.193263	-3.731000	2.441553	-4.578466
16	3	36	-6.473480	0.081441	6.155357	-4.129384	0.160212	-11.998626	-5.309540	-6.587770	5.274107	4.714488	6.546548	-4.742486	-22.342173	-11.926671	6.854889	8.457713	5.558648	10.255187	7.000850	7.538941	6.793270	6.080167	0.516204	7.021725
16	3	54	-5.365654	4.357299	-12.062282	2.315403	7.923101	-17.164395	-5.739806	-10.467435	5.274107	-1.693351	2.154605	5.529236	10.862707	7.221026	-0.816647	-5.659709	-6.920812	-9.495169	-25.789291	-22.056766	-3.604954	-4.027437	6.333105	-3.426796
16	3	10	-0.412388	-0.299503	6.155357	-10.480655	-7.164847	8.993863	5.347762	7.543867	5.274107	4.714488	6.546548	-7.652411	-22.345657	-11.983620	6.854889	8.458946	5.558808	10.255197	7.000857	7.538941	6.793270	6.080167	0.516204	7.021725
17	3	9	-12.226339	1.847965	4.638745	5.072727	-0.048613	-5.530184	-4.838814	-7.197001	8.070725	6.425350	9.851263	-1.066404	-19.041816	-11.462126	8.539603	5.153656	7.842556	9.597580	7.770607	10.184880	6.223136	6.863792	2.389563	6.365163
17	3	90	-9.291870	7.183610	-16.594733	9.114121	6.386918	-10.877977	-7.410709	-8.368064	8.070725	1.945750	3.893651	5.524398	8.146523	7.092586	-0.758169	-12.839571	-7.067091	-12.851174	-25.943030	-19.644663	-5.863415	-4.251277	4.784374	-6.218005
17	3	1	4.856544	5.722936	-16.594724	-1.524651	-10.924740	4.135118	4.303303	4.708245	8.070725	1.945750	3.893652	0.079505	8.068521	4.441511	-0.758169	-8.615948	-1.486790	-7.006161	-16.963027	-13.336178	-5.861513	-4.245049	4.784358	-6.218002
18	5	59	-2.408790	6.706652	-14.737256	6.776618	6.539077	-19.970850	-0.827110	-12.616650	5.522996	1.137808	-3.592860	7.682243	11.676717	9.145777	-0.995892	-11.801581	-5.954573	-12.956387	-18.050014	-12.510995	-2.549977	-5.292992	5.937321	-5.919857
18	5	25	1.841214	0.604426	-14.737256	0.901922	-3.016802	-4.527821	5.269584	-1.521392	5.522996	1.137808	-3.592860	7.680555	11.676717	9.145777	-0.995892	-11.801581	-5.954573	-12.956409	-18.050014	-12.510995	-2.549977	-5.292992	5.937321	-5.919857
18	5	10	-4.723712	0.216619	5.177100	0.511630	-2.993690	-4.543726	5.260029	-1.523134	5.522996	6.628588	2.072084	2.861714	-8.940755	-6.847005	6.849692	-2.060767	4.783782	2.049320	4.090458	1.922692	7.789969	5.471378	2.982866	6.239277
18	5	5	2.052734	0.574898	-14.737256	-4.903616	-6.590518	3.493369	5.892732	-1.461242	5.522996	1.137808	-3.592860	7.680330	11.676717	9.145777	-0.995892	-11.801581	-5.954573	-12.956377	-18.050014	-12.510995	-2.549977	-5.292992	5.937321	-5.919857
18	5	1	-4.578852	0.216619	5.177100	-4.103310	-5.141415	3.094554	5.778607	-1.467134	5.522996	6.628588	2.072084	2.861507	-8.940862	-6.847050	6.849692	-2.060696	4.783981	2.049800	4.090463	1.922738	7.789971	5.471378	2.982866	6.239277
19	4	38	7.610869	-0.958607	-10.762099	-5.772337	-10.173851	9.503045	7.829492	7.964286	7.456416	0.339644	2.655425	1.586154	10.036875	5.103507	-3.786244	-8.562155	-7.413180	-16.119781	-13.296654	-20.912640	-4.965404	-3.878036	6.234477	-9.346402
19	4	33	-11.322452	5.015272	-10.762100	6.805934	5.570449	-15.789407	0.014366	-8.358830	7.456416	0.339644	2.655425	6.675725	10.042540	5.662703	-3.786244	-12.166821	-9.503421	-17.639237	-14.610888	-23.375683	-4.965404	-3.878036	6.234477	-9.346402
19	4	22	3.414607	-6.898508	5.628122	-9.251919	-13.919380	9.521066	7.831594	7.964300	7.456416	3.593684	7.243608	-5.486371	-14.025233	-18.624559	5.582337	4.831512	6.064237	6.378238	10.821867	11.230046	7.039487	7.098568	2.151161	4.825068
19	4	7	-15.426738	-0.925216	5.628122	3.325674	1.551229	-9.215823	1.052830	-7.687490	7.456416	3.593684	7.243608	-0.396800	-7.306793	-16.521140	5.582337	4.499666	5.899346	6.377908	10.808376	10.934783	7.039487	7.098568	2.151161	4.825068
20	7	49	-5.764927	7.697132	-15.516126	5.333736	9.184748	-7.825353	4.903681	3.415858	7.378430	0.460783	2.499539	2.543916	9.730892	5.401642	-1.612425	-6.331634	-9.605763	-11.141436	-17.054654	-22.226247	-7.637697	-5.176437	6.888223	-9.015647
20	7	35	-10.190347	7.699521	-15.516126	5.333736	9.184754	-16.785547	-1.404766	-3.175310	7.378430	0.460783	2.499539	8.241754	9.968388	5.402449	-1.612425	-9.417742	-9.614566	-12.012399	-20.495530	-22.244324	-7.637697	-5.176437	6.888223	-9.015647
20	7	4	-7.438803	1.381289	6.131653	-1.160132	5.097709	-10.775035	-1.402857	-3.175194	7.378430	5.341734	6.649058	-1.321635	-17.760378	-13.319141	6.422121	8.344703	4.576676	9.316411	10.051674	7.440403	5.086852	5.880089	1.831544	5.729573
20	7	1	5.266636	1.888422	-15.516126	-6.673205	-2.048730	5.093536	6.607365	7.156596	7.378430	0.460783	2.499539	1.878070	9.197344	5.397569	-1.612425	-4.818252	-9.529507	-9.855860	-15.816239	-22.171163	-7.637697	-5.176437	6.888223	-9.015647
20	7	3	3.575626	-4.331912	6.131653	-13.157979	-5.601625	9.034993	6.680377	7.374740	7.378430	5.341734	6.649058	-7.685319	-17.871852	-14.858174	6.422121	8.348685	4.589362	9.316674	10.070990	9.058896	5.086852	5.880089	1.831544	5.729573
20	7	7	-3.012342	1.276724	6.131653	-1.165952	5.018043	-1.762755	4.905906	3.416431	7.378430	5.341734	6.649058	-7.020735	-17.871851	-14.858173	6.422121	8.348685	4.589362	9.316674	10.070986	9.058880	5.086852	5.880089	1.831544	5.729573
20	7	1	1.202554	-2.845021	6.131653	-4.807804	-1.023634	-1.105062	6.387763	4.599839	7.378430	5.341734	6.649058	-7.679137	-17.871852	-14.858174	6.422121	8.348685	4.589362	9.316674	10.070990	9.058896	5.086852	5.880089	1.831544	5.729573
21	4	91	-10.822909	5.664395	-14.089973	7.273035	9.073848	-17.497513	-2.756138	-10.181120	6.934600	-1.116680	4.900846	7.445783	8.231321	4.394992	-6.676187	-15.926592	-13.424543	-18.651347	-14.434159	-18.548329	-5.591519	-2.772372	8.737692	-13.905665
21	4	3	-16.188008	0.583549	3.887577	3.546154	6.203061	-14.748926	-2.288487	-9.667553	6.934600	3.541555	6.492352	1.864827	-9.180408	-7.628022	4.743524	-0.457980	1.327011	4.238356	8.061889	-1.051603	6.223229	3.269313	3.591340	3.816314
21	4	1	0.907309	-5.497872	4.721468	-3.686487	-9.887193	7.732534	8.085511	7.192722	6.934600	3.541563	6.492365	-2.107045	-17.224076	-9.205754	4.824993	1.431271	4.475493	6.082580	10.324490	8.051326	6.226103	6.506854	2.760212	3.857002
21	4	5	6.740103	-0.617827	-14.089973	-2.559213	-9.119033	7.623810	8.083611	7.190621	6.934600	-1.116680	4.900846	3.475947	8.222104	4.338448	-6.676187	-14.570028	-13.365270	-18.625278	-13.526538	-18.529407	-5.591519	-2.772372	8.737692	-13.905665
22	4	61	-5.984296	7.475706	-17.437572	7.734065	5.478992	-17.069003	-6.124149	-9.392667	6.053279	1.660560	1.377222	6.309645	11.222311	5.953957	-5.124415	-12.347465	-10.481911	-13.488205	-23.191276	-20.955213	-3.913055	-2.216420	6.107800	-7.862497
22	4	14	1.144174	-0.777163	7.103352	-6.040809	-12.771591	9.796406	6.604682	5.863326	6.053279	8.025105	7.957067	-10.419327	-22.762602	-9.817623	6.611817	4.853992	7.248624	8.152123	8.459334	10.971477	7.388485	5.434745	2.207479	3.836488
22	4	16	4.827649	4.927717	-17.437572	-0.156801	-6.203113	4.403426	6.604674	5.845710	6.053279	1.660560	1.377222	0.141004	5.987634	3.500959	-5.124415	-7.642207	-3.958024	-9.734280	-17.186513	-15.005532	-3.905777	-2.216420	6.107800	-7.862492
22	4	9	-9.184823	1.762336	7.103352	1.850053	1.792881	-12.278349	-5.787790	-7.299420	6.053279	8.025105	7.957067	-4.240943	-22.762602	-9.817623	6.611817	4.831600	7.248624	8.152113	8.395569	10.970443	7.388485	5.434745	2.207479	3.836488
23	3	89	0.687654	-4.063884	7.480245	-8.038681	-14.139145	9.600101	7.132423	5.334907	7.158664	7.706015	6.345659	-4.250528	-17.063512	-14.078123	9.214249	9.185809	6.373377	8.698305	11.643372	9.302521	4.697282	5.409290	0.348081	8.084994
23	3	8	-11.054505	6.253431	-5.354188	6.521489	6.834889	-17.007528	-3.103875	-8.755367	7.158664	1.258701	0.101066	7.697720	9.726866	2.005362	0.710673	-1.606496	-10.177188	-14.920285	-17.838622	-23.670124	-8.249565	-7.418886	5.670579	-4.708607
23	3	3	6.788753	1.956954	-5.354188	-3.097546	-10.439281	2.963804	7.132422	5.333672	7.158664	1.258701	0.101066	3.694504	9.695492	2.005340	0.710673	-1.606495	-10.165839	-14.351017	-15.831368	-23.666323	-8.249556	-7.418886	5.670579	-4.708606
24	3	71	-11.167057	9.573474	-11.001900	6.138200	6.885346	-20.068112	-2.289728	-10.223215	7.270665	-3.477338	2.363364	5.667698	10.511864	5.316553	-3.553833	-10.100465	-8.772081	-12.677361	-20.059064	-24.110781	-4.633795	-3.327357	6.250837	-10.517895
24	3	14	4.948284	6.124567	-11.001876	-6.023723	-8.404186	3.096169	6.597804	7.425428	7.270665	-3.477338	2.363364	-0.898091	9.982082	5.213674	-3.553830	-3.600434	-2.705903	-9.132785	-14.752504	-18.239377	-4.631195	-3.327357	6.250837	-10.517895
24	3	15	-1.159985	2.425650	3.435022	-5.765672	-11.837461	9.379231	6.597820	7.425428	7.270665	3.102631	6.209285	-12.313884	-13.686080	-11.528755	3.041133	6.625194	6.478134	9.813142	9.489538	9.818342	6.687383	6.250056	-0.007323	6.826427
25	3	37	6.307724	3.345203	-9.614918	-1.314601	-8.141013	8.843998	7.782198	6.098257	2.618164	-3.111525	2.361445	4.431366	9.429598	8.578330	-3.559693	-7.572705	-8.389106	-11.870220	-26.020448	-19.117763	-2.615645	-5.581352	5.524827	-8.646793
25	3	55	-11.489038	5.333420	-9.614918	6.026751	7.074352	-14.064780	-3.692618	-8.510899	2.618164	-3.111525	2.361445	8.581864	9.430298	8.578382	-3.559693	-8.218519	-9.772760	-13.582469	-26.026305	-19.148582	-2.615645	-5.581352	5.524827	-8.646793
25	3	8	1.359428	-1.553901	4.582788	-6.505258	-13.237313	10.965435	7.782200	6.098281	2.618164	0.942555	6.266326	-0.183189	-4.959055	-6.186775	1.347292	7.972960	5.397129	-0.253253	5.899520	6.540965	7.622169	5.213937	0.990222	6.579170
26	5	18	7.492789	-0.243887	-14.160138	-6.850096	-8.408904	6.030754	8.287794	7.378186	6.274348	0.837170	0.114752	2.023488	9.978413	6.756678	-4.523814	-13.402277	-1.808973	-16.766831	-16.424532	-19.589470	-3.588396	-5.360419	8.725606	-7.364188
26	5	25	3.893541	-4.302891	8.451452	-13.556610	-13.425538	6.124374	8.295953	7.378195	6.274348	5.169441	6.497046	-6.886230	-20.593175	-14.454986	6.954983	2.859939	6.771781	6.030052	9.408271	5.869620	8.584427	5.661660	3.261211	9.247206
26	5	15	-0.588473	1.253479	8.451339	-3.263048	-4.185225	-10.635907	-2.820969	-3.556649	6.274348	5.169441	6.497046	-1.092462	-16.090975	-13.011713	6.954983	-0.326003	6.771776	5.038276	3.424065	4.026749	8.579830	5.584409	3.263091	9.247164
26	5	29	-8.193284	5.577166	-14.160138	4.292431	6.346717	-18.691514	-4.353334	-9.659472	6.274348	0.837170	0.114752	7.817269	9.979898	6.756864	-4.523814	-14.232103	-3.590367	-16.940652	-21.843000	-23.291927	-3.588396	-5.360465	8.725606	-7.363998
26	5	13	3.006858	-0.001006	-14.160138	-2.217253	-4.646462	-10.481156	-1.832071	-3.552521	6.274348	0.837170	0.114752	7.817257	9.979898	6.756864	-4.523814	-14.232103	-3.590367	-16.940652	-21.843000	-23.291927	-3.588395	-5.360465	8.725606	-7.364144
27	3	34	-0.975384	0.846281	6.235156	-6.152242	-12.642810	10.073569	6.734209	5.801316	8.407170	5.182466	5.306084	-2.209776	-22.006666	-15.794543	6.813304	7.219176	5.793110	10.274076	9.297246	11.490950	5.592542	5.169796	3.741781	5.622495
27	3	47	-9.270953	6.876926	-12.592702	7.876232	6.069394	-16.957376	-5.232303	-11.337183	8.407170	-0.860901	-0.941815	7.274707	8.433762	4.323000	-1.457149	-6.990592	-9.335820	-14.265399	-22.791010	-10.676354	-7.053805	-6.397145	7.445004	-9.411270
27	3	19	5.653835	4.549072	-12.592702	-4.014078	-10.986806	7.518592	6.733837	5.801291	8.407170	-0.860901	-0.941815	2.889547	8.430289	4.212740	-1.457149	-3.061353	-9.335397	-13.864894	-22.476073	-10.557603	-7.053802	-6.397141	7.445004	-9.411270
28	2	19	3.388540	-2.294123	4.865877	-5.054853	-7.851158	-9.876637	-4.384934	-1.458567	6.261327	5.547378	6.492048	-4.758662	-16.964271	-6.611609	2.885753	6.757544	6.827188	11.473496	8.527994	10.055153	5.240577	6.258074	0.355962	8.204999
28	2	81	-4.954034	8.345342	-9.137470	7.155496	6.035601	-20.509681	-10.143689	-6.705261	6.261327	0.967024	0.280316	4.992803	10.905736	7.090350	-3.573070	-6.657186	-7.051517	-12.092751	-20.238481	-15.636263	-2.518035	-1.850340	6.460317	-6.871913
29	4	1	5.897814	2.439761	-4.001028	-5.619627	-11.109462	4.118557	6.861310	6.928166	5.779780	2.241474	1.751354	-1.479328	7.317705	5.334062	0.297180	-7.537805	-2.274375	-9.946133	-16.592617	-9.745625	-4.060090	-3.305683	6.227414	-0.556932
29	4	63	5.028598	0.847358	8.626420	-11.589644	-17.525681	5.351925	6.861310	6.928166	5.779780	6.757142	8.016442	-10.238528	-18.283985	-15.126605	5.993032	4.020004	6.754884	10.079603	10.985392	11.565303	7.369188	7.962590	1.008640	8.078249
29	4	35	-0.462412	4.558324	8.626420	-5.630692	-10.319966	-10.907923	1.578428	-0.956237	5.779780	6.757142	8.016442	-4.189717	-18.265287	-14.864597	5.993032	3.964495	6.754883	10.079591	10.985391	11.560025	7.369188	7.962590	1.008640	8.078249
29	4	1	0.393113	5.107085	-4.001028	0.017416	-2.799092	-11.126273	1.577316	-0.956558	5.779780	2.241474	1.751354	4.569483	8.322026	5.368458	0.297181	-11.060672	-8.811878	-16.193343	-18.769066	-16.670135	-4.060090	-3.305683	6.227414	-0.556931
30	3	35	6.660605	4.348153	-16.382097	-4.688233	-9.953820	7.301273	7.845823	4.542854	4.550367	-6.306231	-1.752172	-0.186503	7.209092	0.236078	-6.095192	-6.260910	1.117720	-5.826104	-5.863246	-12.949412	-0.147110	-3.210679	6.637368	-8.248606
30	3	60	-8.198070	9.146284	-16.382274	4.717560	6.918293	-13.312868	-0.523665	-6.766391	4.550367	-6.306231	-1.752172	5.901626	12.226443	6.595711	-6.095192	-13.335528	-5.848377	-16.964131	-22.519702	-17.976771	-0.147110	-3.594619	6.639292	-8.250916
30	3	5	6.660604	4.348153	-11.747556	-4.688233	-9.953820	7.301273	7.845823	4.542854	4.550367	-6.306231	-1.752172	-0.186503	-5.888544	-1.041378	-6.095192	2.312269	6.198189	-3.095906	4.550500	0.060574	4.852799	6.937355	3.857064	0.733703
31	4	21	1.072111	-0.306972	-12.815926	-3.138610	-6.815581	8.867127	5.641365	6.322762	6.379899	-0.354314	3.080186	0.063996	6.633364	4.473079	-3.969306	-1.795440	-11.469832	-6.962380	-17.206408	-15.953871	-6.286718	-3.494313	7.393739	-11.101787
31	4	70	-12.780828	5.936167	-12.815926	6.443100	6.847784	-16.377011	-5.875702	-6.304380	6.379899	-0.354314	3.080186	6.334238	10.706119	6.217587	-3.969306	-7.782930	-12.171601	-9.671028	-24.237436	-22.566899	-6.286718	-3.494313	7.393739	-11.101787
31	4	3	-8.761066	0.634180	5.526144	0.537734	0.627602	-10.567732	-3.021634	-3.710600	6.379899	5.673431	6.716773	2.148511	-7.635380	-6.144353	6.571076	2.035419	0.579705	8.971783	3.035426	8.545898	3.741666	4.724726	3.045520	2.884043
31	4	6	-3.934374	0.615405	5.529581	-5.968770	-9.085862	8.867104	5.641365	6.322764	6.379899	5.673431	6.716773	-4.121731	-21.518859	-9.310129	6.571076	8.020175	5.510698	10.298369	11.267955	11.522586	3.741666	4.727438	3.034571	2.893678
32	2	7	4.722170	1.369019	-9.342000	-2.021823	-9.934073	9.812346	7.075184	4.548975	6.377181	-1.222966	2.251202	2.782121	9.397317	6.674227	-4.295139	-4.917715	-7.294480	-13.190665	-21.075740	-24.372634	-10.353961	-6.546159	3.482635	-4.319053
32	2	93	-11.431584	6.593624	-9.342000	5.993325	8.591686	-19.940351	-3.963862	-10.456580	6.377181	-1.222966	2.251202	8.882994	9.399455	6.903345	-4.295139	-7.947611	-9.874549	-15.086975	-23.581782	-24.954825	-10.353985	-6.546159	3.482635	-4.319053
33	3	81	-13.203350	5.450177	4.824412	4.461427	1.062828	-10.513680	-4.801084	-5.895196	5.496255	4.161850	6.087926	2.667194	-13.211217	-9.518238	8.758777	1.662249	0.463963	5.011473	5.817620	5.361907	3.548519	6.751970	0.073939	7.682767
33	3	14	-6.969815	7.229479	-9.890740	9.291064	7.255356	-12.171882	-4.804784	-8.528459	5.496255	-0.467333	-0.318962	8.868408	5.890958	6.611263	-3.170657	-9.804373	-9.133666	-16.853979	-18.459809	-22.780923	-8.626471	-5.594113	6.425442	-7.583736
33	3	5	1.777955	1.382213	4.824412	-6.396209	-6.544739	7.224193	6.484295	5.620171	5.496255	4.161850	6.087926	-3.697641	-24.664968	-15.127426	8.758777	7.486198	2.243918	9.404656	10.285827	6.896042	3.548519	6.751970	0.073940	7.682767
34	2	68	-10.021357	6.971271	-11.376513	5.049699	8.088484	-14.161294	-2.905525	-5.474469	8.175363	1.704253	1.413842	6.524734	12.610486	5.867592	-1.155383	-5.834506	-8.931988	-13.485489	-25.066894	-22.148738	-2.553656	-7.038980	7.238987	-9.842738
34	2	32	6.459190	0.942121	-11.376513	-3.244732	-8.286725	10.620171	4.994544	4.765755	8.175363	1.704253	1.413842	1.914830	12.308838	4.919578	-1.155384	-5.348423	-6.637625	-12.802604	-22.779568	-17.428194	-2.553656	-7.038973	7.238987	-9.842738
35	3	44	5.224109	2.053677	-9.166921	-7.904100	-13.224113	8.266016	6.301092	7.863367	5.695606	-2.082011	1.788288	-0.096422	2.122423	7.107857	-7.596292	-4.261709	-11.637827	-7.354385	-14.163841	-11.573924	-4.689027	-4.050159	6.358998	-9.633033
35	3	27	-11.754084	6.559484	-9.166921	4.989815	5.033858	-21.998053	-4.942971	-9.230182	5.695606	-2.082011	1.788288	6.546594	7.424039	8.192441	-7.596292	-10.291987	-11.915116	-13.053679	-21.966149	-19.079245	-4.689039	-4.050159	6.358998	-9.633033
35	3	29	0.821239	0.681139	4.161409	-13.428400	-17.229203	8.268330	6.301092	7.863367	5.695606	2.048699	7.641399	-12.256558	-10.781804	-6.555705	-0.886720	4.960160	6.954864	7.236146	9.569971	10.510404	7.846801	5.427871	1.094060	3.569697
36	1	100	-10.755287	2.289457	6.755821	3.874147	-0.609237	-3.428645	-0.393472	-5.913708	4.374240	6.868215	6.079330	1.068845	-22.997376	-9.399576	6.443747	6.540972	5.569014	9.696557	6.603839	7.928217	6.707188	8.448598	0.393219	6.855485
37	3	95	-6.079364	6.479355	-15.934175	3.273152	6.629550	-11.721194	-6.847627	-10.738604	6.997540	-0.485895	-1.232021	5.799399	10.455635	5.476446	-1.209415	-8.358895	-10.885148	-17.861622	-19.745532	-24.055493	-6.341076	-4.076373	5.955997	-10.501484
37	3	4	6.986347	1.770185	-15.842265	-3.956496	-6.319920	9.438380	4.775498	6.156352	6.997540	-0.485895	-1.232021	-0.011092	-2.142915	-1.431360	-1.209415	6.092150	-5.088668	-3.736110	1.807462	-7.185490	-2.531349	2.239686	5.815262	-10.343698
37	3	1	6.986347	1.770186	-15.934175	-3.956496	-6.319918	9.438380	4.775498	6.156352	6.997540	-0.485895	-1.232021	-0.011092	5.003721	2.576327	-1.209415	-4.484409	-9.054323	-12.285829	-14.772198	-23.705980	-6.341076	-4.076379	5.955997	-10.501484
38	3	47	7.060862	1.207841	-7.119127	-7.180792	-5.352835	7.502456	7.329189	5.430453	8.032863	2.385688	2.517663	2.957130	9.882648	6.732870	-1.804871	-12.792919	-12.464690	-10.638254	-11.964006	-28.350690	-6.989232	-6.430802	5.350664	-6.546915
38	3	18	2.504800	-2.921280	6.572305	-11.022710	-8.327227	9.394686	7.329190	5.430518	8.032863	5.381709	7.283273	-4.505309	-24.911456	-10.988579	5.264714	2.288021	4.926691	11.099572	10.547052	5.878240	3.320453	5.363762	1.663742	2.274336
38	3	35	-9.236596	7.380007	-7.119127	2.748488	6.205293	-8.306106	-3.455942	-8.415543	8.032863	2.385688	2.517663	5.524877	9.883214	6.732870	-1.804871	-13.309365	-12.503273	-11.046634	-13.790139	-28.846538	-6.989232	-6.430807	5.350664	-6.546915
39	2	85	-11.007718	1.665722	-17.974868	6.037884	5.905325	-10.269547	-8.953074	-9.718350	5.874249	-1.272623	1.223503	8.420983	9.700869	8.786579	-2.826516	-10.139482	-9.217281	-15.881741	-15.535664	-18.763980	-5.177744	-5.145430	7.564797	-8.804329
39	2	15	6.670586	-4.801365	-17.974867	-6.104458	-10.896364	11.419949	3.470262	4.096336	5.874249	-1.272623	1.223503	2.295753	9.688042	8.753178	-2.826516	-9.865647	-7.524881	-15.044294	-15.128125	-17.233269	-5.177744	-5.144543	7.564796	-8.804329
40	4	12	6.567158	-2.627530	-6.157584	-4.668520	-9.162953	5.728657	2.784865	6.845463	6.572432	1.666745	1.961852	0.603980	-4.922847	-6.246687	-0.784386	6.155300	5.537928	0.948209	5.932055	6.569809	4.897911	8.496863	3.953609	1.026612
40	4	28	3.424471	-5.851806	6.197719	-9.834624	-15.536645	5.728937	2.784871	6.845466	6.572432	7.892175	6.433958	-6.550002	-12.545056	-18.664858	6.928810	6.365362	5.695437	7.786045	9.054487	9.602303	4.897911	8.497072	3.953609	6.323091
40	4	50	-11.683625	3.909107	-11.336472	7.035346	5.762668	-12.935960	-8.508011	-8.331618	6.572432	1.666438	1.961852	4.923128	10.031168	4.545318	-0.785256	-10.036128	-7.386403	-12.496279	-20.934391	-23.521630	-5.594588	-3.364350	8.696547	-9.562312
40	4	10	6.567097	-2.627529	-11.336472	-4.536311	-9.162496	5.728657	2.784865	6.845463	6.572432	1.666438	1.961852	0.603980	2.052201	-0.962613	-0.785256	0.122758	-1.442713	-1.978644	-5.486615	-6.098516	-5.590383	-3.354551	8.696547	-9.562312
41	6	46	-10.689737	5.159256	-11.899101	8.031963	4.786018	-9.559105	-5.525263	-10.107963	6.374923	0.493948	-1.058840	4.257140	9.765670	5.006064	-5.855522	-9.507544	-8.306781	-12.684823	-21.705126	-22.178506	-4.955111	-5.278294	7.104417	-12.568967
41	6	11	0.696858	-4.904905	2.476125	-3.785736	-14.164948	9.572702	5.153973	3.980747	6.374923	6.835723	5.517279	-10.692327	-12.591356	-14.815038	6.295413	5.176770	6.384703	6.754768	9.625862	9.679197	7.071428	4.190337	6.299301	1.109358
41	6	24	-0.913316	-1.126251	2.476125	-2.724645	-14.047824	4.794913	-0.946948	0.212252	6.374923	6.835723	5.517279	-5.365681	-12.591348	-14.617363	6.295413	5.176557	6.384613	6.754739	9.625670	9.679195	7.071428	4.190337	6.299301	1.109358
41	6	14	6.592610	-0.952059	-11.899101	-2.652437	-8.117625	9.483052	5.145206	3.978903	6.374923	0.493948	-1.058840	-1.067163	6.225798	3.828276	-5.855522	-4.307890	-2.767645	-10.219735	-14.144769	-18.727196	-4.955295	-5.278294	7.104417	-12.569021
41	6	1	6.592610	-0.952059	-10.609834	-2.652437	-8.117625	9.483052	5.145206	3.978903	6.374923	0.494099	-1.058788	-1.067164	-4.603315	-2.603654	-5.855478	5.096642	5.821414	-5.723634	2.654400	5.195091	7.071408	4.190055	6.299420	-5.452235
41	6	4	4.975933	-0.952059	-11.899101	-2.403373	-8.059111	4.747800	-0.958441	0.202657	6.374923	0.493948	-1.058840	4.256757	9.765665	5.006063	-5.855522	-9.507237	-8.306778	-12.684822	-21.704873	-22.178489	-4.955292	-5.278294	7.104417	-12.569020
42	6	24	-6.253283	3.656181	-11.381682	7.888060	5.086439	-7.092536	0.831397	3.148695	5.517244	-0.933378	1.433419	-1.004193	8.418929	2.051664	-5.428915	-4.383245	-6.481899	-8.255082	-19.481561	-17.723759	-6.675278	-1.245667	7.411181	-1.575422
42	6	23	-11.476904	-1.856289	7.049311	4.679686	2.454266	-6.040835	1.124664	3.907830	5.517244	5.592469	6.721806	-11.491972	-15.500862	-13.198200	4.969820	6.851007	6.695283	10.240607	7.463653	10.699774	3.865166	6.959730	1.103577	7.684002
42	6	8	3.250978	-1.033461	-1.082501	-3.945273	-11.022793	11.469819	6.110218	8.030652	5.517244	-0.681872	6.478730	-5.817529	-11.487568	-5.083236	-4.935252	6.851006	6.695282	5.952586	7.451982	10.699466	3.865166	6.959730	1.103577	4.893873
42	6	15	3.264124	0.222298	-11.381682	-3.657788	-11.013581	11.468835	6.110218	8.030652	5.517244	-0.933378	1.433419	-1.080702	8.323092	1.971256	-5.428915	-4.277423	-6.470775	-8.163291	-19.378147	-17.575099	-6.675278	-1.245667	7.411181	-1.575422
42	6	20	-3.237041	-1.856310	7.049311	-2.157891	-9.079234	11.469883	6.110218	8.030652	5.517244	5.592469	6.721806	-11.501522	-15.500863	-13.198200	4.969820	6.851007	6.695283	10.240607	7.463654	10.699774	3.865166	6.959730	1.103577	7.684002
42	6	10	-6.263001	2.400410	-1.082501	7.600674	5.073215	-6.317887	0.831436	3.148807	5.517244	-0.681872	6.478730	-5.741042	-11.480945	-5.082980	-4.935252	6.851006	6.695282	5.952577	7.451574	10.699466	3.865166	6.959730	1.103577	4.893873
43	4	11	-11.703134	0.156308	7.353531	1.766786	1.588579	-12.726997	-3.516020	-6.368114	6.948999	5.219364	5.982043	-2.457169	-17.446219	-13.473763	5.153977	5.730533	6.473212	10.960049	7.830105	8.084510	6.378040	7.757079	0.796727	5.995198
43	4	57	-9.940142	6.364940	-10.170893	7.321161	7.378970	-15.994893	-3.519469	-6.368127	6.948999	2.772534	0.790008	8.019080	11.452837	4.973822	-4.006650	-8.683754	-12.935079	-7.527946	-23.827010	-17.153674	-1.655279	-4.333465	6.103603	-11.232313
43	4	14	0.989218	-6.213607	7.353531	-9.046890	-9.545355	8.711412	6.047474	6.155509	6.948999	5.219364	5.982043	-5.598616	-17.449110	-13.536023	5.153977	5.770746	6.541874	11.450582	7.831272	8.084525	6.378040	7.757079	0.796727	5.995198
43	4	18	6.399100	-0.012993	-10.170893	-4.384935	-7.060485	8.541549	6.047474	6.155508	6.948999	2.772534	0.790008	4.877633	11.452732	4.952629	-4.006650	-8.683747	-12.839580	-7.097384	-23.701691	-17.153546	-1.655279	-4.333465	6.103603	-11.232313
44	4	42	-7.305815	2.850782	9.002628	2.889634	0.727131	-5.980845	4.256411	3.687452	7.255240	6.503748	8.125547	-9.210040	-18.670415	-13.502618	7.478537	3.144361	7.714065	10.130738	8.755891	9.303224	4.957555	6.212482	-0.922789	8.092366
44	4	23	-8.660508	6.942678	-9.004497	7.649210	5.690636	-16.511076	0.779791	-7.796521	7.255240	0.432104	2.011330	6.432354	11.024005	6.659396	0.499234	-13.737087	-8.186206	-20.264022	-26.200116	-20.014728	-7.664161	-3.429078	4.720818	-4.416299
44	4	29	0.616603	-3.414889	9.002628	-6.048452	-12.467926	10.340327	7.002123	7.757148	7.255240	6.503748	8.125547	-10.307736	-18.697583	-13.502639	7.478537	3.144361	7.714065	10.132860	8.755891	9.303224	4.957555	6.212482	-0.922789	8.092366
44	4	6	6.015578	0.639473	-9.004496	-5.543755	-8.543481	10.306182	6.989061	7.681471	7.255240	0.432104	2.011331	0.713608	10.922302	6.556754	0.499235	-9.819387	-8.170731	-16.447484	-19.792222	-17.325467	-7.664161	-3.429078	4.720818	-4.416299
45	2	26	-9.782667	2.706181	7.407669	2.989367	-1.509717	-9.925515	-2.377128	-9.298712	8.863659	6.859296	6.636937	-1.920467	-14.653467	-5.116310	1.606403	8.257507	7.809819	9.568676	9.435343	10.169769	6.203349	6.704765	-0.105501	6.242992
45	2	74	-10.985912	8.421141	-16.256271	8.325508	5.142682	-19.321601	-7.272291	-10.180256	8.863659	1.453680	0.027140	6.304963	9.843027	6.404912	-6.302738	-10.215360	-4.644814	-18.731223	-24.528136	-20.572007	-6.656550	-6.064831	5.924870	-12.074082
46	6	17	-13.113059	1.575096	3.980480	4.851275	-0.457565	-12.932023	-4.494535	-4.329705	6.300440	4.772519	5.666470	2.648751	-8.888971	-9.096309	7.588219	1.636481	4.152144	5.987983	5.233595	7.456367	6.724976	6.546739	-1.295506	5.080895
46	6	67	-10.641058	5.941176	-11.944011	8.108191	5.762929	-21.472597	-6.336019	-10.380450	6.300440	-0.490589	-0.667888	9.214227	9.558362	6.521225	-3.161622	-8.879370	-12.075866	-11.710999	-17.306631	-13.035440	-1.596631	-5.573478	5.114234	-11.921059
46	6	3	-0.172713	0.630449	3.980480	-3.776980	-15.272981	2.610518	6.123080	4.801594	6.300440	4.772519	5.666470	-3.711375	-16.591920	-15.449484	7.588219	6.417164	5.898682	9.786520	12.061580	9.801735	6.726009	6.546761	-1.295506	5.080895
46	6	5	3.205274	2.762802	-11.944011	1.749507	-1.123640	-1.890250	2.987818	4.746649	6.300440	-0.490589	-0.667888	2.855447	9.558351	6.468487	-3.161622	-8.878109	-8.866078	-11.607302	-16.195230	-12.396967	-1.596631	-5.573472	5.114234	-11.921059
46	6	7	6.284010	1.027300	-11.944011	-0.435344	-11.093729	2.563556	6.123068	4.801594	6.300440	-0.490589	-0.667888	2.854102	9.558351	6.468343	-3.161622	-8.878105	-8.865156	-11.607020	-17.096697	-12.396497	-1.596631	-5.573472	5.114234	-11.921059
46	6	1	-7.252816	1.565236	3.980480	4.847063	-0.458166	-2.827740	1.998544	4.149090	6.300440	4.772519	5.666470	-3.670198	-16.591446	-15.449140	7.588219	6.417127	5.897392	9.786487	12.061580	9.795214	6.726009	6.546761	-1.295506	5.080895
47	2	89	-4.923780	7.854329	-13.867585	4.935848	8.654609	-13.248008	-4.403205	-10.347186	7.604849	-0.697466	-0.181358	8.057851	7.838349	7.316725	-7.877190	-6.825198	-11.689813	-18.310875	-22.086029	-18.659042	-6.230049	-6.238570	5.532324	-9.160157
47	2	11	8.114643	1.685040	-13.867585	-5.945153	-8.905642	9.801066	7.475505	5.498923	7.604849	-0.697466	-0.181358	4.026145	7.819993	7.312073	-7.877190	-6.741721	-8.959337	-18.260710	-22.085326	-18.049632	-6.230049	-6.238570	5.532324	-9.160157
48	3	19	-6.110950	6.408709	-9.680718	7.152657	2.673306	-9.434310	-4.430967	-13.818247	6.512030	-1.339746	0.522294	7.332542	8.634057	6.810413	-2.681088	-4.555159	-11.005482	-14.999653	-22.316227	-23.244027	-1.247373	-5.447240	4.931107	-6.346072
48	3	45	6.076985	-0.196192	-9.680718	-5.221966	-14.986336	10.210112	8.428831	4.849088	6.512030	-1.339746	0.522294	3.285286	8.282763	6.810356	-2.681088	-4.258595	-10.856747	-14.981177	-22.313987	-20.896457	-1.247373	-5.447240	4.931107	-6.346072
48	3	36	0.076694	-6.633480	5.152517	-5.848953	-16.964908	10.351833	8.428831	4.849088	6.512030	4.052397	5.228446	-2.235131	-15.645349	-12.014457	6.000601	8.171367	1.305038	4.377677	10.383310	8.301407	7.435862	6.887318	0.062401	8.047064
49	2	82	-11.102391	5.558751	-13.871543	7.163825	5.134234	-13.333902	-3.410242	-14.402260	1.404378	-8.402874	-1.508553	4.726987	11.636481	6.806121	-4.621359	-7.513509	-8.434012	-19.588267	-23.049403	-22.085516	-1.561304	-2.141160	5.612870	-7.265338
49	2	18	5.025020	-1.078229	-13.871543	-2.981253	-6.588070	11.474391	7.714084	5.039206	1.404378	-8.402874	-1.508553	3.377301	11.509512	6.803859	-4.621359	-7.413930	-8.433902	-19.554079	-22.200978	-21.992827	-1.561304	-2.141151	5.612870	-7.265338
50	3	61	-11.147585	3.958359	-13.833112	6.139475	6.582710	-17.617955	-5.211082	-8.615439	6.898522	1.993477	3.197829	6.899717	7.130220	3.296025	-5.572892	-10.904403	-7.241943	-8.879129	-28.234108	-24.223036	-2.577270	-6.715491	5.246697	-5.689102
50	3	37	5.368397	-0.448327	-13.833112	-5.025388	-10.103673	11.008085	7.047803	8.768376	6.898522	1.993477	3.197829	1.214627	6.460508	3.295998	-5.572892	-10.889949	-2.960773	-4.907228	-27.319950	-17.867996	-2.577269	-6.715490	5.246697	-5.689102
50	3	2	0.400702	1.178905	-13.833112	-4.968462	-5.196085	-0.079294	0.822406	-4.018436	6.898522	1.993477	3.197830	6.899713	7.130220	3.296025	-5.572892	-10.904403	-7.241943	-8.879125	-28.234108	-24.223036	-2.577318	-6.715491	5.246697	-5.689102
51	4	27	-11.893205	2.959915	3.858624	0.850642	0.590895	-5.703537	-0.097730	-3.510788	3.415241	3.435301	7.340225	-4.317706	-16.901541	-8.197596	2.885538	5.085555	6.438473	3.864913	10.981811	10.196178	8.166800	3.124617	2.626340	6.051853
51	4	52	-10.465693	7.873834	-7.864781	6.263888	7.026156	-14.700938	-3.612673	-5.466178	3.415241	-3.060631	2.429692	5.476973	6.142135	6.381951	-3.319768	-9.366961	-8.212030	-18.685400	-19.508456	-17.598557	-2.577199	-8.934808	2.806808	-1.678517
51	4	18	3.781771	-2.904772	3.858624	-9.061327	-13.693256	9.299233	4.227535	5.424995	3.415241	3.435301	7.340225	-6.751211	-16.902913	-8.198630	2.885538	5.101205	6.562152	3.864913	10.981813	10.197502	8.166801	3.124617	2.626340	6.051853
51	4	3	6.824519	2.009147	-7.864781	-3.654835	-8.344951	8.896890	4.227526	5.424985	3.415241	-3.060631	2.429692	3.022317	5.954257	6.371955	-3.319768	-7.562630	-8.214751	-16.564230	-19.313738	-15.467339	-2.576527	-8.934793	2.806808	-1.678517
52	4	57	-8.421253	6.428204	-15.625241	6.698112	5.766124	-12.263443	-0.249520	-8.571860	4.482961	-1.736575	0.064740	5.653691	10.395427	5.802514	-0.783578	-8.371339	-11.725168	-15.297194	-19.626764	-20.685116	2.291897	-8.487406	5.384713	0.190355
52	4	34	6.461587	0.155405	-15.625241	-2.338729	-10.430069	7.620277	7.004539	6.672674	4.482961	-1.736575	0.064740	0.626103	9.505545	2.762178	-0.783577	-6.178371	-6.322170	-15.273474	-19.618997	-17.444466	2.291897	-8.487406	5.384713	0.190355
52	4	5	6.461587	0.155405	-15.566483	-2.338729	-10.430069	7.620277	7.004539	6.672674	4.482961	-1.736575	0.064740	0.626103	-7.153131	-3.553263	-0.783550	4.928989	2.804013	-3.687270	-2.488538	5.887863	8.217073	-0.183770	5.315029	0.253425
52	4	4	6.268082	0.155405	-15.625241	1.144496	-0.878092	-5.277538	1.817819	0.114453	4.482961	-1.736575	0.064740	5.653465	10.395427	5.802514	-0.783578	-8.371339	-11.725118	-15.297194	-19.626764	-20.685115	2.291897	-8.487406	5.384713	0.190355
53	4	3	1.295503	-4.412344	4.906059	-9.480829	-7.072463	9.472782	8.869376	5.484119	6.509156	4.731545	3.733947	-3.989250	-22.691178	-17.718292	6.274316	7.524954	6.846794	7.355463	10.220590	9.744213	2.786052	7.712604	2.592567	4.098983
53	4	69	-6.533240	5.351016	-17.350887	5.578971	4.606255	-11.555079	-0.255115	-7.353745	6.509156	0.994790	-2.689597	7.895643	10.139574	6.549644	-1.494985	-11.978172	-10.843499	-17.490368	-19.057721	-18.719994	-4.985171	-3.471661	8.346276	-9.694281
53	4	27	7.063377	-0.936349	-17.350887	-6.388213	-3.508532	9.458013	8.757131	5.480112	6.509156	0.994790	-2.689597	2.316446	9.386727	6.518832	-1.494985	-7.451833	-8.665572	-17.490365	-18.725715	-16.293157	-4.985171	-3.471661	8.346276	-9.694281
53	4	1	-12.332911	1.839320	4.906023	1.517107	0.552567	-4.070870	3.016016	-4.485095	6.509156	4.731544	3.733946	1.589951	-18.219063	-12.124552	6.274316	6.748116	4.867856	1.007575	6.262973	3.861338	2.785903	7.712603	2.592567	4.098793
54	2	86	-14.791341	6.596287	-10.202191	7.077619	7.986142	-12.396975	-4.246706	-10.789435	6.413039	2.697908	-0.289414	6.240511	12.994962	6.275719	-2.679800	-8.045524	-7.801137	-6.789549	-24.311941	-25.384392	-8.535697	-5.312842	6.740750	-10.658037
54	2	14	3.105013	0.272337	-10.202191	-3.105294	-7.346972	10.088572	7.492644	8.231078	6.413039	2.697908	-0.289414	-0.226174	11.223007	4.309004	-2.679800	-3.882795	-2.864361	-1.665456	-15.697842	-13.588904	-8.535697	-5.311794	6.740750	-10.658037
55	4	24	-1.545418	2.273073	6.582411	2.922559	-3.848111	9.807678	8.024653	6.492742	4.640313	6.146304	8.957494	-12.982074	-20.262473	-11.265796	3.568757	6.589525	5.839855	9.682579	9.605684	7.753343	7.051790	7.838181	0.005604	5.213128
55	4	34	-10.084244	2.385487	6.582411	4.865973	2.066089	-3.177518	1.824854	2.317313	4.640313	6.146304	8.957494	-9.278037	-20.262447	-11.265771	3.568757	6.588674	5.839855	9.682515	9.605684	7.753343	7.051790	7.838181	0.005604	5.213128
55	4	38	-7.302808	8.114208	-8.953339	6.096512	7.454457	-18.451350	-2.806916	-2.289895	4.640313	-0.247702	3.412999	3.449166	7.430277	5.564415	-8.162535	-6.664502	-5.884530	-17.162627	-21.166733	-25.172057	-3.680703	-2.681513	6.191797	-8.710676
55	4	4	6.163162	3.544761	-8.953339	0.798851	-4.002880	7.204878	8.024667	6.501926	4.640313	-0.247702	3.412999	-1.838665	2.649087	1.107713	-8.162535	-1.453562	-3.104781	-9.186493	-8.018142	-18.432851	-3.680703	-2.681494	6.191797	-8.710676
56	3	49	6.744128	2.423710	-8.735060	-2.769879	-2.632273	-3.628664	3.473089	7.533325	7.458677	3.712963	1.353160	-0.253832	11.383291	3.979936	-0.234250	-4.095237	-4.300751	-7.221209	-15.197407	-16.578608	-4.226877	-6.890588	6.257146	-11.166863
56	3	40	-7.585248	6.568496	-8.735060	3.422823	8.694173	-15.008474	-7.691135	-5.511806	7.458677	3.712963	1.353160	5.562146	12.263940	9.197811	-0.234250	-6.852564	-7.591448	-13.787315	-20.707123	-21.640152	-4.226877	-6.890588	6.257146	-11.166863
56	3	11	6.760761	2.423710	-8.735060	-8.100306	-7.594489	6.065982	3.494937	7.567658	7.458677	3.712963	1.353160	-0.268154	11.358164	3.971356	-0.234250	-4.094992	-4.300663	-7.220087	-15.197366	-16.567938	-4.226877	-6.890588	6.257146	-11.166863
57	4	43	-8.576823	6.617671	-7.155049	6.258941	6.575219	-17.186603	-5.350788	-9.842630	5.472753	-1.090833	0.864087	7.014445	12.427809	6.199952	2.063973	-11.556428	-11.432834	-17.998712	-20.959887	-19.934938	-4.461554	-7.247247	6.770587	-16.015756
57	4	33	-10.875050	1.121090	2.583423	2.089784	-0.604174	-11.191522	-0.451708	-3.606766	5.472753	2.435096	7.397092	3.577786	-4.637198	-8.637322	6.604343	0.035922	-0.294194	-1.573349	-5.726403	-2.725068	-4.459993	-6.619727	6.770130	-9.754694
57	4	16	2.917715	-1.934843	3.605587	-6.914422	-16.983035	11.110806	6.025970	7.084753	5.472753	2.592022	7.418071	-2.003471	-17.655823	-13.055508	6.704330	6.364644	5.964606	5.218679	8.527526	6.678586	7.895728	4.252471	5.379746	-0.141171
57	4	8	8.078391	0.661053	-7.155049	-2.563475	-8.907253	11.110766	6.021266	7.084084	5.472753	-1.090833	0.864087	2.044336	12.427781	6.192451	2.063973	-6.862936	-10.818583	-14.277584	-17.351272	-19.926676	-4.461554	-7.247247	6.770587	-16.015756
58	4	66	-10.151212	4.682176	-12.128972	8.804915	7.555726	-15.437758	-1.855590	-11.562308	6.019109	1.959217	0.305289	5.888218	7.999870	6.378345	-3.612149	-10.215299	-10.789035	-14.544388	-20.750488	-24.349121	-5.858943	-6.736631	7.979064	-5.320006
58	4	18	-15.267531	0.981252	6.008474	3.475988	1.700247	-10.833517	-1.594311	-11.539352	6.019109	4.871645	6.666910	0.412798	-21.645965	-10.862824	5.423777	3.216706	1.384458	9.417298	9.368704	7.078654	6.075869	5.825018	2.880793	4.376738
58	4	5	6.792673	-1.239464	-12.128972	-2.845430	-6.872590	11.681204	7.932758	6.753353	6.019109	1.959217	0.305289	2.152397	7.651016	6.294113	-3.612149	-9.333138	-10.788760	-14.546189	-17.914110	-20.141897	-5.858943	-6.736630	7.979064	-5.320006
58	4	11	1.648719	-4.704461	6.008474	-6.471284	-13.897809	11.681322	7.932768	6.753353	6.019109	4.871645	6.666910	-3.323023	-27.107198	-15.795062	5.423777	5.104535	5.639074	10.944861	10.257494	9.696252	6.075898	5.825018	2.880793	4.376738
59	3	45	-5.989140	7.505106	-13.092582	4.103778	6.308355	-15.631548	-0.882024	-11.370870	8.994925	0.481976	1.269019	3.100289	12.236839	6.668645	-0.577984	-9.873273	-10.662030	-14.736850	-14.718860	-24.465697	-4.450506	-6.467064	4.896178	-9.143671
59	3	42	6.816235	2.243989	-13.092582	-5.989682	-9.401442	6.875111	8.099272	4.367433	8.994925	0.481976	1.269019	-2.541807	7.952504	3.441596	-0.577984	-3.000240	-9.241810	-10.377587	-12.365639	-18.012575	-4.450325	-6.467064	4.896178	-9.143671
59	3	13	1.413041	1.134867	5.257877	-8.485978	-14.934027	8.595275	8.102437	4.367433	8.994925	6.622635	7.765059	-13.018068	-15.811067	-17.898983	5.194685	5.626947	2.397061	8.767538	11.874840	8.267293	7.960481	5.112278	3.023334	3.453534
60	5	46	7.160200	2.972751	-11.888021	-3.462697	-13.382373	6.471758	5.431305	7.154612	7.060442	2.488467	3.986090	0.772188	10.985277	4.978384	-6.717083	-1.240194	-7.584326	-12.972016	-17.690220	-15.777601	-3.847378	-6.918634	6.427539	-1.414867
60	5	15	-5.786302	6.922486	-11.888021	7.037427	3.174619	-18.378960	-7.708410	-2.257542	7.060442	2.488467	3.986090	6.510177	12.904235	6.093070	-6.717083	-7.749170	-11.571835	-16.516081	-20.561561	-23.375022	-3.848522	-6.918634	6.427539	-1.414867
60	5	10	-4.713103	6.922484	-11.888021	7.037240	3.174590	-13.252865	-1.100420	3.617018	7.060442	2.488467	3.986090	0.940492	11.217032	5.225777	-6.717083	-1.256857	-8.177580	-13.457954	-17.835978	-15.861339	-3.847506	-6.918634	6.427539	-1.414867
60	5	21	1.843404	-1.039409	2.880671	-8.541924	-15.171681	8.537627	5.431305	7.154724	7.060442	7.174718	7.707275	-7.413259	-13.995039	-12.196582	0.636149	8.715324	6.522173	6.139350	10.086218	11.149026	6.991398	5.219301	5.029848	7.361736
60	5	8	-5.078369	2.772051	2.880671	1.965767	0.125301	-2.957177	1.487286	5.964866	7.060442	7.174718	7.707275	-7.413207	-13.995039	-12.196582	0.636149	8.715324	6.522173	6.139350	10.086217	11.149026	6.991398	5.219301	5.029848	7.361736
61	5	90	-10.041841	7.038699	-10.122664	6.144971	6.866035	-15.060132	-2.564246	-11.207636	6.896031	1.134771	-0.312293	4.476491	10.073165	6.542093	-1.087418	-5.145037	-5.849413	-14.515998	-18.414741	-20.511965	-7.320805	-1.437883	7.468373	-13.284486
61	5	1	7.813061	-2.062507	2.132110	-10.014278	-16.247057	8.186687	8.730342	4.675178	6.896031	5.120442	6.169009	-7.732392	-18.973666	-10.705377	4.622323	7.430254	7.418923	11.551213	12.074955	11.479569	4.447278	6.211216	3.993284	-1.627760
61	5	6	2.506588	-2.062506	2.132110	-4.798962	-8.895868	-2.308565	2.376325	-1.920459	6.896031	5.120442	6.169009	-1.839817	-18.623059	-10.703142	4.622323	7.430106	7.418247	10.683273	12.060587	11.478834	4.447278	6.211216	3.993284	-1.627760
61	5	2	-4.405146	4.542428	2.132110	-0.247657	1.928162	-15.050495	-0.138860	-6.742756	6.896031	5.120442	6.169009	-1.839816	-18.623058	-10.703109	4.622323	7.430106	7.418247	10.683272	12.060587	11.478834	4.447278	6.211216	3.993284	-1.627760
61	5	1	8.456116	0.428022	-6.070877	-3.621725	-6.600499	8.184790	8.709273	4.675177	6.896031	1.681261	-0.214210	-1.419075	-1.940713	3.367198	-0.753874	4.752017	3.307780	-6.002584	2.054648	0.058880	4.265259	6.149680	4.089200	-7.033306
62	3	88	0.636518	-4.232732	7.308330	-11.804864	-11.777761	8.344757	5.527578	5.932467	7.061496	6.757282	3.316108	-2.452065	-18.368414	-10.594928	6.487007	7.102762	6.743173	3.986383	12.448484	10.263502	6.899569	4.299556	2.769018	7.265240
62	3	2	5.889302	1.600510	-5.858085	-5.561713	-5.690368	6.517508	5.527577	5.932467	7.061496	0.520600	-2.305443	2.431720	9.661544	7.654691	-2.025262	-3.447297	-7.084387	-8.131728	-14.639208	-17.378006	-0.787789	-5.301459	5.521205	-4.962753
62	3	10	-6.916148	4.250216	-5.858083	6.457048	6.371312	-19.370144	-4.378915	-11.470016	7.061496	0.520600	-2.305443	7.107163	9.662316	8.331421	-2.025262	-5.811573	-10.473916	-10.810247	-17.822762	-20.618948	-0.803310	-5.301459	5.521205	-4.962753
63	6	46	-11.455526	7.430193	-14.517634	5.523019	6.186100	-14.567984	-3.768430	-9.143169	8.390230	0.912832	0.636545	7.117307	10.450861	7.888814	-5.588601	-11.767560	-5.876489	-15.950331	-24.201750	-18.027464	-3.689773	-5.381949	7.571912	-10.928633
63	6	13	5.931327	3.511026	-14.517634	-3.141153	-7.418984	2.454647	7.509663	6.868633	8.390230	0.912832	0.636543	0.536957	2.307008	5.243191	-5.588601	-5.443301	-1.057414	-12.399604	-17.482704	-8.373177	-3.415186	-5.380546	7.571912	-10.860681
63	6	11	5.931327	3.511026	-14.517634	-3.141153	-7.418984	2.454647	7.509663	6.868633	8.390230	0.912832	0.636544	0.536957	0.825730	5.243191	-5.588601	-3.153970	0.169860	-12.399601	-13.700483	-6.283230	-2.774419	-5.362590	7.571912	-10.661653
63	6	13	-0.695071	2.866991	5.607931	-7.501865	-9.555466	2.560263	7.509663	6.868633	8.390230	5.391018	7.247257	-10.349116	-22.566136	-13.100505	6.004235	4.537648	8.035577	11.297451	8.991971	10.809672	5.459906	7.158960	1.119086	5.019708
63	6	15	-0.695088	2.867003	5.607931	-7.342341	-5.848939	-0.759336	7.509663	6.868603	8.390230	5.391018	7.247257	-10.349116	-22.566136	-13.100505	6.004235	4.537648	8.035577	11.297451	8.991971	10.809672	5.459906	7.158960	1.119086	5.019708
63	6	2	5.922972	3.511026	-14.517634	-2.933151	-4.026562	-0.861392	7.509639	6.863909	8.390230	0.912832	0.636543	0.536957	0.825729	5.243191	-5.588601	-3.153969	0.169865	-12.399601	-13.700476	-6.283226	-2.774416	-5.362590	7.571912	-10.661652
64	4	10	6.584112	-0.902156	-3.153000	-4.033061	-12.259334	10.350338	6.500439	8.420300	7.570820	-0.161783	0.070341	-2.448930	-11.172664	-3.308169	1.109755	6.561828	4.301203	3.033999	11.665821	6.633214	2.599057	4.875096	-0.898013	3.845582
64	4	38	6.662719	-0.758339	-11.160714	-4.033009	-12.221976	10.349854	6.500439	8.420300	7.570820	-0.162413	0.069828	-2.192886	8.833889	2.683894	-2.298664	-5.528411	-4.308492	-5.819203	-12.004772	-21.403757	-8.305423	-6.999564	5.455937	-3.445643
64	4	37	2.386330	-5.139261	5.530972	-9.128227	-18.220420	10.351088	6.500439	8.420300	7.570820	3.274178	6.509316	-10.482258	-23.916843	-10.249785	5.996278	6.561857	4.982164	10.591445	12.120841	6.633750	2.599057	4.875096	-0.898013	6.313860
64	4	15	-7.014630	5.474423	-11.160714	6.951247	4.976838	-15.345588	-5.154524	-7.695532	7.570820	-0.162413	0.069828	3.498243	9.217640	6.585314	-2.298664	-10.008103	-9.009829	-8.922276	-16.903056	-26.798502	-8.305423	-6.999564	5.455937	-3.445643
65	3	30	0.617671	-0.803171	5.324141	-11.697979	-13.562638	11.698218	7.662508	7.484078	7.551668	7.616600	6.474514	-5.521757	-23.261597	-9.794681	6.323658	7.970670	5.405805	10.611161	10.672377	9.960230	6.258677	6.965958	2.616697	6.538266
65	3	51	6.684629	0.978892	-12.688679	-6.427968	-9.898845	11.656708	7.662508	7.484078	7.551668	1.478700	1.010537	2.069248	8.837827	6.112321	-4.649962	-3.808992	-10.430946	-2.951244	-19.454544	-12.286155	-4.728893	-2.742935	5.207627	-6.546328
65	3	19	-8.961457	6.019391	-12.688969	5.321133	6.854449	-14.768575	-0.171100	-7.512364	7.551668	1.478700	1.010537	7.560094	8.873843	6.768023	-4.649962	-6.629732	-12.142273	-4.723505	-19.666700	-15.563120	-4.728626	-2.763023	5.207764	-6.546501
66	4	29	-6.919323	1.582397	6.931697	1.180035	-0.424319	-8.624116	0.233294	-4.504330	5.148106	6.392406	6.216765	-0.266149	-17.218531	-12.606590	5.460457	6.410243	5.220800	8.670504	7.074283	5.734074	7.883305	7.215121	1.548760	4.486570
66	4	61	-6.766700	6.657369	-6.596398	6.109354	4.455569	-19.985474	-4.829424	-13.425980	5.148106	0.470424	1.460059	7.094102	12.609353	6.462967	0.315051	-3.988442	-11.752206	-16.234750	-20.751443	-27.776882	1.290480	-4.391469	6.137433	-8.814069
66	4	4	7.249092	0.572149	-6.596398	-5.180845	-13.780159	9.140659	7.021866	3.052271	5.148106	0.470424	1.460059	5.159759	12.603717	6.462967	0.315051	-2.733639	-10.676567	-16.234750	-19.900496	-27.763377	1.290489	-4.391469	6.137433	-8.814068
66	4	6	0.789590	-4.484680	6.931697	-6.130016	-14.627553	9.141308	7.021866	3.052271	5.148106	6.392406	6.216765	-2.170872	-20.714393	-13.782523	5.460457	6.829277	5.649711	9.913439	7.221207	5.750201	7.884509	7.215121	1.548760	4.486571
67	6	29	-8.070259	2.760955	-17.600808	4.585504	7.770276	-14.224881	-5.776766	-7.379583	7.472728	2.038973	2.858850	5.081048	10.539095	7.584415	-9.348189	-11.438674	-9.011187	-13.222567	-13.323567	-27.917274	-8.588206	-1.696658	6.947891	-9.758723
67	6	33	-1.944763	2.706809	-17.600808	-0.956722	2.145350	-11.856074	-5.724360	-7.344563	7.472728	2.038973	2.858851	5.079482	10.539095	7.584410	-9.348189	-11.438752	-9.010531	-13.220800	-13.322557	-27.917279	-8.588206	-1.696658	6.947891	-9.758723
67	6	8	-2.548862	-2.855992	6.588061	-10.458455	-10.373058	9.674896	6.938149	6.585761	7.472728	6.655264	8.389436	-12.891673	-17.709519	-7.445717	2.196746	5.716354	7.925711	9.873460	9.982283	5.416790	3.811735	6.216109	1.074580	4.171740
67	6	21	3.765148	-2.707704	-17.600808	-7.556141	-7.542542	9.655432	6.938149	6.585183	7.472728	2.038973	2.858850	-0.012450	8.334465	2.697156	-9.348189	-7.166518	-4.515983	-7.020000	-9.661407	-21.222698	-8.588206	-1.696658	6.947891	-9.758723
67	6	2	3.765148	-2.707704	-11.421023	-7.556489	-7.542542	9.655432	6.938149	6.585183	7.472728	2.038973	2.858850	-0.012450	-10.067164	-2.919409	-9.348189	5.662713	7.807699	1.786546	8.823628	4.828619	3.811735	6.216109	1.074580	-2.410243
67	6	7	-6.703621	-2.832370	6.588061	-0.632649	-3.330277	-4.627275	0.799881	-4.433951	7.472728	6.655264	8.389436	-8.169886	-17.709519	-7.445717	2.196746	5.716354	7.925709	9.871397	9.979945	5.416790	3.811735	6.216109	1.074580	4.171740
68	3	77	-8.043133	6.722316	-12.161302	8.963397	6.684130	-15.322951	-5.015777	-7.712048	9.700368	3.761537	4.113838	-0.024601	-3.211074	3.404543	-0.769332	3.928079	4.116910	0.105400	-4.329067	0.530686	0.268660	2.526066	8.613159	-10.539755
68	3	22	6.780154	1.653723	-6.715629	-1.972220	-6.525545	9.366009	7.157695	5.285100	9.700368	3.761537	4.113838	-6.622790	-4.582375	1.251851	-0.769331	5.609025	5.716934	3.907252	4.056605	6.652790	4.439969	5.882397	3.881762	0.591921
68	3	1	2.206760	-2.625466	5.263502	-8.237165	-10.804794	10.181302	7.157695	5.285100	9.700368	9.169020	6.816259	-13.244227	-18.231177	-6.981938	5.679167	7.638756	7.089059	9.981805	10.633884	10.179883	4.541935	5.882428	3.881740	4.031772
69	4	69	5.001891	4.430279	-10.511721	-6.797077	-13.178332	6.634634	8.115779	8.860844	0.953074	-1.317452	1.791039	0.398065	-9.097021	-5.816280	-7.413796	4.828030	5.824119	2.357289	9.117061	8.830122	5.212496	7.055691	1.349011	0.922842
69	4	21	5.001891	4.430279	-19.112216	-6.797077	-13.178331	6.634634	8.115779	8.860844	0.953074	-1.317452	1.791039	0.401155	6.426542	0.626388	-7.413810	-5.623510	-1.632674	-4.237366	-8.502054	-4.642441	-4.663446	-3.742870	6.844720	-11.264404
69	4	7	-4.738794	8.576224	-10.511721	5.738495	3.024329	-7.444241	3.207268	6.665004	0.953074	-1.317452	1.791039	0.398065	-9.097021	-5.816280	-7.413796	4.828030	5.824119	2.357289	9.117061	8.830122	5.212496	7.055691	1.349011	0.922842
69	4	3	-4.738795	8.576224	-19.112216	5.738495	3.024330	-7.444243	3.207267	6.665004	0.953074	-1.317452	1.791039	0.401155	6.426542	0.626388	-7.413810	-5.623510	-1.632674	-4.237373	-8.501805	-4.642446	-4.663446	-3.742870	6.844720	-11.263166
70	2	94	-9.594918	5.644756	-17.764305	8.297279	7.716418	-22.832871	-7.321751	-10.873767	7.455243	-1.883048	1.520973	6.364907	7.491083	6.535251	-2.933166	-9.731725	-8.111704	-11.220270	-19.935681	-19.701574	-0.531443	1.300267	7.542067	-10.732764
70	2	6	-11.733283	0.336745	3.240800	2.700529	3.051503	-17.372437	-7.320196	-10.872272	7.455243	4.553534	7.298845	-5.880493	-18.711383	-14.614288	6.918479	6.254674	7.486881	11.204590	11.058708	9.310158	5.372803	9.747418	3.094199	2.419005
71	5	57	-7.605373	7.804117	-9.056702	6.597353	7.214446	-15.564281	-3.812494	-4.316986	3.062060	-4.076170	2.371218	5.495431	12.268509	8.062960	-2.486426	-8.948104	-12.897795	-13.301527	-17.987653	-11.428314	-1.481796	-4.596555	6.538180	-9.993269
71	5	24	-11.594238	1.592918	6.051253	5.639554	0.628921	-7.313713	-2.587911	-4.312378	3.062060	2.082724	6.408319	-1.042084	-23.372795	-8.705907	4.552463	7.966102	2.548849	7.673335	11.114919	9.723395	6.975168	7.138119	4.386605	3.597674
71	5	5	7.094079	1.895869	-9.053209	-3.594337	-9.651690	10.113275	4.606755	5.989866	3.062060	-4.076170	2.371218	-0.183207	6.391745	5.445005	-2.486426	-4.194452	-10.229507	-7.551374	-8.411248	-9.962260	-1.142640	-4.495026	6.537966	-9.761429
71	5	6	-2.855578	1.369261	6.051364	0.956008	-6.895145	10.326633	4.606613	5.989863	3.062060	2.082724	6.408319	-6.720722	-24.035255	-8.710556	4.552463	7.968819	5.402685	7.702938	11.117582	11.209091	6.975170	7.138480	4.386466	3.597711
71	5	8	1.536172	-0.545937	6.051364	-0.590221	-13.384831	10.833003	4.606758	5.989866	3.062060	2.082724	6.408319	-6.720722	-24.033102	-8.710556	4.552463	7.968819	5.402685	7.702938	11.117582	11.209091	6.975170	7.138480	4.386466	3.597711
72	5	84	-8.129282	9.305276	-11.805438	6.874281	5.596619	-10.083794	-0.857325	-13.649809	7.504493	-0.208620	-1.014306	7.243760	9.147500	6.416050	-3.289849	-9.078143	-6.750880	-8.202864	-18.909516	-23.469660	-7.804255	-1.749948	5.704438	-5.102492
72	5	6	-13.693970	3.191426	2.076288	1.446589	3.378761	-6.719390	-0.775674	-13.641220	7.504493	4.852221	4.755726	4.214139	-10.839698	-6.689061	5.051209	1.933744	2.963130	3.439870	1.380104	4.626245	3.485409	4.765982	-0.751286	7.650714
72	5	8	8.440098	5.431464	-11.805438	-5.387301	-7.950559	4.998324	8.030865	4.471419	7.504493	-0.208620	-1.014306	0.910298	9.141060	3.968073	-3.289849	-4.372610	-4.954479	-1.999870	-12.389826	-22.032863	-7.804255	-1.749852	5.704438	-5.102492
72	5	1	-3.207607	3.190864	2.076294	-4.294119	-3.173809	2.834701	6.940712	-1.868023	7.504493	4.852222	4.755726	3.912618	-10.981625	-6.690001	5.051211	2.144818	2.963222	3.453329	1.486604	4.632034	3.494447	4.775092	-0.755759	7.651380
72	5	1	2.806968	-0.679722	2.076364	-10.770928	-9.518217	8.682813	8.030865	4.471419	7.504493	4.852239	4.755730	-2.119327	-13.174072	-13.098480	5.051232	6.511415	6.458910	9.648385	5.926728	10.640320	3.514910	4.936888	-0.813766	7.652811
73	3	10	2.485466	-4.276405	8.624043	-9.922901	-9.744270	10.753945	6.628224	7.853279	6.561226	6.629000	7.175960	-10.788092	-21.867167	-16.782484	8.109553	6.683542	7.811630	8.838688	7.211069	9.225695	7.424503	5.377078	0.024134	6.238935
73	3	10	0.189410	-1.226933	8.624043	-3.675003	-3.430565	-3.530197	0.919543	-3.968122	6.561226	6.629000	7.175960	-5.892844	-21.717748	-16.782483	8.109553	6.677147	7.795848	8.838659	7.211068	9.225695	7.424503	5.377078	0.024134	6.238935
73	3	80	-14.280874	2.150845	8.624043	0.536280	7.070660	-10.973258	-4.817844	-10.393510	6.561226	6.629000	7.175960	-5.875704	-21.718639	-16.782483	8.109553	6.677068	7.795654	8.838659	7.211068	9.225695	7.424503	5.377078	0.024134	6.238935
74	6	18	6.967784	3.561986	-17.960707	-5.485999	-16.073023	8.524003	6.424961	5.536299	7.540359	0.875470	0.128362	0.277825	5.393468	2.484144	-3.440707	-3.941551	-6.066723	-7.820747	-20.641185	-13.810682	-3.171915	-4.273704	9.253704	-9.901601
74	6	31	1.371634	3.747344	-17.960707	0.538674	-7.195715	-2.453528	0.700713	-7.283141	7.540359	0.875470	0.128362	3.417289	11.334531	5.117404	-3.440707	-8.450866	-11.212247	-10.804596	-26.463512	-20.871751	-3.171915	-4.273706	9.253704	-9.901601
74	6	25	-5.774859	7.454160	-17.960707	6.159714	2.157508	-14.875524	-5.372853	-12.474713	7.540359	0.875470	0.128362	3.418947	11.334540	5.117651	-3.440707	-8.452342	-11.212294	-10.807207	-26.466219	-20.871760	-3.171915	-4.273706	9.253704	-9.901601
74	6	18	6.967784	3.558007	-7.804662	-5.485999	-16.073023	8.532767	6.424961	5.536299	7.540359	1.156711	0.128397	0.277743	-8.134516	-4.061332	-3.435982	7.052832	5.807520	1.878955	4.848418	8.386820	5.573595	7.190994	3.370678	1.651854
74	6	4	4.112749	-0.026932	5.059266	-11.635495	-19.528745	9.375980	6.424961	5.536299	7.540359	7.073052	6.265984	-9.335633	-19.872458	-20.258095	7.468842	7.573663	5.828191	9.608676	4.903641	9.571817	5.573595	7.191007	3.370678	6.285705
74	6	4	-1.050578	2.002425	5.059266	-1.058320	-8.440554	-1.124911	0.701367	-7.283104	7.540359	7.073052	6.265984	-6.196169	-19.872458	-20.256341	7.468842	7.573586	5.828191	9.608658	4.903641	9.571817	5.573595	7.191007	3.370678	6.285705
75	5	8	-5.706857	1.411459	4.612303	-0.297912	-6.411796	3.384220	0.861841	-4.441285	7.697383	5.865157	4.914629	-0.393139	-17.662535	-7.172418	2.641073	5.636433	6.222072	7.282467	10.015087	11.734112	6.825148	5.887415	3.611267	6.042551
75	5	19	6.482984	-0.012401	-16.449799	-6.734823	-9.247890	11.125251	6.873287	5.993470	7.697383	2.046122	-0.481689	0.993484	6.509939	4.582092	-5.278674	-3.586161	-4.803754	-9.142368	-19.881325	-14.476700	-4.447131	-7.106264	6.845854	-9.014788
75	5	70	-11.730903	6.518364	-16.449799	5.590232	7.586177	-9.558080	-4.174264	-7.104104	7.697383	2.046122	-0.481689	6.345907	8.665476	5.896774	-5.278674	-9.492073	-11.448458	-14.846546	-24.689381	-19.713757	-4.447131	-7.106264	6.845854	-9.014788
75	5	2	-12.144238	1.411464	4.612303	1.244207	-0.363545	-2.535180	0.634194	-6.904192	7.697383	5.865157	4.914629	-0.393139	-17.662535	-7.172418	2.641073	5.636433	6.222072	7.282467	10.015087	11.734112	6.825148	5.887415	3.611266	6.042551
75	5	1	0.918619	-0.781877	4.612303	-7.156826	-14.674508	11.533385	6.873287	5.993673	7.697383	5.865157	4.914629	-5.745562	-18.062737	-7.188184	2.641073	5.640516	6.258181	7.284830	10.028419	11.737190	6.825148	5.887415	3.611266	6.042551
76	2	99	-8.574978	6.608466	-7.977088	7.216563	7.252032	-15.086956	-4.411811	-10.667070	7.490984	4.501676	-2.788986	6.626240	10.454237	6.015278	0.700437	-8.872729	-10.761556	-15.060197	-22.086118	-22.687909	-6.454773	-7.952723	8.234821	-4.013868
76	2	1	4.108675	-1.476090	6.179526	-9.941127	-15.466614	8.632896	7.614531	3.415591	7.490984	6.880434	2.864436	-3.594790	-20.560391	-15.755631	7.177671	7.181912	5.544488	2.010561	6.997230	7.699043	5.294552	4.933077	3.877010	7.585746
77	6	58	3.529322	4.170889	-8.929375	0.699770	1.127158	-18.006024	-3.193653	-7.984571	7.564853	-0.885615	-4.207627	6.837095	8.752840	6.401712	-1.316702	-5.029766	-11.500311	-11.634886	-22.075165	-22.284833	-1.650524	-3.806704	6.535766	-4.593069
77	6	6	7.523225	4.170883	-8.929375	-5.921150	-5.706923	5.153550	8.479835	4.829101	7.564853	-0.885615	-4.207627	3.680194	8.751883	6.400453	-1.316702	-5.029766	-11.470509	-11.437918	-21.759934	-22.206822	-1.650524	-3.806708	6.535766	-4.593069
77	6	12	2.416831	1.044675	4.794041	-11.025553	-9.909938	8.374957	8.479840	4.829110	7.564853	5.010369	2.057829	-2.891742	-21.239597	-14.858638	6.047786	7.704409	5.630149	6.119798	10.058980	10.423918	6.716760	8.210531	3.139514	4.754898
77	6	3	-1.449030	8.634134	-8.929375	5.346080	6.091497	-21.216611	-3.368809	-9.633710	7.564853	-0.885615	-4.207627	6.837095	8.752840	6.401712	-1.316702	-5.029766	-11.500311	-11.634886	-22.075165	-22.284833	-1.650524	-3.806714	6.535766	-4.593069
77	6	16	-0.804556	5.397861	4.794041	-1.760816	-1.235266	-13.794342	1.999507	-4.513487	7.564853	5.010369	2.057829	0.265159	-21.171683	-10.745088	6.047786	7.423777	5.582257	6.113823	9.939882	10.267602	6.716760	8.210502	3.139514	4.754898
77	6	5	-3.145042	5.515831	4.794041	1.999989	1.151230	-20.731807	-3.204324	-8.029260	7.564853	5.010369	2.057829	0.265160	-21.171683	-10.745087	6.047786	7.423777	5.582257	6.113823	9.939881	10.267602	6.716760	8.210502	3.139514	4.754898
78	4	60	-4.277531	6.899022	-9.986208	7.427160	5.503905	-16.871782	-6.938260	-14.471458	7.807525	-1.181749	0.439416	4.833598	10.120136	3.582186	-7.329329	-7.948365	-3.109283	-19.686664	-17.238140	-19.797498	-5.276343	-6.519131	3.976641	-5.964537
78	4	13	7.227160	1.544846	-9.986208	-0.815050	-7.170623	10.418140	5.164145	4.288771	7.807525	-1.181749	0.439416	2.040001	10.119595	3.473449	-7.329329	-6.192196	-2.990575	-16.691915	-13.652534	-17.796453	-5.276343	-6.519131	3.976641	-5.964537
78	4	17	-6.389389	0.895877	4.767150	3.825925	-0.966242	-7.855977	-0.902488	-12.471579	7.807525	5.252754	6.057136	-3.244967	-9.510701	-12.987445	3.297453	7.417620	6.477993	8.011995	10.766478	9.700342	6.080223	5.627026	-1.540335	6.224912
78	4	10	1.560801	-4.461648	4.767150	-4.423331	-13.432262	10.909212	5.164145	4.288771	7.807525	5.252754	6.057136	-6.038500	-9.510807	-12.987464	3.297453	7.418471	6.479550	8.013570	10.766612	9.735172	6.080223	5.627026	-1.540335	6.224912
79	6	13	7.621469	2.847871	-15.487293	-5.879374	-9.072835	9.010889	7.327782	7.467484	8.882658	-0.564016	0.462175	3.034261	10.164666	3.692686	-5.630873	-8.095538	-8.642233	-10.866804	-18.839201	-17.060706	-6.156738	-2.913450	8.417120	-8.662280
79	6	49	-8.916207	6.378919	-15.487283	5.867869	6.512165	-18.232574	-5.435216	-9.188115	8.882658	-0.564016	0.462175	8.687707	10.166680	3.711101	-5.630873	-8.096041	-12.010719	-14.017084	-18.954489	-19.632162	-6.156739	-2.915606	8.417120	-8.662280
79	6	22	2.271662	-1.388296	7.644413	-10.596404	-13.952148	9.064451	7.327792	7.472041	8.882658	3.967405	6.209659	-3.427818	-25.034801	-15.942461	5.359461	7.634092	7.174675	9.461439	10.779249	10.216110	5.922102	6.655550	2.690687	6.156917
79	6	5	-8.926968	1.055730	7.644399	1.116069	1.575137	-11.755928	-2.912017	-6.761906	8.882658	3.967405	6.209659	2.225629	-14.105922	-10.479679	5.359461	1.406341	5.737409	8.133092	3.814392	6.974467	5.921485	6.602108	2.691056	6.156892
79	6	5	-2.286395	0.671001	7.644413	1.115089	1.573175	-3.281294	3.433614	4.869437	8.882658	3.967405	6.209659	-3.399831	-25.034763	-15.917627	5.359461	7.631492	7.174635	9.460539	10.779249	10.216050	5.922102	6.655550	2.690687	6.156917
79	6	6	3.140432	3.556417	-15.487209	-0.571299	2.393626	-4.205275	2.274970	3.329099	8.882658	-0.564016	0.462175	5.287756	10.166676	3.710293	-5.630873	-8.096022	-11.448052	-12.488439	-18.954440	-19.321629	-6.156739	-2.915501	8.417120	-8.662280
80	2	4	0.391552	3.995830	-12.300294	2.758922	-5.804985	6.468047	2.597785	2.605322	7.754284	1.509652	2.745358	-1.045389	-3.898889	1.004676	0.981639	6.155330	3.351052	1.694289	8.112086	3.038857	7.129204	4.899506	7.097146	-5.048631
80	2	96	-5.599778	6.031925	-12.301238	9.302587	6.942419	-16.702646	-8.448605	-13.616322	7.754284	1.509652	2.745358	2.982122	9.432529	5.413811	0.981635	-7.162359	-6.436196	-8.593903	-20.109943	-23.616030	-5.681090	-4.982739	8.756181	-9.940091
81	5	35	-10.343462	7.175903	-11.491510	6.310890	6.615815	-16.447812	-6.809661	-8.077810	6.437071	1.769114	-2.795827	5.873402	10.833968	6.376275	-7.285987	-10.514602	-8.712143	-17.393530	-25.495147	-18.104652	-4.005484	-1.720067	6.796053	-10.461035
81	5	20	5.766659	4.537117	-11.491511	-4.104710	-8.614911	5.534438	4.990977	6.719583	6.437071	1.769114	-2.795827	1.560033	8.582027	5.829979	-7.285987	-10.176676	-8.710143	-14.260150	-21.536825	-18.094119	-4.005385	-1.720067	6.796053	-10.461035
81	5	14	-12.626681	1.008980	7.227665	4.278841	0.630348	-7.818623	-3.040338	-7.612433	6.437071	6.252730	2.468150	1.436784	-6.881391	-10.265612	3.906081	2.344052	1.001638	1.443654	5.010399	5.474642	6.513104	7.738389	0.813212	7.347480
81	5	28	0.594839	-0.621579	7.227665	-6.042037	-12.225107	10.637499	4.990977	6.719583	6.437071	6.252730	2.468150	-2.876586	-15.991877	-12.156425	3.906081	6.560070	7.211559	2.330357	9.136181	10.364989	6.528081	7.738400	0.813206	7.347480
81	5	3	4.903636	4.540329	-11.491511	1.392436	-0.434156	-2.299085	4.803722	5.336550	6.437071	1.769114	-2.795827	1.563222	8.596526	5.831799	-7.285987	-10.179302	-8.710160	-14.261719	-21.545287	-18.094214	-4.005385	-1.720067	6.796053	-10.461035
82	1	100	7.156404	3.889965	-7.429481	-0.541333	-5.109359	7.026283	7.038470	6.668193	7.390667	2.811271	1.345490	-0.280329	6.148667	6.288288	-3.889885	-5.390647	-3.495692	-8.351160	-11.019556	-20.002728	-4.997358	-7.861505	7.062001	-9.272046
83	4	68	-6.770835	6.344550	-11.092461	7.202330	6.632631	-19.997049	-5.142650	-9.580161	4.378268	1.340810	0.867115	6.942675	10.565749	6.396392	-4.925028	-9.327632	-12.345256	-16.767873	-19.239177	-21.922683	-3.652272	-6.180799	6.099513	-9.972643
83	4	24	-12.801108	2.088446	4.685376	1.265255	2.493630	-15.340870	-5.001318	-9.472912	4.378268	4.974818	6.599055	-1.411726	-22.983706	-10.514622	7.292167	7.130800	4.704070	9.884734	11.307046	10.058112	7.967904	6.291315	2.753797	5.908300
83	4	4	0.559784	-3.112503	4.685376	-7.847504	-14.439073	8.735148	6.251855	6.594358	4.378268	4.974818	6.599055	-4.717655	-24.071752	-13.990082	7.292167	7.130873	5.345295	9.904344	11.362173	10.058466	7.967936	6.291315	2.753797	5.908300
83	4	4	6.713475	1.203425	-11.092461	-4.338396	-10.713863	8.495300	6.251845	6.594358	4.378268	1.340810	0.867115	3.636699	10.482826	6.396392	-4.925028	-9.297523	-11.217541	-16.552776	-19.197510	-21.533612	-3.652258	-6.180818	6.099513	-9.972643
84	5	16	1.414065	-5.248676	8.631744	-8.020269	-17.726749	10.386626	7.469992	6.023593	8.653200	6.414688	5.835057	-11.807643	-19.761874	-14.531284	6.965761	6.911687	8.791181	9.977439	8.835766	10.075205	6.365159	6.764395	-1.096676	5.651944
84	5	42	-12.129315	4.588759	-7.896825	8.510610	3.954339	-13.882571	-4.580282	-13.230260	8.653200	0.480445	-0.696304	5.950161	9.834807	6.917985	-3.194066	-9.045062	-7.129088	-12.657826	-24.006592	-23.914453	-5.767546	-1.620638	4.354592	-2.038816
84	5	36	-7.681790	-1.112079	8.631744	2.531512	-1.514346	-8.508263	1.049240	-11.698142	8.653200	6.414688	5.835057	-6.258019	-19.761872	-14.531284	6.965761	6.911687	8.791181	9.971215	8.835766	10.065653	6.365150	6.764395	-1.096676	5.651944
84	5	2	6.634790	-1.304349	-7.896945	-2.390509	-14.481590	10.349300	7.469992	6.023593	8.653200	0.480445	-0.696304	0.400537	6.933769	1.681520	-3.194066	-2.676603	-1.103016	-10.283864	-21.799180	-18.716193	-5.767352	-1.620605	4.354592	-2.038816
84	5	4	6.634730	-1.304349	-4.598204	-2.390509	-14.481590	10.349300	7.469992	6.023593	8.653200	0.485135	-0.696303	0.398493	-6.979264	-4.348014	-3.186050	6.548450	8.301013	-1.166438	0.973121	6.973425	5.819062	6.560281	-1.095177	1.289551
85	2	93	8.252612	-1.034700	-15.574311	-7.108525	-6.896088	9.799695	5.824203	5.866692	4.953370	-4.777511	1.738664	7.337461	4.424648	6.815545	0.867703	-8.572486	-11.878515	-19.124592	-26.802496	-24.566857	-7.648612	-5.922668	7.452996	-1.167632
85	2	7	-2.548089	3.096267	-15.574311	4.282669	2.628540	-10.838311	-3.369841	-11.272789	4.953370	-4.777511	1.738664	9.009767	4.424650	6.831820	0.867703	-8.572704	-11.878638	-19.155516	-26.805697	-24.566858	-7.648612	-5.922668	7.452996	-1.167632
86	5	20	-4.993319	6.723641	-12.983760	8.055013	6.748134	-14.696958	-6.668105	-4.770166	6.377699	-0.080940	2.667768	9.625282	8.688072	6.347401	-0.000755	-13.844069	-10.639442	-11.470149	-21.025111	-20.088346	-5.249523	-3.147493	9.666887	-6.398580
86	5	8	2.874870	-1.915232	8.365043	-3.581149	-9.327237	9.453265	6.239516	7.920292	6.377699	6.361326	6.410122	-3.452500	-19.758987	-18.056974	6.446143	4.884850	6.339828	10.294003	9.801024	10.669609	3.616986	7.586623	4.437748	6.943316
86	5	50	4.727097	1.524841	-12.983760	2.131935	0.634401	-8.982030	-5.334761	-1.418518	6.377699	-0.080940	2.667768	9.625124	8.688072	6.347401	-0.000755	-13.844068	-10.639442	-11.470149	-21.025111	-20.088335	-5.249523	-3.147493	9.666887	-6.398580
86	5	19	-10.412749	3.283560	8.364871	7.713645	4.868972	-13.669044	-6.668026	-4.767556	6.377699	6.361326	6.410122	2.798772	-10.269946	-12.041455	6.446143	1.877171	2.511951	9.575758	3.330106	7.631820	3.591883	7.511875	4.441387	6.927317
86	5	3	8.296663	1.524841	-12.983760	-2.911595	-5.694473	6.139009	6.142853	7.920264	6.377699	-0.080940	2.667768	3.374023	8.688003	6.313944	-0.000755	-12.193854	-8.940519	-11.470134	-21.024336	-17.512967	-5.249523	-3.147493	9.666887	-6.398580
87	4	57	-9.592348	5.213886	6.271448	2.068832	4.759937	-14.675375	-5.698206	-4.594890	4.476359	6.271393	7.427806	-7.123219	-19.854264	-8.894576	4.890700	6.961497	6.627460	9.895763	10.370827	8.301698	6.926627	6.062344	0.946177	7.619345
87	4	10	2.649591	-0.887953	6.271448	-5.808539	-12.957921	6.965724	4.881080	7.984814	4.476359	6.271393	7.427806	-10.177732	-19.896187	-8.894576	4.890700	6.963323	6.627460	9.895769	10.370827	8.301700	6.926627	6.062344	0.946177	7.619345
87	4	26	-10.290694	7.420363	-8.541780	8.361621	7.647184	-14.733027	-5.698372	-4.629473	4.476359	0.545080	1.279313	4.401596	6.325613	7.156265	-6.906787	-11.994625	-9.432069	-14.141401	-19.770516	-22.550033	-1.482189	-4.959486	5.339122	-7.817636
87	4	7	5.224406	1.309797	-8.541780	0.432249	-6.285287	6.782710	4.881080	7.658594	4.476359	0.545080	1.279313	1.350390	5.669018	5.118778	-6.906787	-11.566580	-5.071006	-13.594713	-15.143257	-21.325924	-1.482189	-4.959486	5.339122	-7.817636
88	6	24	4.703630	-1.000653	-11.373250	-3.873216	-4.434719	10.602733	7.786555	5.468876	2.995512	-3.860123	-1.006380	-0.122883	5.760938	4.961125	-5.314822	-0.705540	-9.317963	-10.224419	-18.760875	-12.149510	-5.552524	-3.404416	6.293650	-12.171219
88	6	32	-8.379927	4.858442	-11.373250	6.230728	6.570281	-11.299788	-1.427352	-11.063744	2.995512	-3.860145	-1.006380	6.474478	11.144440	7.891645	-5.314822	-6.099438	-10.375607	-11.639853	-25.772515	-19.606259	-5.552926	-3.404416	6.293650	-12.171219
88	6	18	-5.595302	4.858442	-11.373250	6.080653	6.568947	-3.520136	4.666415	0.351799	2.995512	-3.860126	-1.006380	2.449460	11.061661	7.623400	-5.314822	-3.425268	-10.353596	-11.262910	-25.730623	-16.507421	-5.552926	-3.404416	6.293650	-12.171219
88	6	11	-1.782493	-1.681010	4.495676	-6.458717	-7.726436	11.456206	7.853959	5.468894	2.995512	2.701454	4.515150	-1.472469	-19.040066	-8.841833	1.633708	8.214596	2.520728	7.089636	10.209631	10.341644	5.512629	6.776143	3.120527	6.428453
88	6	5	4.703615	-1.000653	-9.456744	-3.873212	-4.434719	10.602733	7.786555	5.468876	2.995512	-3.858691	-1.006380	-0.122883	-6.522726	-1.653970	-5.314654	7.637517	0.824344	-2.814871	6.923174	3.710291	5.510203	6.774895	3.121333	-0.189759
88	6	10	-5.241358	4.858442	-11.373251	4.836600	1.107296	2.860740	6.329121	1.147577	2.995512	-3.860195	-1.006380	0.528782	7.604755	5.952604	-5.314822	-1.607023	-9.970984	-10.563904	-20.202089	-14.201468	-5.552780	-3.404416	6.293650	-12.171219
89	4	36	-7.580948	7.160264	-11.931401	7.371558	7.982259	-15.813908	-4.687345	-12.144299	6.705454	-0.287537	1.057241	6.459018	10.778893	1.933213	-3.215408	-8.734382	-4.906190	-7.149375	-18.090102	-18.436961	-4.452418	-6.741995	5.298068	-1.617179
89	4	57	-13.837827	0.772240	6.357641	2.718956	2.680708	-13.121022	-4.681314	-10.854072	6.705454	6.155306	7.507562	-2.576811	-17.919978	-14.247888	5.146060	7.013541	7.093976	12.946954	9.671052	9.451042	6.574862	5.732121	-1.312503	7.181961
89	4	5	-0.120171	0.017440	6.357641	-1.898249	-14.923823	9.212664	5.402499	3.805456	6.705454	6.155306	7.507562	-6.451506	-18.010144	-17.212797	5.146060	7.013542	7.152535	12.946955	9.741543	9.451045	6.574862	5.732121	-1.312503	7.181961
89	4	2	1.376598	5.625699	-11.931401	2.745771	-4.063734	6.801504	5.402457	3.798570	6.705454	-0.287537	1.057241	2.594440	10.660153	1.867998	-3.215408	-8.651211	-4.185547	-7.070458	-15.128760	-17.877234	-4.452418	-6.741995	5.298068	-1.617179
90	4	53	-11.121063	6.663588	-15.219723	5.952486	5.984161	-12.935309	-4.128404	-8.426123	3.144187	-5.512123	0.186525	6.596243	10.740050	6.657016	-8.067715	-5.541218	-5.041931	-17.456957	-23.917264	-11.041407	-6.020336	-4.405692	4.717482	-12.632845
90	4	24	7.270831	2.576923	-15.219723	-4.915628	-12.378291	9.544420	6.725096	8.053434	3.144187	-5.512123	0.186525	2.325614	10.740050	6.540106	-8.067715	-5.538653	-4.861512	-14.528679	-23.881476	-9.329668	-6.019753	-4.405692	4.717482	-12.632792
90	4	6	-4.295459	1.042128	2.252534	-0.003168	-2.020277	-6.630800	-4.041756	-3.338538	3.144187	0.561563	6.119072	-1.235055	-11.844569	-8.735372	4.639238	6.177006	7.390520	3.976661	9.754146	9.431838	6.653323	6.314275	2.318009	6.288915
90	4	17	3.187659	-3.040274	2.252534	-8.229557	-18.068211	9.692420	6.725096	8.053434	3.144187	0.561563	6.119072	-5.500386	-16.357627	-8.880636	4.639238	6.602318	7.391388	4.177448	9.755874	10.011036	6.653324	6.314275	2.318009	6.288915
91	5	15	-0.150449	3.840203	-15.506459	-1.088095	-7.422562	9.808858	5.652295	7.412648	7.681760	1.661448	3.011338	1.758780	11.531847	8.587607	-2.431814	-6.290381	-6.581477	-13.502737	-17.021442	-12.606969	-3.000272	-3.078881	6.877414	-7.906881
91	5	66	-7.137146	6.368865	-15.506459	8.178693	8.646336	-15.267665	-4.988323	-10.458977	7.681760	1.661448	3.011338	6.846057	11.741267	9.230876	-2.431814	-7.872069	-10.396760	-13.502738	-17.636304	-15.921499	-3.000272	-3.078881	6.877414	-7.906881
91	5	13	-13.378460	2.594727	4.374604	5.578376	6.018996	-12.280457	-4.988323	-10.458977	7.681760	6.314782	7.397420	-4.268527	-18.962384	-6.175770	3.854880	8.342348	6.863522	11.066735	9.980189	9.925848	7.131880	7.146075	2.813565	7.172983
91	5	2	4.445721	2.449514	-15.506459	-4.310817	-8.666454	10.541079	5.652295	7.412648	7.681760	1.661448	3.011338	1.758780	11.531847	8.587607	-2.431814	-6.290381	-6.581477	-13.502737	-17.021442	-12.606969	-3.000272	-3.078881	6.877414	-7.906881
91	5	4	-6.392361	2.594726	4.374604	-0.322320	-6.082028	10.446127	5.652294	7.412648	7.681760	6.314782	7.397420	-9.355805	-18.966634	-6.178428	3.854880	8.342352	6.864646	11.346989	9.980218	9.926268	7.131880	7.146075	2.813565	7.172983
92	4	29	8.657762	2.746243	-6.207372	-3.575866	-5.346228	5.670748	8.969756	8.991133	2.632409	-2.268077	0.542108	-0.884860	-3.369224	-1.362728	-6.436933	5.852277	1.194801	4.756827	7.913880	9.679438	6.482777	8.982542	1.688907	2.865795
92	4	50	-3.278019	6.951600	-16.412512	6.517550	6.472456	-10.838494	2.717890	2.789388	2.632409	-2.351992	0.542108	1.601879	9.520987	4.708616	-6.436933	-5.070375	-9.363035	-10.270129	-21.812280	-21.752933	-3.804042	1.159860	6.852244	-8.079753
92	4	11	8.656651	2.746268	-16.412511	-3.236214	-5.083354	5.670736	8.957423	8.991110	2.632409	-2.351992	0.542108	-0.863141	4.373389	1.747953	-6.436933	-3.833963	-6.809965	-4.030707	-18.163465	-18.829130	-3.804042	1.161242	6.852224	-8.079752
92	4	10	-9.665849	7.249851	-16.412512	6.522922	6.472715	-17.576445	-1.778164	-5.819985	2.632409	-2.351992	0.542108	4.789413	9.684689	5.815713	-6.436933	-9.391279	-9.447409	-10.266734	-26.398744	-21.755445	-3.804042	1.159745	6.852245	-8.079753
93	4	26	4.847414	-6.213503	2.295584	-4.841150	-14.903614	9.376296	9.334500	5.358307	3.899832	4.859798	6.186465	-9.239508	-24.791047	-15.666663	6.592829	5.342950	6.132604	10.573040	9.995906	9.515441	7.854118	7.687735	1.602935	8.395632
93	4	51	6.985213	-1.059593	-13.360289	-0.754474	-8.232893	9.352214	9.334482	5.353705	3.899832	-1.371367	0.032608	-1.800412	4.524977	1.408213	-5.571099	-6.938892	-6.259480	-1.193246	-13.870687	-10.436658	-3.788579	-4.039453	7.302750	-7.436045
93	4	16	6.985152	-1.059588	-6.700924	-0.754474	-8.232893	9.352214	9.334482	5.353705	3.899832	-1.362204	0.221351	-1.805363	-9.441695	-5.025214	-2.695402	5.339722	5.919338	6.584917	9.986526	9.502220	7.854093	7.687735	1.602935	2.817413
93	4	7	-1.166127	2.514755	-13.360289	2.311297	3.417337	-2.238895	5.174000	1.656000	3.899832	-1.371367	0.032608	2.741050	7.951197	7.523223	-5.571099	-10.657017	-12.389406	-7.901240	-21.199970	-23.231708	-3.848836	-4.039453	7.302750	-7.436045
94	5	10	-9.389380	6.748162	-7.526536	6.212569	8.446390	-17.534721	-4.378958	-6.059317	6.528526	-1.434879	3.327730	1.146450	2.136393	6.344152	-2.933532	-5.322896	-11.033942	-7.575347	-16.018153	-8.514233	-7.095305	-5.366365	5.047450	-8.750734
94	5	12	4.975351	0.280845	-4.106166	-3.392391	-3.479341	8.676081	7.381521	3.898527	6.528526	0.669644	4.761302	-4.344705	-12.330071	-3.581292	-0.887111	5.599500	5.141272	5.446239	10.462831	10.496359	4.755044	6.681541	0.583974	1.228757
94	5	39	-9.389898	6.742590	-4.106167	6.210837	8.445733	-17.525338	-4.378958	-6.059317	6.528526	0.669643	4.761302	0.353028	-6.904925	-0.510230	-0.887112	5.377224	-0.588855	5.095201	6.003615	8.900319	4.755042	6.680748	0.584082	1.228757
94	5	21	-10.728267	1.766900	4.735046	0.929526	2.763225	-12.475734	-4.275983	-6.024174	6.528526	3.722041	9.308531	-6.173498	-23.500069	-14.739655	6.881544	5.599502	5.358228	7.817921	10.467410	10.635421	4.755044	6.681541	0.583974	6.782719
94	5	18	3.978728	-4.547149	4.735046	-8.673702	-8.509588	9.063602	7.383360	3.953680	6.528526	3.722041	9.308531	-10.872899	-23.500069	-15.016662	6.881544	5.599502	5.358246	7.817921	10.467410	10.635433	4.755044	6.681541	0.583974	6.782719
95	5	34	-8.975403	7.179129	-15.225361	3.478433	2.610930	-17.376459	-6.494704	-6.782020	6.382925	-1.729734	4.996553	2.961793	11.030995	7.226851	-4.294095	-7.304613	-8.391607	-10.902517	-22.723290	-19.698738	-5.705517	-2.681428	5.157742	-0.982924
95	5	30	7.221470	4.171500	-15.225361	-7.238034	-13.528514	6.061637	6.243817	6.873461	6.382925	-1.729734	4.996553	-2.082573	4.531621	5.657619	-4.294095	-1.861918	-5.004420	-6.373557	-17.929957	-15.330012	-5.705517	-2.681429	5.157742	-0.982924
95	5	17	1.575817	-1.874380	6.672595	-10.646776	-17.809450	8.253765	6.243817	6.873461	6.382925	4.507706	8.076746	-10.810290	-20.195198	-6.883498	6.295517	5.970522	6.067736	7.112024	9.976983	9.163952	7.201728	7.289250	-1.410338	7.317405
95	5	13	-4.261258	0.775378	6.672595	-0.201453	-2.259323	-6.072979	-0.206572	-1.765134	6.382925	4.507706	8.076746	-5.772717	-20.195204	-6.883498	6.295517	5.970515	6.067736	7.112024	9.976983	9.163951	7.201728	7.289250	-1.410338	7.317405
95	5	6	-4.052162	0.621719	6.672595	-1.943946	-7.805385	0.471775	-0.184527	-1.713553	6.382925	4.507706	8.076746	-5.773219	-20.195190	-6.883498	6.295517	5.970515	6.067736	7.112024	9.976983	9.163951	7.201728	7.289250	-1.410338	7.317405
96	4	22	7.787547	1.453921	-12.600321	-5.167230	-9.342493	9.677591	7.776644	7.091510	6.237686	-4.330255	-2.853355	-2.114521	3.440885	5.450703	-2.426196	-1.422825	-1.590038	-10.268502	-16.686247	-12.364599	-6.815466	-5.118210	7.877273	-13.418849
96	4	7	2.314707	-3.837386	4.304217	-9.584567	-15.127057	9.746235	7.776644	7.091510	6.237686	-1.735762	3.483872	-6.485848	-11.095942	-9.621816	1.311473	8.984859	6.487564	2.933668	9.177989	11.538464	4.960345	5.649490	3.020495	5.219512
96	4	66	-10.816407	7.295083	-12.600321	6.066564	9.264386	-16.651359	-3.523458	-9.091381	6.237686	-4.330255	-2.853355	4.363543	11.474161	7.846207	-2.426196	-8.455508	-5.729939	-11.891863	-23.915017	-16.182835	-6.815467	-5.118218	7.877273	-13.418850
96	4	5	-12.334179	2.003713	4.304216	1.486346	2.049733	-12.369011	-3.523448	-9.070634	6.237686	-1.735762	3.483872	-0.007785	-10.737429	-5.649529	1.311473	8.974820	5.741128	0.586822	5.560599	11.514054	4.959058	5.649489	3.020497	5.219424
97	4	67	-9.856799	8.416760	-10.778542	8.179147	6.855352	-14.006035	-0.742735	-13.037429	6.882422	-1.535802	3.389034	6.484942	7.989456	5.544980	-2.389705	-14.289329	-9.666072	-11.864046	-16.761097	-24.411504	-3.667125	-2.930557	4.402887	-4.699191
97	4	10	-12.271707	3.425543	5.300709	3.730052	1.681415	-7.391046	-0.427586	-12.608289	6.882422	4.356447	8.152420	-0.026204	-18.477290	-7.024293	5.878834	4.772471	6.379254	8.688667	8.633586	8.689850	7.912214	6.879271	-1.739132	3.847946
97	4	16	0.282516	0.865478	5.300709	0.780277	-8.030672	10.093351	7.065759	4.397397	6.882422	4.356447	8.152420	-5.533827	-19.298663	-11.980390	5.878834	4.869596	6.386428	8.932144	8.684442	9.380420	7.913180	6.879282	-1.739132	3.847948
97	4	7	3.445868	3.015557	-10.778541	4.434054	-3.248921	8.437583	7.065752	4.397391	6.882422	-1.535802	3.389034	0.977319	7.011116	5.533677	-2.389705	-8.465611	-5.156609	-8.627869	-16.191902	-20.657280	-3.667078	-2.928729	4.402886	-4.699191
98	6	19	-14.027692	-2.556928	8.585722	2.898797	3.977222	-10.173776	-4.259180	-6.057765	8.905966	4.891629	6.409875	-0.729563	-23.828446	-10.033708	5.273009	6.065416	6.793530	10.021388	10.621511	10.671144	8.084924	6.506566	0.877973	1.544539
98	6	3	-0.604642	-4.871721	8.585722	-4.137252	-10.093349	6.648060	1.368781	0.354528	8.905966	4.891629	6.409875	-0.801181	-23.847724	-10.086135	5.273009	6.068549	6.803382	10.021587	10.626024	10.676257	8.084924	6.506566	0.877973	1.544539
98	6	45	-10.450303	3.278765	-9.381315	9.055623	7.780088	-17.130534	-4.551095	-6.058086	8.905966	-1.273561	3.333608	6.270151	6.870975	5.781618	-5.036779	-11.535967	-8.332116	-12.791284	-15.561212	-16.874018	-3.005734	-3.165211	3.558852	-10.086636
98	6	16	6.140046	-2.848174	-9.381320	-2.462824	-8.045795	8.961642	5.283671	6.495717	8.905966	-1.273561	3.333608	1.327396	5.775630	4.994879	-5.036779	-10.401675	-5.580791	-7.275533	-11.932767	-16.285952	-3.005734	-3.165209	3.558852	-10.086636
98	6	16	0.597457	-6.716344	8.585722	-4.649564	-12.984813	8.972851	5.283687	6.495717	8.905966	4.891629	6.409875	-5.672319	-24.384011	-13.534389	5.273009	6.077621	6.852948	10.022294	10.670039	10.727008	8.084924	6.506566	0.877973	1.544539
98	6	1	4.536489	-2.831644	-9.381320	-1.355517	-6.585470	6.616739	1.367891	0.353382	8.905966	-1.273561	3.333608	6.198644	6.870972	5.779818	-5.036779	-11.535931	-8.331969	-12.791149	-15.557399	-19.049308	-3.005734	-3.165211	3.558852	-10.086636
99	5	64	-7.592439	4.506493	4.436196	3.203451	2.838735	-16.068904	-1.370493	-4.125076	6.634258	5.055231	7.236324	-5.662987	-19.351428	-14.651050	6.685452	4.053219	7.067884	11.615378	9.809364	9.776913	6.776854	6.779268	1.463486	7.161972
99	5	13	-6.776248	9.357044	-13.611020	6.389873	6.753314	-17.454738	-3.678787	-6.595775	6.634258	-1.483860	1.014366	5.654767	8.015718	6.886863	-6.134751	-7.955789	-9.645800	-14.866209	-15.577075	-19.329050	-3.889449	-2.702464	5.573367	-4.002987
99	5	19	0.726232	1.335402	4.436196	-6.069731	-5.759299	9.612937	7.193757	5.773131	6.634258	5.055231	7.236324	-11.867930	-19.351546	-14.651050	6.685452	4.053221	7.067959	11.615822	9.936678	9.776913	6.776854	6.779268	1.463486	7.161972
99	5	3	6.526846	4.835122	-13.611020	-3.623107	-5.463312	4.095548	7.181412	5.767009	6.634258	-1.483860	1.014366	-0.550177	7.403513	5.083713	-6.134751	-2.486013	-3.374463	-9.012387	-13.514814	-9.492118	-3.886519	-2.702463	5.573367	-4.002987
99	5	1	5.007448	4.835436	-13.611020	1.142039	0.122078	-7.918411	5.487767	4.707944	6.634258	-1.483860	1.014366	-0.550075	7.403601	5.084030	-6.134751	-2.486030	-3.374544	-9.012460	-13.514875	-9.492199	-3.886519	-2.702463	5.573367	-4.002987
100	3	54	3.517640	-4.808606	4.147521	-10.034793	-13.092873	4.834171	7.141400	7.308116	4.836737	2.891341	4.709038	-5.784546	-17.204974	-14.618675	1.660751	7.985823	6.295118	8.865915	11.053206	9.692693	4.950255	5.779924	3.540410	4.928332
100	3	44	-7.218974	7.433765	-7.387773	5.609724	6.140400	-22.385791	-1.016690	-7.880412	4.836737	-1.041987	1.201042	5.156836	9.912013	7.824139	-4.925660	-7.067870	-9.026609	-12.510734	-25.348571	-25.650470	-6.492080	-5.763014	6.026958	-5.521505
100	3	2	6.894006	0.872173	-7.387773	-3.171632	-7.753348	4.491962	7.141400	7.308116	4.836737	-1.041987	1.201042	0.151734	9.890193	4.138254	-4.925660	-4.141110	-6.001617	-12.484660	-18.161981	-19.639964	-6.492080	-5.762763	6.026958	-5.521911
