1	4	44	6.365006	-12.037000	-19.260936	-14.923757	10.051589	-10.831821	-18.842992	-4.467996	-6.131536	-10.369649	-7.817653	10.611553	-4.213044	7.661670	-1.271507	-0.487192	4.942950	9.541943	6.030030	-4.550057	-5.617312	-6.032093	-14.039160	-22.427468	-19.325118	-3.361654	2.492077	5.723629	-7.227984
1	4	44	6.365006	-12.037000	-19.260936	-14.923809	10.051589	-10.831821	-19.845333	-7.780151	-6.132166	2.724894	-7.817653	10.611554	-4.213044	7.661670	4.353070	4.978832	-0.864095	-16.167263	-10.377915	6.864013	6.729691	6.306961	9.311755	7.916704	9.677923	7.624287	8.121288	2.444581	7.013736
1	4	9	-6.374997	5.884948	10.201851	4.338191	-14.107059	7.173660	4.275178	6.488158	6.080073	-10.369649	6.003225	-15.520998	7.645199	7.661670	-1.271507	-0.487192	4.942950	9.541943	6.030030	-4.550057	-5.617312	-6.032093	-14.039160	-22.427468	-19.325118	-3.361654	2.492077	5.723629	-7.227984
1	4	3	-6.354909	5.884843	10.199159	4.291269	-14.025275	7.173508	3.930285	3.176001	6.080073	2.724894	6.003223	-15.421926	7.645199	7.661670	4.353070	4.978832	-0.864095	-16.167263	-10.377916	6.864013	6.729691	6.306961	9.311755	7.916704	9.677923	7.624287	8.121288	2.444581	7.013736
2	4	53	-12.442592	5.231354	9.217044	6.202218	-14.384475	7.970848	6.435488	-0.870650	8.129786	5.265711	6.089565	-14.225570	8.780803	6.673460	6.406159	6.637771	-1.688713	-24.687943	-13.642279	7.022950	8.370936	5.598631	11.873073	11.770862	8.631956	6.616334	6.086101	2.292879	7.351062
2	4	36	5.684084	-7.995738	-15.500032	-11.216501	6.537793	-6.039232	-11.396548	-7.881335	-2.803788	5.265711	-9.030250	7.083201	-2.401704	6.673460	6.406159	6.637771	-1.688713	-24.687943	-13.642278	7.022950	8.370936	5.598631	11.873073	11.770862	8.631956	6.616334	6.086101	2.292879	7.351062
2	4	9	-12.445141	5.231354	9.224268	6.202218	-20.658121	7.970848	6.929228	5.100765	8.129786	-3.722229	6.089565	-16.891601	8.780803	6.673460	2.242255	0.013303	5.917272	7.873743	7.490189	-3.779376	-9.017539	-9.832544	-9.840467	-13.990418	-20.366050	-5.465073	-1.986775	5.695099	-3.677762
2	4	2	5.684084	-7.995738	-15.491410	-11.216501	6.534934	-6.039232	-8.615914	-1.909920	-2.803788	-3.722229	-9.030250	7.073838	-2.401704	6.673460	2.242255	0.013303	5.917272	7.873743	7.490189	-3.779375	-9.021177	-9.832544	-9.840467	-13.990418	-20.366050	-5.465073	-1.986775	5.695099	-3.677762
3	4	28	-9.499690	6.173732	10.063142	8.531614	-18.338240	6.187802	6.817199	7.468335	6.938710	-9.042220	6.562252	-20.764525	8.353996	8.523571	4.463481	2.418415	7.387413	9.785151	7.668962	2.849312	-5.881334	-7.710118	-11.319841	-21.971969	-18.113376	-1.615787	-7.376773	7.981401	-8.705731
3	4	25	7.179478	-7.962243	-17.004869	-9.191343	9.571627	-7.689735	-11.993164	-7.339204	-5.429264	6.651267	-4.345074	8.319904	-0.964261	8.523571	6.033672	5.831905	-0.460723	-25.353117	-13.626993	7.582669	7.010190	6.858252	8.975565	10.166132	11.411612	7.609055	5.876794	3.684808	3.220453
3	4	34	-9.499680	6.173732	10.063142	8.531525	-13.591110	6.187802	6.812826	1.110119	6.938672	6.651267	6.562248	-14.209959	8.353996	8.523571	6.033672	5.831905	-0.460723	-25.353117	-13.626993	7.582669	7.010190	6.858252	8.975565	10.166132	11.411612	7.609055	5.876794	3.684808	3.220453
3	4	13	7.179478	-7.962243	-17.004869	-9.191307	9.571612	-7.689735	-5.808751	-0.980989	-5.429261	-9.042220	-4.343124	8.319876	-0.964261	8.523571	4.463481	2.418415	7.387413	9.785151	7.668962	2.849312	-5.881334	-7.710118	-11.319841	-21.971969	-18.113376	-1.615787	-7.376773	7.981401	-8.705731
4	4	20	-2.589855	4.310094	-2.703483	1.919154	-10.584429	-0.573407	-5.027962	3.398755	5.403554	7.590577	2.130662	1.931287	5.427418	6.398596	6.069823	7.802999	-9.059994	-22.260914	-19.171631	8.708874	8.077177	6.411455	8.095378	10.010962	10.316141	6.425378	3.473049	2.252071	7.586182
4	4	47	6.112541	-9.941662	-18.487973	-9.793482	8.921528	-12.135944	-14.496771	-5.088349	-2.981057	7.590577	-6.742093	10.340408	-3.977908	6.398596	6.069823	7.802999	-9.059994	-22.260914	-19.171631	8.708874	8.077177	6.411455	8.095378	10.010962	10.316141	6.425378	3.473049	2.252071	7.586182
4	4	32	-12.449145	7.517603	7.466450	8.495573	-18.710142	6.210155	5.832926	3.527403	5.445691	7.590577	6.984225	-8.685464	5.856829	6.398596	6.069823	7.802999	-9.059994	-22.260914	-19.171631	8.708874	8.077177	6.411455	8.095378	10.010962	10.316141	6.425378	3.473049	2.252071	7.586182
4	4	1	-12.449145	7.517603	7.466450	8.495573	-18.862460	6.210155	5.833262	8.746463	5.445691	-6.369665	6.984226	-9.616713	5.856829	6.398596	-0.084991	3.432265	1.746245	0.735139	-0.122915	-1.873800	1.387113	4.553873	-7.430956	-4.841226	-2.860674	1.575000	-6.852892	4.268896	-3.644682
5	2	77	7.511736	-13.270475	-18.906000	-9.195819	9.840703	-5.857158	-17.026772	-4.948864	-4.425960	-20.234151	-11.586803	5.902094	-3.430878	6.129071	-3.098159	0.258264	3.860461	10.317590	6.937513	-5.126800	-7.366098	-10.735702	-11.909659	-16.307137	-22.820633	-6.419490	-2.366536	6.561350	-8.238485
5	2	23	-9.355736	4.182087	10.324350	7.385090	-18.924454	9.354918	5.340507	7.507206	7.704896	-20.234151	5.829949	-20.705352	6.873279	6.129071	-3.098159	0.258264	3.860461	10.317590	6.937513	-5.126800	-7.366098	-10.735702	-11.909659	-16.307137	-22.820633	-6.419490	-2.366536	6.561350	-8.238485
6	4	78	6.288077	-12.049228	-16.650648	-9.498429	10.699795	-9.889443	-19.375760	-5.981813	-6.266701	-12.546922	-10.883334	10.447940	-5.711047	7.309394	-0.670775	3.177455	8.020403	11.209427	3.821015	-4.121274	-11.576488	-3.739010	-15.467173	-23.920771	-20.602787	-5.819570	-2.267605	7.495031	-12.596466
6	4	14	6.288077	-12.049228	-16.650648	-9.498427	10.699796	-9.889443	-19.382237	-11.119885	-6.266701	4.337895	-10.883334	10.453928	-5.711047	7.309394	4.985334	9.093479	-3.496298	-14.001925	-12.128919	6.524500	7.361803	6.699131	9.415954	6.855584	9.452493	6.934095	6.164411	3.800101	4.577334
6	4	7	-11.878048	4.796693	12.083486	6.537608	-8.909816	8.591043	4.471374	6.114192	6.268691	-12.546922	2.179249	-13.454144	6.543224	7.309394	-0.670775	3.177455	8.020403	11.209427	3.821015	-4.121274	-11.576488	-3.739010	-15.467173	-23.920771	-20.602787	-5.819570	-2.267605	7.495031	-12.596466
6	4	1	-11.877951	4.796683	12.083379	6.520862	-7.767613	8.590815	3.281694	0.976121	6.268691	4.337895	2.162115	-9.955248	6.529998	7.309394	4.985334	9.093479	-3.496298	-14.001925	-12.128919	6.524500	7.361803	6.699131	9.415954	6.855584	9.452493	6.934095	6.164411	3.800101	4.577334
7	2	31	-7.320095	6.086274	9.372084	6.189077	-15.822564	5.485264	7.631794	6.677556	5.326786	-17.126793	5.449783	-18.664215	4.321792	3.812988	-5.136776	-1.642831	4.695370	9.550579	7.277160	-5.492579	-7.809470	-8.211623	-13.776256	-14.582842	-14.143892	-4.840317	-5.915193	5.891623	-8.430025
7	2	69	6.684248	-10.643034	-19.258049	-7.855304	9.802014	-12.635448	-15.435931	-2.185201	-7.080151	-17.126793	-11.575615	9.179879	-5.809073	3.812988	-5.136776	-1.642831	4.695370	9.550579	7.277160	-5.492578	-7.809470	-8.211623	-13.776256	-14.582842	-14.143892	-4.840317	-5.914778	5.891623	-8.430025
8	6	26	5.590220	-9.599549	-9.505414	-11.281125	8.872205	-11.166154	-17.248455	-6.219068	-3.806929	7.170859	-7.047282	8.490222	-2.578053	6.903746	5.942132	7.210103	-2.360528	-22.546670	-20.600790	9.455407	7.024856	8.242922	11.644328	8.786144	10.027132	8.674974	7.587268	2.450023	4.540056
8	6	9	-13.055088	5.077389	11.888958	6.050554	-11.459061	6.745372	5.687756	1.458073	5.648605	7.170859	7.754794	-10.366828	7.384730	6.903746	5.942132	7.210103	-2.360528	-22.546670	-20.600790	9.455407	7.024856	8.242922	11.644328	8.786144	10.027132	8.674974	7.587268	2.450023	4.540056
8	6	22	5.590208	-9.599478	-9.495882	-11.281125	8.750595	-11.166154	-13.544331	-0.362337	-3.806919	-9.841024	-7.043337	8.480536	-2.571112	6.903746	2.517965	1.821698	6.309764	-3.810345	-4.420699	4.599258	1.243671	3.205870	3.161267	5.776673	2.144840	8.674545	7.581332	2.450032	-1.090768
8	6	29	-13.055094	5.077389	11.889170	6.050555	-15.664744	6.745372	6.682034	7.314800	5.648605	-9.841024	7.788146	-15.149909	7.384957	6.903746	2.517965	1.821698	6.309764	-3.810345	-4.420699	4.599258	1.243671	3.205870	3.161267	5.776673	2.144840	8.674545	7.581332	2.450032	-1.090768
8	6	11	-13.055094	5.077389	11.889170	6.050555	-15.664744	6.745372	6.682034	7.314801	5.648605	-16.048084	7.788146	-15.149909	7.384957	6.903746	2.495847	1.821698	6.309764	2.174207	-1.416687	4.594396	-5.143857	-0.244297	-2.181619	-16.493869	-11.065757	0.553047	-4.255902	7.743227	-12.210479
8	6	3	5.590208	-9.599478	-9.495882	-11.281125	8.750594	-11.166154	-13.544331	-0.362337	-3.806919	-16.048084	-7.043337	8.480536	-2.571112	6.903746	2.495847	1.821698	6.309764	2.174207	-1.416687	4.594396	-5.143857	-0.244297	-2.181619	-16.493869	-11.065757	0.553047	-4.255902	7.743227	-12.210479
9	3	21	4.183196	-10.967655	-14.911793	-5.750664	8.947306	-4.841648	-17.086142	-6.102450	-7.032540	-8.982941	-10.661369	8.018919	-5.549890	6.755603	0.124543	-0.771944	6.272368	9.882448	4.026905	-2.384251	-10.739845	-8.089016	-16.676820	-20.689142	-18.419273	-0.836717	0.909417	5.844930	-5.738708
9	3	73	4.183196	-10.967655	-14.917273	-5.755126	8.985419	-4.841648	-17.086142	-12.680377	-7.032575	7.070379	-10.661369	8.019363	-5.553379	6.755603	6.502146	5.720401	-3.682695	-21.650714	-20.572755	6.172507	5.105826	5.878941	9.896879	9.503647	10.239248	6.449761	7.597038	1.760846	7.778016
9	3	6	-11.622593	4.421601	9.355178	8.021112	-12.170868	6.854119	5.403051	6.429646	3.622463	-8.982941	6.721754	-19.415290	5.064255	6.755603	0.124543	-0.771944	6.272368	9.882448	4.026905	-2.384251	-10.739845	-8.089016	-16.676820	-20.689142	-18.419273	-0.836717	0.909417	5.844930	-5.738708
10	4	68	8.685925	-8.187054	-14.589233	-4.301383	6.252633	-7.818973	-14.279994	-10.290449	-6.035338	7.027804	-12.190061	10.021977	-4.066980	6.937445	4.705085	3.328224	1.338930	-14.405523	-20.242580	7.463988	7.958566	2.669373	3.148234	8.127483	10.611656	9.589449	4.139359	5.798343	5.806246
10	4	21	-6.802753	6.064631	9.961123	6.785273	-19.020607	6.569513	4.699274	0.703642	4.627424	7.027804	5.003123	-12.947782	6.680285	6.937445	4.705085	3.328224	1.338930	-14.405523	-20.242580	7.463988	7.958566	2.669373	3.148234	8.127483	10.611656	9.589449	4.139359	5.798343	5.806246
10	4	10	8.685925	-8.187054	-14.589170	-4.301383	6.252626	-7.818973	-14.261752	-4.384833	-6.035336	-8.788907	-12.190061	10.021977	-4.066980	6.937445	-1.667020	-2.152564	7.580728	7.996992	0.722880	-3.671397	-4.314864	-5.650973	-11.838792	-22.151428	-8.786894	-0.500284	-6.760471	6.564464	-7.432051
10	4	1	-6.802751	6.064631	10.019993	6.795094	-19.025777	6.569533	7.416478	6.609258	4.627424	-8.788907	5.012176	-19.528019	6.680487	6.937445	-1.667020	-2.152564	7.580728	7.996992	0.722880	-3.671397	-4.314864	-5.650973	-11.838792	-22.151428	-8.786894	-0.500274	-6.760471	6.564464	-7.432048
11	4	39	4.388772	-6.197328	-12.607695	-10.597299	8.136443	-11.752167	-9.461681	-14.703019	-4.579881	7.308246	-11.290037	11.013386	-7.910843	7.877917	5.368791	7.186807	-2.537437	-18.443136	-14.962770	6.336223	7.148256	4.797455	8.161492	9.996261	8.025932	8.236573	7.520067	-0.544285	5.930031
11	4	39	-10.392846	6.772316	9.340354	5.166097	-10.254151	6.157228	-0.571001	-2.713434	7.056481	7.308246	3.725270	-5.594526	5.238627	7.877917	5.368791	7.186807	-2.537437	-18.443136	-14.962770	6.336223	7.148256	4.797455	8.161492	9.996261	8.025932	8.236573	7.520067	-0.544285	5.930031
11	4	17	-10.402317	6.778027	10.264894	7.253514	-17.268380	6.165615	7.272014	3.159158	7.056481	-13.634070	5.589903	-12.189992	5.253406	7.877917	-0.772143	1.062436	4.603566	10.223239	6.568371	-6.401668	-6.041404	-11.908740	-8.843443	-24.770743	-21.769168	-3.217866	-5.145158	5.397575	-7.029335
11	4	5	4.388772	-6.197328	-12.607695	-10.597299	8.136443	-11.752167	-9.461681	-8.830719	-4.579881	-13.634070	-11.290037	11.012399	-7.910843	7.877917	-0.772143	1.062436	4.603566	10.223239	6.568371	-6.401668	-6.041404	-11.908740	-8.843443	-24.770743	-21.769168	-3.217866	-5.145158	5.397575	-7.029335
12	5	52	6.448978	-9.554767	-19.947124	-7.034142	9.841104	-8.555413	-16.958522	-7.583250	-2.642597	5.986573	-7.883937	10.619927	-3.666700	7.392164	8.096927	8.576610	-5.351190	-19.945001	-10.040464	4.046502	6.199693	7.751808	9.099621	11.880801	9.896550	4.002189	7.952706	2.448187	8.117812
12	5	11	-7.602361	4.961836	3.508030	1.972541	-6.147904	6.896272	-7.020833	0.116723	8.938689	5.986573	0.400997	-0.978473	0.397043	7.392164	8.096927	8.576610	-5.351190	-19.945001	-10.040464	4.046502	6.199693	7.751808	9.099621	11.880801	9.896550	4.002189	7.952706	2.448187	8.117812
12	5	17	-7.629008	5.782548	4.382622	3.364231	-12.438777	6.948553	-4.500540	5.862970	8.938689	-12.183424	2.431579	-6.988232	5.731208	7.392164	1.954910	1.935108	6.114451	9.226096	6.000147	-2.561881	-10.330017	-8.578170	-14.773934	-19.406377	-23.882698	-7.757676	-4.635384	6.191516	-4.431048
12	5	19	6.448978	-9.554767	-19.947110	-7.034142	9.840942	-8.555413	-16.617050	-1.837004	-2.642597	-12.183424	-7.883937	10.619927	-3.666700	7.392164	1.954910	1.935108	6.114451	9.226096	6.000147	-2.561881	-10.330017	-8.578170	-14.773934	-19.406377	-23.882698	-7.757676	-4.635384	6.191516	-4.431091
12	5	1	-4.165512	0.437715	-0.564447	2.497742	-4.240705	1.409992	-4.854798	4.758017	8.938341	-12.183424	1.091036	3.244840	1.437310	7.392164	1.954910	1.935108	6.114451	9.226096	6.000147	-2.561881	-10.330017	-8.578170	-14.773934	-19.406377	-23.882698	-7.757676	-4.635384	6.191516	-4.431057
13	2	30	7.172874	-10.043393	-13.149596	-10.045413	10.025333	-8.029036	-9.366373	-6.454620	-3.812155	-13.605794	-4.930654	6.576508	1.378186	6.037545	-4.199107	1.641643	4.289635	7.927087	5.997676	-3.134198	-6.391835	-4.436729	-19.749283	-20.814681	-20.186646	-3.765912	0.725525	6.619972	-15.064493
13	2	70	-8.125393	5.494785	11.232731	6.698318	-14.886748	6.416886	6.694311	5.397683	7.565087	-13.605794	6.560570	-21.932161	6.414997	6.037545	-4.199107	1.641643	4.289635	7.927087	5.997676	-3.134203	-6.391835	-4.436729	-19.749283	-20.814681	-20.186646	-3.765912	0.725525	6.619972	-15.064493
14	3	75	7.419311	-10.239634	-14.996449	-14.304421	12.684554	-9.338808	-12.577401	-3.999280	-2.471114	-14.868876	-10.557778	10.247235	-3.959764	6.331381	-1.288557	2.542806	4.616601	10.486496	6.528194	-3.504478	-9.110369	-9.792930	-13.611732	-15.655358	-20.469178	-3.289489	-4.928462	7.293896	-10.638931
14	3	11	7.419311	-10.239634	-14.996450	-14.304421	12.684559	-9.338772	-15.163152	-9.003772	-2.471114	6.056813	-10.557778	10.247412	-3.959764	6.331381	5.281117	6.546190	-4.852239	-21.554388	-14.483282	8.359446	3.781691	7.165054	10.638309	9.848561	11.225426	8.073467	7.143213	0.988054	4.305620
14	3	14	-6.695924	5.825433	10.384375	4.744082	-14.595322	8.233052	6.465178	7.778719	7.183104	-14.868876	3.736143	-9.990670	7.565159	6.331381	-1.288557	2.542806	4.616601	10.486496	6.528194	-3.504478	-9.110369	-9.792930	-13.611732	-15.655358	-20.469178	-3.289390	-4.928462	7.293896	-10.638931
15	2	77	-12.572993	6.274959	10.625429	8.754024	-17.145549	5.474272	8.817919	7.022897	6.386038	-15.263991	8.116306	-15.189976	6.210028	5.765822	-3.905559	1.118689	6.240445	9.443742	7.405453	-4.068194	-9.841890	-11.598864	-12.657792	-24.783864	-15.577403	-3.332039	-5.147491	8.055903	-6.335408
15	2	23	3.291989	-11.846180	-13.802392	-4.980977	9.448059	-10.788572	-15.081492	-5.160647	-2.477952	-15.263991	-7.769257	9.530661	-2.421387	5.765822	-3.905559	1.118689	6.240445	9.443742	7.405453	-4.068194	-9.841890	-11.598864	-12.657791	-24.783864	-15.577403	-3.332039	-5.147491	8.055903	-6.335408
16	5	6	-6.939483	5.751999	1.089164	-1.477317	-3.194394	-1.740376	-6.361395	-0.796155	5.873372	6.430684	2.722132	4.014931	6.154029	6.934765	7.494252	7.811344	-7.106910	-19.739957	-12.880899	5.794209	8.616356	7.056007	10.026714	10.023298	9.078827	6.843339	6.997419	2.456694	3.081826
16	5	42	-10.074736	5.876079	10.254068	4.737908	-15.060589	5.354305	7.702373	5.731622	5.873552	-17.021727	5.881883	-15.858720	6.177329	6.934765	1.693312	3.854058	4.682349	9.761060	6.671297	-4.089832	-8.631468	-5.443110	-14.886884	-20.757827	-21.602674	-2.305790	-5.357065	6.396719	-10.333289
16	5	25	4.792310	-10.095054	-10.214098	-11.299952	9.044312	-11.676302	-11.260601	-4.133665	-3.365693	-17.021727	-8.840691	8.584912	-3.103842	6.934765	1.693312	3.854058	4.682349	9.761060	6.671297	-4.089832	-8.631734	-5.443110	-14.886884	-20.757827	-21.602674	-2.305790	-5.357065	6.396719	-10.333289
16	5	16	4.792310	-10.095054	-10.214165	-11.299952	9.044312	-11.676302	-11.260602	-10.654882	-3.365693	6.430684	-8.840691	8.584913	-3.103842	6.934765	7.494252	7.811344	-7.106910	-19.739957	-12.880899	5.794209	8.616356	7.056007	10.026714	10.023298	9.078827	6.843339	6.997419	2.456694	3.081826
16	5	11	-10.033787	5.876046	9.813884	4.679706	-10.815036	5.352291	1.682314	-0.789619	5.873552	6.430684	5.479108	-11.243055	6.177286	6.934765	7.494252	7.811344	-7.106910	-19.739957	-12.880899	5.794209	8.616356	7.056007	10.026714	10.023298	9.078827	6.843339	6.997419	2.456694	3.081826
17	4	50	7.211806	-11.116023	-18.745253	-10.144951	11.197232	-11.321168	-14.046115	-12.820034	-6.838005	6.816761	-12.354805	9.982056	-5.842328	8.306630	5.920846	5.971421	-1.594996	-17.194453	-12.533907	5.603507	6.498193	7.488339	9.763758	12.576416	10.344166	7.454524	6.050638	-0.020854	2.955059
17	4	11	-8.219308	4.861025	9.454064	6.325050	-13.352101	5.632359	0.556211	-2.090802	6.158047	6.816761	4.030990	-10.477791	6.575634	8.306630	5.920846	5.971421	-1.594996	-17.194453	-12.533907	5.603507	6.498193	7.488339	9.763758	12.576416	10.344166	7.454524	6.050638	-0.020854	2.955059
17	4	27	7.211806	-11.116023	-18.745252	-10.144951	11.197232	-11.321168	-14.042701	-6.727898	-6.837827	-9.580751	-12.354805	9.982056	-5.842328	8.306630	1.983225	-0.462508	4.432353	10.424565	7.636257	-3.189376	-5.786314	-11.139498	-13.367886	-16.033921	-13.596566	-2.941169	-3.922490	6.418406	-15.377165
17	4	12	-8.816336	4.861026	9.638085	7.233351	-18.555667	5.640324	4.839569	4.001335	6.158047	-9.580751	4.888941	-17.569157	6.576406	8.306630	1.983225	-0.462508	4.432353	10.424565	7.636257	-3.189376	-5.786314	-11.139498	-13.367886	-16.051250	-13.596580	-2.941169	-3.922490	6.418406	-15.377165
18	4	80	5.925389	-11.890132	-19.484499	-10.515833	11.153770	-12.435082	-13.708589	-5.273314	-4.332576	-15.096959	-8.647287	8.114105	-1.725982	8.754885	1.307182	2.032104	5.978308	10.222173	6.774024	-2.720968	-11.761947	-13.254744	-7.788936	-18.961843	-16.282887	-6.068758	-3.428203	9.105205	-8.461100
18	4	10	5.925389	-11.890132	-19.484499	-10.515833	11.153770	-12.435082	-15.252597	-9.646384	-4.332576	5.175731	-8.647287	8.114105	-1.725982	8.754885	7.774964	7.865022	-5.486485	-21.436499	-5.360476	5.524385	6.226035	6.018354	10.271787	7.137363	10.459933	5.859479	6.901268	3.724840	8.843656
18	4	9	-7.342872	4.753572	8.162576	6.690351	-10.252921	5.350120	5.524762	7.105774	6.732544	-15.096959	5.834223	-20.836798	7.148480	8.754885	1.307182	2.032104	5.978308	10.222173	6.774024	-2.720968	-11.761947	-13.254744	-7.788936	-18.961843	-16.282887	-6.068758	-3.428203	9.105205	-8.462161
18	4	1	-7.342871	4.753572	8.162571	6.690344	-8.432620	5.350118	5.524457	2.732704	6.731319	5.175731	5.834106	-20.836788	7.148460	8.754885	7.774964	7.865022	-5.486485	-21.436499	-5.360476	5.524385	6.226035	6.018354	10.271787	7.137363	10.459933	5.859479	6.901268	3.724840	8.843656
19	6	33	6.263729	-11.789377	-18.340590	-9.664050	9.269955	-7.782822	-14.177929	1.608712	-5.048382	-9.884951	-8.037874	4.691869	1.091093	4.703004	-4.040677	2.180505	6.154136	7.984389	7.512048	-3.253766	-5.355175	-8.779290	-13.865924	-18.690055	-24.266599	-3.182981	-6.132761	8.947939	-7.213434
19	6	24	-4.290434	4.821972	4.650913	2.175907	-12.443215	8.183610	-2.846162	8.422547	6.457774	-9.884951	2.324927	-10.092374	6.784065	4.703004	-4.040677	2.180505	6.154136	7.984389	7.512048	-3.253766	-5.355175	-8.779290	-13.865924	-18.690055	-24.266599	-3.182981	-6.132761	8.947939	-7.213434
19	6	21	6.263729	-11.789377	-18.340828	-9.665944	9.279173	-7.782914	-14.177937	1.597168	-5.048382	-1.670822	-8.037874	4.698694	1.091086	4.703004	-2.016494	5.014344	2.999022	-3.839104	1.492251	-2.071073	4.539564	1.655108	1.958497	3.694467	1.318888	4.588052	6.496505	6.572451	2.944583
19	6	12	-4.290434	4.821972	4.650913	2.175907	-12.442210	8.183610	-2.846162	8.411003	6.457774	-1.670822	2.324927	-10.089713	6.784065	4.703004	-2.016494	5.014344	2.999022	-3.839104	1.492251	-2.071073	4.539564	1.655108	1.958497	3.694467	1.318888	4.588052	6.496505	6.572451	2.944583
19	6	5	-9.430846	4.950110	12.147681	8.231180	-16.520506	8.697625	3.682789	8.412408	6.457774	-1.670822	6.764008	-16.488434	6.804429	4.703004	-2.016494	5.014344	2.999022	-3.839104	1.492251	-2.071073	4.539564	1.655108	1.958497	3.694467	1.318888	4.588052	6.496505	6.572451	2.944583
19	6	5	-9.430846	4.950110	12.147681	8.231180	-16.521514	8.697625	3.682789	8.423953	6.457774	-9.884951	6.764008	-16.491093	6.804429	4.703004	-4.040677	2.180505	6.154136	7.984389	7.512048	-3.253766	-5.355175	-8.779290	-13.865924	-18.690055	-24.266599	-3.182981	-6.132761	8.947939	-7.213434
20	3	54	6.353697	-10.979162	-19.022012	-11.633852	9.731144	-7.423229	-15.059899	-11.059869	-5.875995	5.649097	-6.662229	9.319189	-6.901474	7.329698	6.875945	6.981851	-4.988087	-20.055287	-11.286478	9.513206	8.863625	6.980508	10.612298	10.685842	9.906304	6.676025	4.955169	0.555504	7.700071
20	3	42	6.353697	-10.979162	-19.031289	-11.633852	9.731144	-7.423229	-15.059899	-4.642147	-5.875995	-10.531005	-6.662229	9.319171	-6.901474	7.329698	3.890340	5.761415	3.631933	6.763785	5.607345	3.865681	-3.114335	-9.341898	-4.890772	-16.579567	-22.497839	-5.695565	-6.951795	6.405525	-10.887706
20	3	4	-7.799750	5.152291	9.554686	6.756450	-9.475306	7.203416	5.914673	5.625719	6.566830	-10.531005	7.093106	-14.918948	3.882954	7.329698	3.890340	5.761415	3.631933	6.763785	5.607345	3.865680	-3.114335	-9.341898	-4.890772	-16.579567	-22.497839	-5.695565	-6.951795	6.405525	-10.887706
21	2	28	7.771718	-11.112850	-12.714107	-4.615592	-2.875456	-3.855050	-8.146807	1.919485	-0.820993	-7.479610	-5.819668	9.506109	-0.160507	4.057634	-4.427773	2.793759	6.273733	7.853818	4.913617	-3.780135	-8.701618	-6.203796	-18.121054	-23.870072	-19.484452	-0.881061	-6.643293	3.366541	-2.266523
21	2	72	-6.289201	7.129409	10.384324	6.648484	-22.408453	7.823440	6.689747	7.837593	5.316389	-7.479610	7.987526	-18.172631	6.336678	4.057634	-4.427773	2.793759	6.273733	7.853818	4.913617	-3.780135	-8.701618	-6.203796	-18.121054	-23.870072	-19.484452	-0.881061	-6.643293	3.366541	-2.266522
22	4	25	-8.468432	6.715339	9.980570	5.805203	-16.983058	9.582971	6.426552	2.812480	6.636968	7.704815	6.571717	-19.928348	4.792405	8.500341	7.419115	7.605519	0.665955	-17.158525	-14.559396	6.377959	9.133203	6.582119	10.263048	10.149387	8.288247	8.156233	6.409535	1.107048	6.182528
22	4	28	6.779947	-8.923984	-16.364778	-12.448202	7.212384	-6.213648	-14.143779	-8.844550	-6.165246	7.704815	-8.486169	9.915352	-4.843620	8.500341	7.419115	7.605519	0.665955	-17.158525	-14.559396	6.377959	9.133203	6.582119	10.263048	10.149387	8.288247	8.156233	6.409535	1.107048	6.182528
22	4	18	6.779947	-8.923984	-16.364635	-12.448175	7.178242	-6.212619	-13.607958	-4.011364	-6.165246	-2.268044	-8.486169	9.915352	-4.829325	8.500341	4.547583	2.534232	7.694762	6.711841	7.383371	-0.836591	-5.127970	-7.056410	-6.774586	-23.270046	-20.753012	-3.847311	-5.354289	4.872855	-6.951101
22	4	29	-8.468432	6.715339	9.992993	5.805203	-19.643166	9.582972	7.005056	7.645666	6.636968	-2.268044	6.571729	-20.295633	4.792413	8.500341	4.547583	2.534232	7.694762	6.711841	7.383371	-0.836591	-5.127973	-7.056410	-6.774586	-23.270049	-20.753012	-3.847311	-5.354289	4.872855	-6.951101
23	4	54	-9.549115	6.322482	8.191079	7.202299	-18.029709	5.978383	8.352773	8.044721	3.573145	-10.564343	2.519438	-8.925187	6.839005	5.578804	0.374719	1.680184	9.016949	9.626175	5.555990	-5.021136	-6.590079	-8.466744	-15.109902	-18.501368	-26.008347	-3.225498	-5.873224	8.231738	-11.506742
23	4	32	5.117008	-11.510451	-15.851421	-5.361756	6.379321	-8.426087	-2.945831	1.589727	-6.705517	-10.564343	-12.694173	9.082104	-5.722498	5.578804	0.374719	1.680184	9.016949	9.626175	5.555990	-5.021136	-6.590079	-8.466744	-15.109902	-18.492998	-26.008347	-3.225498	-5.873224	8.231738	-11.506742
23	4	8	5.130948	-11.510563	-15.857925	-5.632347	12.103116	-8.426092	-8.724474	-5.021131	-8.708855	4.244482	-13.294752	9.953621	-5.722498	5.578804	4.102404	8.254197	0.471134	-20.857905	-11.448633	6.397016	8.500357	5.770548	11.013536	12.236161	7.988569	6.944550	5.585710	6.660048	0.752306
23	4	6	-9.549112	6.322482	8.191077	7.202286	-17.053934	5.978383	7.756703	1.438761	3.573143	4.244482	2.519430	-4.714322	6.839004	5.578804	4.102404	8.254197	0.471134	-20.857905	-11.448633	6.397016	8.500357	5.770548	11.013536	12.236161	7.988569	6.944550	5.585710	6.660048	0.752306
24	4	68	8.736708	-13.545886	-17.992174	-10.121790	9.409272	-8.050483	-19.613152	-7.466711	-2.982698	4.813635	-10.796549	10.131270	-3.146265	6.063774	3.365309	6.772592	-1.450172	-19.708945	-7.046548	3.885033	5.322258	4.284118	5.253018	9.041934	8.480885	4.657221	5.402095	1.033308	6.451530
24	4	29	8.736708	-13.545886	-17.992174	-10.121790	9.409272	-8.050483	-19.613151	-4.725145	-2.982698	-5.275462	-10.796549	10.131270	-3.146265	6.063774	-1.187798	0.498793	7.817977	7.679996	8.398556	-3.060993	-5.214499	-8.191384	-16.171057	-16.641288	-22.611271	-6.921958	-1.507598	4.973758	-1.579194
24	4	1	-4.631647	3.116944	8.484618	5.307371	-15.423818	6.244524	2.786035	7.377248	8.717052	-5.275462	5.545450	-11.294287	7.303399	6.063774	-1.187798	0.498793	7.817977	7.679996	8.398556	-3.060993	-5.214499	-8.191384	-16.171057	-16.641288	-22.611271	-6.921958	-1.507598	4.973758	-1.579194
24	4	2	-4.631643	3.116944	8.484618	5.307371	-15.423788	6.244524	2.786033	4.635682	8.717052	4.813635	5.545450	-11.283008	7.303399	6.063774	3.365309	6.772592	-1.450172	-19.708953	-7.046606	3.885033	5.322258	4.284118	5.253018	9.041934	8.480885	4.657221	5.402095	1.033308	6.451530
25	4	37	6.243292	-9.057154	-13.258784	-7.322102	10.126898	-11.721705	-12.063334	-3.630137	-2.023904	-12.734174	-11.148892	11.446088	-3.516293	7.466974	-0.725511	-1.428541	7.890255	10.509674	7.126777	-6.709116	-13.572742	-14.456773	-11.419618	-20.521343	-19.220703	-4.445558	-6.094540	5.152955	-5.108718
25	4	59	-9.059507	9.165072	11.936666	7.303488	-16.151704	5.339985	8.289928	5.942457	7.319986	-12.734174	5.091058	-12.918586	7.456099	7.466974	-0.725511	-1.428541	7.890255	10.509674	7.126777	-6.709116	-13.572742	-14.456773	-11.419865	-20.521343	-19.220703	-4.445558	-6.094540	5.152955	-5.108718
25	4	2	6.243292	-9.057155	-13.258784	-7.322227	10.127078	-11.721705	-14.093010	-9.526216	-2.023930	5.035023	-11.159672	11.449088	-3.516330	7.466974	5.917180	4.124643	-1.959154	-14.081808	-6.472242	4.660125	4.382337	2.392404	12.012006	5.674792	11.526196	6.049491	6.436414	0.244123	6.272661
25	4	2	-9.059507	9.165072	11.936636	7.303433	-10.542038	5.339985	8.102721	0.046378	7.319708	5.035023	5.090408	-11.456841	7.455195	7.466974	5.917180	4.124643	-1.959154	-14.081808	-6.472242	4.660125	4.382337	2.392404	12.012006	5.674792	11.526196	6.049491	6.436414	0.244123	6.272661
26	4	52	7.069718	-9.417480	-19.318619	-10.219867	9.648371	-9.088527	-15.796717	-2.375618	-3.055588	-9.142671	-10.258544	9.414057	0.473844	8.362606	1.115348	3.824724	3.046443	9.734096	4.597588	1.634152	-5.882488	-9.709551	-10.221409	-9.688413	-24.123774	-2.828773	-0.567023	4.627420	-9.803818
26	4	28	7.069718	-9.417480	-19.318619	-10.219867	9.676811	-9.088527	-16.423925	-8.868549	-3.055588	6.637759	-10.258544	9.420199	0.473843	8.362606	6.098460	8.303896	-6.122912	-16.015963	-13.833806	5.461924	9.494652	7.350004	8.177385	11.551352	7.772946	7.095904	6.292225	0.370316	2.782113
26	4	18	-6.321711	4.365547	8.406975	5.584759	-18.120055	6.658262	6.307333	6.654449	7.655669	-9.142671	6.408068	-14.672415	6.831814	8.362606	1.115348	3.824724	3.046443	9.734096	4.597588	1.634152	-5.882489	-9.709551	-10.221409	-9.688413	-24.123774	-2.828773	-0.567023	4.627420	-9.803818
26	4	2	-6.321711	4.365526	8.404609	5.584685	-12.529473	6.658262	3.747224	0.161518	7.655669	6.637759	6.403087	-10.639118	6.831814	8.362606	6.098460	8.303896	-6.122912	-16.015963	-13.833806	5.461924	9.494652	7.350004	8.177385	11.551352	7.772946	7.095904	6.292225	0.370316	2.782113
27	2	63	5.282818	-8.267314	-18.455196	-7.966676	8.665052	-11.346375	-13.659036	-6.196652	-1.698966	8.249125	-9.939373	10.276856	0.864074	7.127653	6.494865	5.915517	0.757079	-18.452686	-8.145615	6.781025	6.389461	0.407426	9.089595	0.124124	11.144119	6.292695	6.800960	-0.648122	6.975124
27	2	37	-12.348421	6.938058	9.044071	7.049260	-13.921108	3.784428	5.758498	-0.573257	7.954136	8.249125	5.709898	-11.401257	7.041604	7.127653	6.494865	5.915517	0.757079	-18.452686	-8.145615	6.781025	6.389461	0.407426	9.089595	0.124124	11.144119	6.292695	6.800960	-0.648122	6.975124
28	9	11	6.842200	-7.065905	-17.389982	-6.617555	9.282320	-6.627931	-21.436057	-4.865857	-0.643403	-7.159492	-6.818696	8.401733	-0.774712	6.527694	-1.480950	4.051726	8.688167	4.652720	4.249214	-8.208799	-7.276600	-9.466405	-9.938694	-15.459135	-23.501374	-2.503841	-3.417046	8.142572	-7.640341
28	9	29	6.842200	-7.065905	-17.389982	-6.617555	9.282320	-6.627930	-21.436055	-4.865857	-0.643401	-4.644307	-6.818696	8.401733	-0.774712	6.527694	-1.480889	4.407225	8.675482	-5.715729	-1.078636	-7.600971	2.020219	0.989468	0.682383	1.761485	2.336696	7.083789	7.676766	1.932211	0.005895
28	9	8	-1.311536	6.457664	2.416564	3.054144	-11.068868	8.619148	-5.202737	5.834607	9.367848	-4.644307	4.784518	-8.020422	6.627480	6.527694	-1.480889	4.407225	8.675482	-5.715729	-1.078636	-7.600971	2.020219	0.989468	0.682383	1.761485	2.336696	7.083789	7.676766	1.932211	0.005895
28	9	21	6.842200	-7.065905	-17.389984	-6.617555	9.284317	-6.628034	-21.436215	-4.958984	-0.643658	6.350991	-6.818697	8.401733	-0.774712	6.527694	4.918893	8.041460	-1.587219	-23.735890	-11.369527	1.520134	6.058722	4.426904	9.813880	11.875682	10.368570	7.147381	7.801069	1.932019	6.252867
28	9	13	-1.311536	6.457664	2.416564	3.054144	-11.011364	8.619133	-5.202738	5.741480	9.367833	6.350991	4.784518	-8.020422	6.627480	6.527694	4.918893	8.041460	-1.587219	-23.735890	-11.369527	1.520134	6.058722	4.426904	9.813880	11.875682	10.368570	7.147381	7.801069	1.932019	6.252867
28	9	4	-1.311536	6.457664	2.416564	3.054144	-11.068868	8.619148	-5.202737	5.834607	9.367848	-7.159492	4.784518	-8.020422	6.627480	6.527694	-1.480950	4.051726	8.688167	4.652720	4.249214	-8.208799	-7.276600	-9.466405	-9.938694	-15.459288	-23.501374	-2.503841	-3.417046	8.142572	-7.640341
28	9	6	4.294324	2.084011	2.415941	2.860831	-3.618715	8.464309	-6.748192	1.638291	4.800495	6.350991	3.032457	-4.302212	5.984293	6.527694	4.918893	8.041460	-1.587219	-23.735890	-11.369527	1.520134	6.058722	4.426904	9.813880	11.875682	10.368570	7.147381	7.801069	1.932019	6.252867
28	9	5	4.293648	2.084144	2.415947	2.861132	-3.681433	8.467149	-6.473509	1.731990	4.803060	-7.159492	3.033107	-4.432160	5.984784	6.527694	-1.480950	4.051726	8.688167	4.652720	4.249214	-8.208799	-7.276600	-9.466405	-9.938694	-15.459288	-23.501374	-2.503841	-3.417046	8.142572	-7.640341
28	9	3	4.293648	2.084144	2.415947	2.861132	-3.681433	8.467149	-6.473509	1.731990	4.803060	-4.644307	3.033107	-4.432160	5.984784	6.527694	-1.480889	4.407225	8.675482	-5.715729	-1.078636	-7.600971	2.020219	0.989468	0.682383	1.761485	2.336696	7.083789	7.676766	1.932211	0.005895
29	4	48	6.901742	-6.125408	-14.819967	-9.681796	9.371259	-8.789883	-8.738758	-3.280616	-4.824369	-11.452578	-10.654035	9.290062	-3.407314	4.910938	0.230153	1.232616	7.892695	9.537027	5.583854	-0.839924	-6.800997	-8.734156	-18.810954	-28.894011	-26.562173	-1.658083	-1.558408	7.172804	-7.561290
29	4	8	-10.260543	6.160766	10.029351	6.942582	-11.634639	7.356445	6.565224	1.108923	4.748689	7.274918	7.088319	-17.190953	7.965790	4.910938	6.861901	6.211589	2.764757	-13.480002	-12.664516	9.094814	4.957795	7.211366	9.623320	1.436508	4.441262	5.430150	7.593445	4.552742	6.311880
29	4	17	-10.260545	6.160766	10.029351	6.942589	-12.707949	7.356541	6.964342	7.161205	4.748689	-11.452578	7.088319	-17.190983	7.965790	4.910938	0.230153	1.232616	7.892695	9.537027	5.583854	-0.839924	-6.800997	-8.734156	-18.810221	-28.894011	-26.562173	-1.658083	-1.558408	7.172804	-7.561290
29	4	27	6.901742	-6.125408	-14.819967	-9.681797	9.373094	-8.789983	-11.258305	-9.332898	-4.824369	7.274918	-10.654035	9.307263	-3.407314	4.910938	6.861901	6.211589	2.764757	-13.480002	-12.664516	9.094814	4.957795	7.211366	9.623320	1.436508	4.441262	5.430150	7.593445	4.552742	6.311880
30	2	94	7.091001	-6.329066	-17.008748	-10.486592	10.896253	-12.692977	-18.423590	-12.482002	-10.160873	8.454077	-9.564493	8.649138	-5.104967	5.992790	6.827142	5.346657	1.278414	-14.791437	-12.409057	6.902790	5.264816	7.179751	7.499339	5.683543	9.014524	8.125623	7.285516	3.774256	9.591509
30	2	6	7.091001	-6.329066	-16.972967	-10.486592	10.896253	-12.692977	-18.423590	-7.542566	-10.160873	-4.393478	-9.564493	8.649138	-5.104967	5.992790	0.944741	-0.089610	6.993746	10.781714	6.074023	-0.728259	-11.563945	-10.617051	-16.113383	-27.221994	-22.620933	-2.676888	1.086471	6.488800	-1.384796
31	4	35	-8.369316	6.086925	10.606699	7.438516	-23.151442	6.770868	6.182684	6.129219	7.017521	-11.481643	6.287019	-14.689035	7.007925	9.243611	0.193451	-1.683682	7.269800	11.442783	8.973647	-1.191114	-8.106471	-7.212643	-19.760962	-24.484751	-19.202040	-5.314920	-7.390824	7.953118	-4.414283
31	4	53	7.995124	-10.376069	-15.598282	-3.908748	4.725159	-6.705130	-15.575399	-2.100825	-4.891587	-11.481643	-11.286195	9.721757	-1.434655	9.243611	0.193451	-1.683682	7.269800	11.442783	8.973647	-1.191114	-8.106471	-7.212643	-19.760962	-24.484751	-19.202040	-5.314920	-7.390824	7.953118	-4.414292
31	4	10	7.995124	-10.376069	-15.599221	-3.908748	4.725230	-6.705130	-16.119270	-8.031609	-4.891587	4.921196	-11.286195	9.734195	-1.434655	9.243611	4.174253	3.960119	3.342499	-16.533956	-6.562381	7.181203	6.298520	3.357363	-3.321297	2.022477	3.850709	6.121596	5.240014	2.831566	8.114806
31	4	2	-8.369448	6.086925	10.581061	7.428492	-17.596092	6.770787	4.422317	0.198435	7.017521	4.921196	6.277350	-10.699794	7.007925	9.243611	4.174253	3.960119	3.342499	-16.533956	-6.562381	7.181203	6.298520	3.357363	-3.321297	2.022477	3.850709	6.121596	5.240014	2.831566	8.114806
32	2	48	-8.405504	6.793539	9.863604	6.651939	-14.208243	9.505605	6.451626	8.150428	4.888418	-14.584216	6.375305	-16.950981	6.458694	6.168683	-4.074181	1.218293	4.261536	10.818295	4.487200	-2.982478	-11.695997	-7.654278	-14.797842	-19.673276	-20.307303	-4.538689	-5.829978	5.909395	-8.481188
32	2	52	6.194827	-11.591821	-13.745946	-7.471529	9.355613	-5.654275	-14.377893	-4.674020	-5.463347	-14.584216	-9.415957	9.365715	-3.552259	6.168683	-4.074181	1.218293	4.261536	10.818295	4.487200	-2.982478	-11.695997	-7.654278	-14.797842	-19.673276	-20.307303	-4.538689	-5.829978	5.909395	-8.481188
33	3	80	7.190641	-12.494047	-14.781439	-15.709812	10.364614	-5.461368	-10.990575	-2.876286	-3.478784	-12.420983	-11.049451	10.603551	-4.462622	7.742401	0.209170	1.597472	6.546778	11.823162	7.003572	-2.031350	-9.578353	-4.676153	-18.394556	-21.597721	-23.375544	-4.004204	-5.763938	6.224784	-8.019626
33	3	17	7.190641	-12.494047	-14.781439	-15.709813	10.367647	-5.461368	-14.132923	-7.102629	-3.478784	5.696215	-11.049490	10.603556	-4.462622	7.742401	6.751317	7.809125	-5.826490	-19.557918	-5.054416	6.946647	5.462723	8.370626	9.941934	7.848782	9.476245	5.461202	6.392730	0.445148	6.753326
33	3	3	-1.454288	4.696873	9.025675	2.858341	-11.784352	7.979605	6.907319	9.015715	6.223967	-12.420983	6.016488	-14.192602	6.692079	7.742401	0.209170	1.597472	6.546778	11.823162	7.003572	-2.031350	-9.578353	-4.676153	-18.394556	-21.597721	-23.375544	-4.004204	-5.763938	6.224784	-8.019626
34	4	12	5.952007	-12.288846	-8.949367	-8.965307	8.140540	-9.836035	-11.744973	-11.645473	-2.466851	4.941511	-1.674624	9.652711	-6.018896	2.543313	4.948865	5.250422	1.109640	-24.788009	-10.138310	7.458651	6.558713	8.156082	10.049592	8.992961	8.235711	6.667394	8.045569	2.930449	8.575901
34	4	14	-11.293132	6.113832	9.632188	6.666147	-16.123319	6.837884	4.200575	0.285383	5.963908	4.941511	5.438497	-18.630728	5.220654	2.543313	4.948865	5.250422	1.109640	-24.788009	-10.138310	7.458651	6.558713	8.156082	10.049592	8.992961	8.235711	6.667394	8.045569	2.930449	8.575901
34	4	32	5.952007	-12.288846	-8.949367	-8.965307	8.140540	-9.836035	-11.744972	-5.837276	-2.466851	-12.612749	-1.674624	9.652711	-6.018896	2.543313	1.448556	1.521421	6.695373	6.997437	7.977271	-3.336077	-8.609693	-9.070998	-11.470950	-24.024327	-21.739586	-1.289253	-3.860584	8.119744	-7.921277
34	4	42	-11.293132	6.113832	9.632195	6.666940	-16.314491	6.837885	6.835624	6.093579	5.963908	-12.612749	5.445258	-19.792431	5.220654	2.543313	1.448556	1.521421	6.695373	6.997437	7.977271	-3.336077	-8.609693	-9.070998	-11.470950	-24.024327	-21.739586	-1.289253	-3.860584	8.119744	-7.921277
35	4	33	-10.873544	6.237144	8.573711	8.364705	-13.739190	7.235212	5.298950	2.161293	6.989722	6.708952	8.227889	-14.513268	6.269657	8.416305	8.941560	6.702782	-4.326904	-17.659671	-12.402141	5.205094	7.012579	7.574707	9.505216	10.048444	9.740525	7.246245	5.479143	0.467565	6.897496
35	4	51	7.120846	-10.463714	-10.031381	-8.234725	10.971487	-9.791467	-14.836664	-8.582352	-5.517225	6.708952	-8.257801	10.207747	-1.931811	8.416305	8.941560	6.702782	-4.326904	-17.659671	-12.402141	5.205094	7.012579	7.574707	9.505216	10.048444	9.740525	7.246245	5.479143	0.467565	6.897496
35	4	7	-10.876195	6.237144	8.593460	8.364715	-14.537761	7.235212	5.768821	6.280745	6.989722	-8.946930	8.227901	-15.400981	6.269671	8.416305	2.801571	0.410885	5.461791	10.233772	5.751285	-2.565061	-9.646356	-4.936068	-9.233126	-21.942903	-20.426037	-2.880963	-6.184031	7.075608	-5.749234
35	4	9	7.120846	-10.463714	-10.031377	-8.234700	10.941200	-9.791467	-14.833933	-4.462900	-5.517225	-8.946930	-8.256167	10.207702	-1.931611	8.416305	2.801571	0.410885	5.461791	10.233772	5.751285	-2.565059	-9.646356	-4.936068	-9.233126	-21.942903	-20.426037	-2.880963	-6.184031	7.075608	-5.749234
36	2	86	5.007399	-11.798894	-19.737689	-12.723259	9.406830	-11.821124	-9.668522	1.244630	-6.277379	-6.077189	-10.143429	7.769563	-1.992816	6.457100	-5.310431	1.238184	6.372476	9.954028	6.571040	-7.028762	-7.664563	-10.259508	-17.350129	-22.536621	-18.193420	-3.719972	-5.144967	5.197900	-9.267256
36	2	14	-7.307146	6.518267	8.514287	3.364204	-9.921124	5.059290	6.736448	8.897010	5.994582	-6.077189	5.933933	-16.115405	7.487053	6.457100	-5.310431	1.238184	6.372476	9.954028	6.571040	-7.028762	-7.664563	-10.259509	-17.350129	-16.960625	-18.193420	-3.719972	-5.144967	5.197900	-9.267256
37	3	50	5.229587	-8.448121	-17.763543	-10.349404	10.060068	-9.771947	-10.315022	-6.279593	-0.656211	-13.302965	-5.097640	11.549869	-4.694359	4.927401	3.649089	-0.768143	7.459983	8.310945	5.165420	1.584370	-7.524368	-10.034746	-16.349242	-19.400164	-18.638303	-2.701731	-3.576525	8.052023	-5.838323
37	3	46	-11.459323	6.303718	9.845395	5.569317	-13.146020	6.555478	8.074532	4.221854	7.431832	-13.302965	7.166016	-12.555077	5.511977	4.927401	3.649089	-0.768143	7.459983	8.310945	5.165420	1.584370	-7.524368	-10.034746	-16.349242	-19.400164	-18.640638	-2.701731	-3.576525	8.052023	-5.838323
37	3	4	-11.416955	6.217071	8.463089	4.885040	-9.526884	6.555423	-0.021180	-2.036408	7.431832	3.187820	3.267524	-1.622569	4.905638	4.927401	8.857123	5.746518	1.361367	-20.399837	-12.198858	7.760325	8.607173	4.434366	8.974225	10.366728	11.454024	6.694826	7.382762	2.811610	5.370715
38	2	60	8.709033	-9.894124	-16.294243	-11.098820	6.201409	-10.243971	-12.812855	-12.179027	-1.918199	9.347619	-5.394741	9.890025	-4.011085	5.920059	4.884204	6.568188	-8.353037	-20.913690	-8.976516	3.817770	5.033018	7.795158	9.278536	11.632059	9.159003	5.553815	6.159020	2.431083	5.769531
38	2	40	-5.959063	6.501914	11.290953	2.879890	-12.300865	4.999184	8.678323	0.654222	6.625148	9.347619	5.865988	-11.468537	7.733692	5.920059	4.884204	6.568188	-8.353037	-20.913690	-8.976516	3.817770	5.033018	7.795158	9.278536	11.632059	9.159003	5.553815	6.159020	2.431083	5.769531
39	2	82	-10.690339	5.997464	8.754602	7.340929	-22.067855	6.977992	8.638141	7.090862	8.673727	-13.175516	6.922709	-20.662078	4.228562	2.670255	-4.220720	0.334433	7.696883	7.729959	6.548772	-7.097337	-9.625025	-7.210415	-15.974463	-19.422038	-23.849295	-4.675522	-2.342406	8.897033	-0.820737
39	2	18	6.072378	-11.407963	-17.027882	-9.402519	5.790868	-11.263730	-8.775618	-4.098224	-0.333763	-13.175516	-10.339915	8.050401	-4.363775	2.670255	-4.220720	0.334433	7.696883	7.729959	6.548772	-7.097337	-9.625025	-7.210415	-15.974463	-19.422038	-23.849295	-4.675522	-2.342406	8.897033	-0.820737
40	3	78	7.568879	-10.690760	-17.266661	-5.416917	10.860928	-2.527781	-15.737722	-4.292849	-4.346371	-9.590784	-10.655384	10.264387	-4.214491	6.983838	1.850509	-0.214658	8.400157	9.103909	7.140603	-2.830365	-12.815291	-7.049525	-17.623126	-26.466152	-24.548523	-5.395774	-4.349714	8.341578	-8.808523
40	3	8	-2.633322	7.162942	8.366623	5.953630	-17.568300	6.798772	6.872998	5.872179	5.191838	-9.590784	5.708790	-14.713903	6.214667	6.983838	1.850509	-0.214658	8.400157	9.103909	7.140603	-2.830365	-12.815291	-7.049525	-17.623126	-26.466152	-24.548523	-5.395774	-4.349714	8.341578	-8.808523
40	3	14	7.568879	-10.690760	-17.266646	-5.416917	10.915450	-2.527781	-15.737988	-10.894886	-4.346372	7.065031	-10.655384	10.378896	-4.220896	6.983838	7.088681	5.324678	1.715207	-17.769784	-12.611289	7.662672	4.909496	6.361642	10.710890	8.698050	6.367059	4.485935	6.821554	2.866386	3.060303
41	2	59	8.342166	-12.600413	-9.006695	-10.169178	8.578174	-4.803515	-13.840364	-3.357065	-4.419892	-16.563104	-6.274378	11.516098	-2.943274	2.078194	-5.549687	-3.203428	5.695556	10.573971	7.094238	-1.552343	-11.856279	-0.127112	-19.194067	-9.145042	-15.790538	-6.150680	-6.060816	7.462372	-10.851655
41	2	41	-9.994481	3.469218	9.865603	7.256364	-21.666809	5.760321	6.368086	6.005818	8.233134	-16.563104	5.786664	-13.760864	6.735895	2.078194	-5.549687	-3.203428	5.695556	10.573971	7.094238	-1.552343	-11.856279	-0.127112	-19.194067	-9.144918	-15.790538	-6.150677	-6.060816	7.462372	-10.851651
42	4	67	5.737197	-11.068780	-17.647555	-10.125844	9.425755	-7.403457	-15.527942	-8.064884	-3.721634	6.829508	-6.147917	11.918055	-3.616040	5.705085	7.251277	6.349514	-2.133918	-22.181592	-13.302822	9.890681	6.946039	9.083673	9.253043	10.335162	12.253165	6.662159	8.304742	-1.011913	7.163291
42	4	4	-13.481110	4.365715	10.690570	6.006725	-19.173109	6.287070	5.350038	7.841172	6.858123	-9.278002	8.127024	-13.336073	5.332027	5.705085	1.334076	1.570034	8.103277	10.673036	8.830043	-0.023888	-9.477411	-6.199974	-19.925989	-24.378579	-18.250907	-2.583617	-4.419761	5.140129	-5.151841
42	4	23	-13.481110	4.365715	10.690339	6.006725	-19.171746	6.287070	4.702955	2.896611	6.858123	6.829508	8.125920	-13.276770	5.332027	5.705085	7.251277	6.349514	-2.133918	-22.181597	-13.302822	9.890681	6.946039	9.083673	9.253043	10.335162	12.253165	6.662159	8.304742	-1.011913	7.163291
42	4	6	5.737197	-11.068780	-17.647555	-10.125844	9.425625	-7.403457	-14.569535	-3.120324	-3.721614	-9.278002	-6.147907	11.917430	-3.616040	5.705085	1.334076	1.570034	8.103277	10.673036	8.830043	-0.023888	-9.477411	-6.199974	-19.925989	-24.378579	-18.250907	-2.583617	-4.419761	5.140129	-5.151841
43	2	94	2.271833	-9.886477	-21.428269	-9.522545	9.942047	-10.739044	-14.795627	-2.300909	-6.570704	-6.061372	-10.251098	8.322122	-2.196525	7.653803	0.034578	-1.366604	8.016365	9.294460	4.063391	-1.316627	-5.002589	-7.579637	-17.947303	-21.152624	-23.446621	-5.366984	-3.479699	3.201884	-6.959730
43	2	6	-11.661103	6.275218	8.423492	6.214497	-11.831931	6.610859	7.263874	6.706318	4.407098	-6.061372	4.390234	-14.906418	6.602682	7.653803	0.034578	-1.366604	8.016365	9.294460	4.063391	-1.316627	-5.002589	-7.579637	-17.947303	-21.152624	-23.446621	-5.366984	-3.479699	3.201884	-6.959730
44	4	48	-9.154234	6.684880	10.621396	5.979433	-11.653405	5.701886	6.671673	6.589134	7.735475	-10.626873	8.035111	-12.163137	8.542157	7.530115	-1.148912	1.949643	7.764656	9.316573	6.446256	-3.564591	-9.834692	-11.026259	-14.558018	-17.029089	-25.785718	-4.854844	-5.511468	6.541027	-16.966816
44	4	47	8.824698	-10.064908	-14.166509	-10.658547	6.823566	-9.980928	-10.068024	-4.355295	-4.676479	-10.626873	-9.238588	10.854458	-2.410321	7.530115	-1.148912	1.949643	7.764656	9.316573	6.446256	-3.564591	-9.834692	-11.026259	-14.338132	-17.029089	-25.785718	-4.854844	-5.511468	6.541027	-16.966816
44	4	3	8.824698	-10.064908	-14.166510	-10.658547	6.823567	-9.980929	-10.068027	-8.385129	-4.676479	3.683590	-9.238588	10.854459	-2.410321	7.530115	1.681187	6.083496	1.015823	-14.637607	-11.831538	1.891687	5.983588	7.034639	2.929762	10.731292	9.453997	6.475662	6.765878	0.786137	1.417819
44	4	2	-9.154240	6.684880	10.621395	5.979433	-9.938856	5.699136	6.671401	2.559300	7.735475	3.683590	8.035109	-12.029258	8.542157	7.530115	1.681187	6.083496	1.015823	-14.637607	-11.831538	1.891687	5.983588	7.034639	2.929763	10.731292	9.453997	6.475662	6.765878	0.786137	1.417819
45	4	12	-10.720467	6.449058	9.644274	7.786573	-16.074274	6.685550	4.664506	7.738649	6.137763	-8.768082	5.738958	-17.202393	8.824989	3.557898	1.462522	-1.346659	5.768723	10.225304	8.563409	0.459102	-12.069046	-6.543652	-13.522625	-20.183763	-20.863113	-2.955933	-5.179439	5.645052	-8.175612
45	4	13	6.457174	-6.437541	-12.558077	-10.496080	11.705956	-6.163761	-14.778609	-0.208673	-0.296397	-8.768082	-10.072916	7.956095	-1.149290	3.557898	1.462522	-1.346659	5.768723	10.225304	8.563409	0.459102	-12.069046	-6.543652	-13.522625	-20.183763	-20.863113	-2.955933	-5.179439	5.645052	-8.175612
45	4	55	6.457174	-6.437541	-12.558412	-10.496080	11.706028	-6.163762	-15.433173	-6.337395	-0.296397	9.472687	-10.072916	7.960130	-1.149290	3.557898	4.996385	2.926600	1.079536	-20.435698	-13.533027	7.460100	3.329909	6.552471	3.617588	9.452729	9.898118	8.126976	6.683332	3.038838	6.167186
45	4	20	-10.720467	6.449058	9.486915	7.786571	-9.851228	6.684979	3.064765	1.609928	6.137763	9.472687	5.737872	-13.826222	8.824971	3.557898	4.996385	2.926600	1.079536	-20.435698	-13.533027	7.460100	3.329909	6.552471	3.617588	9.452729	9.898118	8.126976	6.683332	3.038838	6.167186
46	4	23	-14.720532	6.638372	10.753753	7.136774	-10.726807	3.387112	5.261298	0.198187	6.722361	0.809260	6.821711	-2.564826	4.001807	4.175427	0.478907	5.202114	-2.125100	-15.616247	-7.832677	-2.274622	9.206423	5.749282	1.399824	9.707708	10.683134	6.203517	7.972219	3.732284	7.698489
46	4	43	-14.720532	6.638372	10.753753	7.136774	-14.654734	3.387112	5.261300	6.707573	6.722361	-15.476405	6.821711	-6.275682	4.001807	4.175427	-3.333669	-1.174499	6.515282	10.158800	5.254882	-7.618178	-3.799942	-6.204320	-18.544797	-22.511709	-24.857109	-5.254792	-4.297904	8.201603	-7.391223
46	4	22	4.145931	-9.479984	-12.705387	-5.314057	7.608539	-9.753757	-12.071209	-1.545571	-1.736277	-15.476405	-6.680427	9.003575	-7.114700	4.175427	-3.333669	-1.174499	6.515282	10.158800	5.254882	-7.618178	-3.799941	-6.204320	-18.544797	-22.511709	-24.857109	-5.254792	-4.297904	8.201603	-7.391223
46	4	12	4.145932	-9.479984	-12.705386	-5.314062	7.609164	-9.753757	-15.800252	-8.054956	-1.736277	0.809260	-6.680427	9.364904	-7.114714	4.175427	0.478907	5.202114	-2.125100	-15.616247	-7.832677	-2.274622	9.206423	5.749282	1.399824	9.707708	10.683134	6.203517	7.972219	3.732284	7.698489
47	2	58	8.422760	-7.181160	-15.018552	-8.903333	10.692350	-9.471226	-12.607539	-4.669634	-5.935132	-12.012942	-9.351590	9.014685	-5.733207	1.554149	-1.934805	-1.826020	6.092829	9.791028	3.254798	0.539096	-11.604517	-6.912427	-14.156422	-18.572961	-13.404956	-0.191583	-11.533114	5.224254	-4.977427
47	2	42	-3.477049	5.076325	7.964966	5.914630	-19.418459	8.601219	9.240855	7.273868	6.543376	-12.012942	9.113917	-18.732745	6.209035	1.554149	-1.934805	-1.826020	6.092829	9.791028	3.254798	0.539096	-11.604517	-6.912427	-14.116955	-18.572961	-13.404956	-0.191580	-11.533114	5.224254	-4.977424
48	2	76	6.564640	-13.021075	-15.496950	-8.564686	6.934533	-10.979507	-14.868584	-5.782804	-3.522738	-7.082363	-8.932040	10.380285	-3.800571	5.279278	3.779571	2.010355	5.345792	9.799673	6.555555	1.624585	-5.107941	-5.841831	-11.238787	-13.016981	-22.559902	-4.812434	-2.354900	6.405338	-15.479398
48	2	24	-8.708135	5.566619	10.326723	5.483286	-18.504440	6.044805	6.149127	6.445110	6.740475	-7.082363	5.316604	-17.281909	6.978153	5.279278	3.779571	2.010355	5.345792	9.799673	6.555555	1.624585	-5.107941	-5.841832	-11.238787	-13.016981	-22.559903	-4.812434	-2.354900	6.405338	-15.479398
49	2	20	7.127026	-8.198417	-15.756205	-7.319063	8.492076	-11.303033	-12.210963	-3.384828	-1.717899	-12.869628	-13.425872	11.512700	-2.938067	4.081260	-3.464110	1.412672	7.058595	8.717743	1.125108	-4.100798	-13.361863	-12.128548	-14.778358	-15.786968	-19.565718	-1.476326	-6.686761	7.091114	-12.400522
49	2	80	-8.227589	7.586665	10.344489	7.908422	-20.287964	6.446592	7.008910	8.878838	7.549242	-12.869628	4.371072	-14.782328	7.939629	4.081260	-3.464110	1.412672	7.058595	8.717743	1.125108	-4.100798	-13.361863	-12.128548	-14.778358	-15.786968	-19.565810	-1.476326	-6.686761	7.091114	-12.400522
50	4	61	6.126801	-9.394484	-15.670790	-5.693083	10.098234	-8.289173	-13.645439	-5.073848	-6.136457	-17.880587	-3.785617	11.586569	-3.001584	6.735750	-3.818782	1.356827	7.100277	10.516940	6.986107	-2.234000	-8.541646	-8.708470	-15.702388	-26.364701	-25.614830	-4.077706	-4.111981	6.272367	-5.061798
50	4	36	-9.809317	7.142824	8.191133	9.290415	-16.520621	6.344068	6.949468	6.112113	6.958389	-17.880587	8.922977	-14.727118	9.108417	6.735750	-3.818782	1.356827	7.100277	10.516940	6.986107	-2.234000	-8.542386	-8.708470	-15.702388	-26.364701	-25.614830	-4.077706	-4.111981	6.272367	-5.061798
50	4	1	6.126801	-9.394484	-15.670818	-5.693083	10.098234	-8.289173	-13.645512	-7.373080	-6.136457	1.152369	-3.785723	11.592922	-3.001630	6.735750	1.733639	5.957148	-1.352401	-18.520537	-8.380843	5.631184	9.548491	6.006082	5.049970	8.510304	8.675018	6.714101	7.872805	0.346555	8.288335
50	4	2	-9.809317	7.142824	8.191133	9.290404	-16.520546	6.344068	6.930122	3.812881	6.958389	1.152369	8.922933	-14.669843	9.108417	6.735750	1.733639	5.957148	-1.352401	-18.520537	-8.380843	5.631184	9.548491	6.006082	5.049970	8.510304	8.675018	6.714101	7.872805	0.346555	8.288335
51	4	32	-11.593215	7.416312	11.210007	5.560004	-20.676104	8.197248	7.821946	2.171990	7.086662	5.203451	6.119470	-14.824790	5.956261	5.839932	3.280202	4.195859	-0.662464	-17.693639	-3.375061	4.784891	5.129566	7.740859	9.714322	9.914110	10.818857	4.646040	6.945958	2.604776	4.378492
51	4	62	-11.593215	7.416312	11.210007	5.560004	-20.677866	8.197248	7.822462	5.325101	7.086662	-5.377105	6.119470	-15.418174	5.956261	5.839932	-1.990267	1.005820	5.858391	10.135419	9.196659	-4.255904	-7.057376	-6.588349	-8.611687	-20.335272	-19.378598	-6.582005	-3.737866	5.217988	-4.390050
51	4	5	3.989982	-7.758650	-10.016551	-4.477397	9.934058	-10.061036	-9.372591	-8.416831	4.736733	5.203451	-4.424860	7.300973	-4.179319	5.839932	3.280202	4.195859	-0.662464	-17.693639	-3.375061	4.784891	5.129566	7.740859	9.714322	9.914110	10.818857	4.646040	6.945958	2.604776	4.378492
51	4	1	3.989982	-7.758650	-10.016550	-4.477397	9.934058	-10.061036	-9.372253	-5.263719	4.736733	-5.377105	-4.424860	7.300970	-4.179319	5.839932	-1.990267	1.005820	5.858391	10.135419	9.196659	-4.255904	-7.057376	-6.588349	-8.611687	-20.335272	-19.378598	-6.582005	-3.737866	5.217988	-4.390050
52	2	46	-7.499846	7.480218	9.971650	7.818935	-16.427654	6.545669	8.028457	3.303341	6.186250	6.216214	5.360728	-16.040185	6.968701	6.491430	7.842628	6.875142	-4.417250	-18.239193	-17.679497	7.121842	6.375654	7.586171	11.217979	11.324485	11.613222	7.416598	7.083259	1.884183	6.386097
52	2	54	7.943289	-9.308070	-16.662981	-8.252089	9.596457	-9.485085	-12.793633	-8.917951	-4.552087	6.216214	-9.926966	7.827221	-4.694882	6.491430	7.842628	6.875142	-4.417250	-18.239193	-17.679497	7.121842	6.375654	7.586171	11.217979	11.324485	11.613222	7.416598	7.083259	1.884183	6.386097
53	4	50	7.021828	-10.831189	-14.831673	-11.812245	9.046032	-11.437649	-12.498829	-6.565720	-2.240445	-9.706700	-9.842873	7.579498	-4.963330	7.436638	1.836352	2.534702	2.896538	9.083716	6.136263	-0.711226	-5.981191	-4.586516	-10.083400	-18.924550	-11.062465	-3.197664	-3.659915	5.203783	-7.184812
53	4	24	-9.420238	6.085990	9.617712	5.069868	-13.621706	6.372649	5.520513	5.057104	7.017503	-9.706700	6.278080	-7.332214	6.236050	7.436638	1.836352	2.534702	2.896538	9.083716	6.136263	-0.711226	-5.981331	-4.586516	-10.083400	-18.924552	-11.062465	-3.197656	-3.659915	5.203783	-7.184812
53	4	23	7.021828	-10.831189	-14.832368	-11.812245	9.052936	-11.437649	-12.500869	-12.178729	-2.240445	7.186689	-9.842962	7.579498	-4.963339	7.436638	7.623027	6.654797	-6.128264	-18.984136	-9.193795	5.271889	9.393602	6.718295	7.331458	9.855331	9.418292	7.717998	4.750017	2.473794	3.891791
53	4	3	-9.281066	6.083552	9.263975	4.870311	-11.208983	6.372299	2.013978	-0.555907	7.017400	7.186689	6.217307	-1.223383	6.236049	7.436638	7.623027	6.654797	-6.128264	-18.984136	-9.193795	5.271889	9.393602	6.718295	7.331458	9.855331	9.418292	7.717998	4.750017	2.473794	3.891791
54	4	36	6.405058	-5.980431	-18.362688	-9.686859	8.684791	-10.563513	-12.551893	-3.301149	-7.138943	-12.992298	-17.333031	8.503537	-6.138850	6.153893	-2.706932	2.923472	6.544851	9.494628	6.615791	-1.049034	-9.054154	-10.616750	-11.130943	-20.970631	-23.379040	0.657585	-5.747718	5.440817	-4.961153
54	4	29	6.405058	-5.980431	-18.362799	-9.686859	8.684791	-10.563513	-12.625629	-9.400823	-7.138943	5.618215	-17.333031	8.503624	-6.138850	6.153893	3.615760	7.167670	-2.905972	-23.594942	-12.896353	6.717442	6.162699	7.943717	9.246273	9.544461	9.482983	8.684292	7.221558	2.325206	6.666610
54	4	13	-9.105083	6.852584	8.678093	3.080280	-11.824340	6.502731	4.067941	0.335634	3.987473	5.618215	0.338200	-7.797082	0.406224	6.153893	3.615760	7.167670	-2.905972	-23.594942	-12.896353	6.717442	6.162699	7.943717	9.246273	9.544461	9.482983	8.684292	7.221558	2.325206	6.666610
54	4	22	-9.129379	6.852615	8.839326	3.108046	-18.289167	6.502970	7.602629	6.435309	3.987473	-12.992298	0.338779	-9.106453	0.407711	6.153893	-2.706932	2.923472	6.544851	9.494628	6.615791	-1.049034	-9.054154	-10.616750	-11.130943	-20.970631	-23.379040	0.657588	-5.747815	5.440817	-4.961123
55	4	31	1.516953	-5.933378	-13.092199	-10.200668	9.858946	-7.190276	-14.221980	-2.321369	1.348121	-13.669273	-8.180438	9.027326	-3.347675	6.518698	-0.831755	4.111850	5.654234	10.011291	6.326682	-6.833283	-12.762910	-8.476860	-17.434033	-26.876791	-15.913291	-5.731846	-4.180700	6.889901	-1.556584
55	4	60	-12.459480	6.867020	10.022062	7.060503	-16.987792	6.554051	7.650074	8.813644	8.221667	-13.669273	6.167130	-13.553779	7.650449	6.518698	-0.831755	4.111850	5.654234	10.011291	6.326682	-6.833283	-12.762910	-8.476860	-17.434033	-26.876791	-15.913291	-5.731846	-4.180700	6.889901	-1.556584
55	4	7	-12.459480	6.867020	10.022062	7.060503	-16.987792	6.554051	7.649257	5.695103	8.221667	3.261092	6.167129	-13.368406	7.650449	6.518698	5.769909	9.327379	-1.872755	-11.803547	-11.926243	4.229831	5.939362	6.345396	9.597644	9.080568	9.043536	3.138963	3.652522	5.489398	4.730752
55	4	2	1.516953	-5.933378	-13.092199	-10.200668	9.858961	-7.190276	-15.337777	-5.439910	1.348121	3.261092	-8.201020	9.030797	-3.347675	6.518698	5.769909	9.327379	-1.872755	-11.803547	-11.926243	4.229831	5.939362	6.345396	9.597644	9.080568	9.043536	3.138963	3.652522	5.489398	4.730752
56	2	69	-5.549824	7.380766	13.160181	8.396624	-15.468141	6.601993	7.447855	6.592083	7.554780	-13.410124	5.340419	-14.956508	6.515274	7.403204	-1.459562	-2.521474	5.654066	9.301270	6.305680	-6.120522	-11.396425	-13.900395	-17.815124	-18.960821	-20.710077	-8.230240	-6.872263	7.123553	-13.872436
56	2	31	5.827147	-9.100725	-15.549726	-8.514423	9.266031	-7.557206	-12.140502	-4.845158	-5.257516	-13.410124	-6.927510	10.928238	-2.264463	7.403204	-1.459562	-2.521474	5.654066	9.301270	6.305680	-6.120522	-11.396425	-13.900395	-17.815124	-18.960821	-20.710077	-8.230240	-6.872263	7.123553	-13.872436
57	2	34	-5.269745	5.997417	10.319908	7.422667	-9.672690	5.047704	6.830559	4.122180	8.950177	-15.938179	8.248675	-16.279044	7.441273	3.899038	-6.943585	0.729587	5.714892	10.529248	5.941268	-2.726286	-9.141840	-11.554601	-12.415052	-19.686205	-19.673863	-2.763847	-1.280209	4.336083	-4.946989
57	2	66	6.643383	-10.415076	-15.361739	-1.397172	10.148189	-13.188059	-13.841310	-6.659416	-2.637337	-15.938179	-9.113994	9.661048	-5.162632	3.899038	-6.943585	0.729587	5.714892	10.529248	5.941268	-2.726286	-9.141840	-11.554601	-12.415052	-19.686205	-19.673863	-2.763847	-1.280209	4.336083	-4.946989
58	4	51	-9.226947	6.108111	10.729093	6.745809	-20.450600	7.741187	5.873336	6.045676	5.891294	-14.570489	6.736141	-13.407994	6.954207	6.951977	-0.169828	0.740294	8.371905	9.707832	6.463348	-0.468228	-10.352964	-10.881796	-13.817104	-23.685617	-21.938441	-3.802414	-5.818761	5.105987	-4.250748
58	4	8	-9.226947	6.108111	10.729084	6.745808	-15.459302	7.741187	5.464873	2.390441	5.891294	4.771100	6.736131	-13.407160	6.954195	6.951977	6.000160	6.692501	0.224774	-19.085042	-16.398675	7.599973	7.071085	6.100115	9.854761	3.946759	10.700680	4.959541	5.974476	0.478062	6.600598
58	4	32	6.273934	-8.139752	-15.764886	-10.128596	7.718983	-1.026817	-8.469272	-5.883386	-2.910014	-14.570489	-9.855510	8.833710	-4.595530	6.951977	-0.169828	0.740294	8.371905	9.707832	6.463348	-0.468228	-10.352964	-10.881796	-13.817104	-23.685617	-21.938441	-3.802414	-5.818761	5.105987	-4.250748
58	4	9	6.273934	-8.139752	-15.765465	-10.128596	7.718983	-1.026817	-8.469272	-9.538620	-2.910014	4.771100	-9.855510	8.833710	-4.595530	6.951977	6.000160	6.692501	0.224774	-19.085042	-16.398675	7.599973	7.071084	6.100115	9.854761	3.946759	10.700680	4.959541	5.974476	0.478062	6.600598
59	4	19	3.121535	-4.272851	-21.563701	-1.097902	9.106784	-4.072662	-16.262474	-8.270324	0.778937	5.806160	-11.636278	8.974041	2.768410	7.183210	6.057280	6.543914	-6.017209	-11.672084	-7.773703	3.776146	6.772842	3.808016	8.007304	11.501541	12.165369	6.581459	7.254047	0.549622	5.888918
59	4	60	-11.964636	7.154553	8.614177	6.881060	-11.758300	6.905019	5.689653	1.278588	7.058265	5.806160	5.753606	-6.003390	8.474976	7.183210	6.057280	6.543914	-6.017209	-11.672084	-7.773703	3.776146	6.772842	3.808016	8.007304	11.501541	12.165369	6.581459	7.254047	0.549622	5.888918
59	4	17	-11.964637	7.154553	8.614196	6.890989	-17.290718	6.905184	6.344283	7.667276	7.058265	-6.686796	5.753610	-9.223362	8.474976	7.183210	2.097066	0.516695	5.626914	11.882687	8.039697	-8.056189	-11.389873	-13.168425	-15.797823	-19.488649	-13.570222	4.468192	-2.725045	6.592801	-1.143750
59	4	4	3.121534	-4.272850	-21.563398	-1.097679	9.105514	-4.072504	-13.646662	-1.881634	0.778945	-6.686796	-11.636278	8.880162	2.768410	7.183210	2.097066	0.516695	5.626914	11.882687	8.039697	-8.056189	-11.389873	-13.168425	-15.797823	-19.469163	-13.570160	4.468192	-2.725043	6.592801	-1.143750
60	4	40	-5.586628	6.934303	9.783862	6.001546	-8.203843	5.377918	3.725791	0.459321	6.590344	6.445510	7.524018	-13.365255	5.671944	3.423448	2.088298	4.203156	-3.674554	-23.193939	-19.146645	5.137655	7.482786	7.065200	4.353720	9.096092	9.188486	7.515809	7.627108	-2.015157	6.070639
60	4	42	7.447551	-8.522228	-12.669282	-6.006536	8.671494	-11.841881	-14.253330	-11.585894	0.232410	6.445510	-7.358258	10.087853	-4.562350	3.423448	2.088298	4.203156	-3.674554	-23.193939	-19.146645	5.137655	7.482786	7.065200	4.353720	9.096092	9.188486	7.515809	7.627108	-2.015157	6.070639
60	4	10	-5.596798	6.934425	9.789729	6.015265	-12.290012	5.377919	6.914653	6.958654	6.590344	-3.908352	7.525993	-13.368055	5.671944	3.423448	-4.016928	-2.270478	4.945530	8.504335	3.902986	-3.268213	-6.828596	-3.916222	-19.735375	-21.710885	-20.623393	-4.893221	-2.908180	4.427524	-3.194190
60	4	8	7.447550	-8.522218	-12.669282	-6.006520	8.661756	-11.841881	-14.253187	-5.086560	0.232410	-3.908352	-7.358257	10.087398	-4.562350	3.423448	-4.016928	-2.270478	4.945530	8.504335	3.902986	-3.268213	-6.828596	-3.916222	-19.735375	-21.710885	-20.623393	-4.893218	-2.908180	4.427524	-3.194189
61	3	93	6.511362	-12.347098	-16.712958	-13.474178	10.622297	-9.884571	-15.247206	-12.206436	-6.876921	8.813746	-11.028288	10.537716	-6.140614	6.314030	4.661822	7.425986	-9.824739	-19.601774	-14.154922	6.633598	7.102978	7.778797	9.883869	10.116411	10.272276	6.660154	5.165664	2.952033	6.037462
61	3	5	6.511362	-12.347098	-16.712958	-13.474178	10.613723	-9.884571	-15.247064	-5.811961	-6.876921	-9.929619	-11.028288	10.537716	-6.140614	6.314030	-1.758030	3.504105	-1.747572	4.628638	1.552218	-4.144318	-3.425474	-0.836280	-7.514838	-10.514796	-14.176471	-4.557695	-5.371401	8.468903	-5.436437
61	3	2	-9.216462	4.142848	12.148845	5.477461	-12.648165	7.188259	5.404203	4.239685	4.904577	-9.929621	6.108450	-14.417976	5.902446	6.314030	-1.758030	3.504105	-1.747572	4.628638	1.552218	-4.144318	-3.425474	-0.836280	-7.514838	-10.514796	-14.176471	-4.557695	-5.371401	8.468903	-5.436437
62	6	38	4.638060	-7.673889	-10.267249	-9.180742	11.393607	-5.809462	-14.518652	-3.083623	-2.858246	-8.422714	-11.003121	8.604228	-2.921368	7.982387	2.919009	2.481822	5.689822	-8.353173	-2.077670	-0.902876	2.702895	3.883705	0.735255	0.921289	1.443263	4.075545	6.524511	-0.621053	1.695220
62	6	25	4.638060	-7.673889	-10.267249	-9.180742	11.393607	-5.809462	-14.518599	-3.075789	-2.858246	-16.152518	-11.003121	8.604221	-2.921316	7.982387	2.918968	2.481821	5.689822	7.530767	3.702537	-0.902936	-8.272915	-8.371803	-10.391147	-23.129268	-17.227741	-6.819669	-2.344801	5.940804	-8.331416
62	6	25	4.638060	-7.673889	-10.267249	-9.180744	11.393609	-5.809462	-14.521033	-6.491748	-2.858246	3.670543	-11.003121	8.604660	-2.921382	7.982387	6.588258	6.928724	-4.949713	-27.777661	-18.163014	6.886136	6.706594	7.008103	9.789704	7.110887	9.149586	4.130820	6.531750	-0.621173	6.310624
62	6	5	-8.154523	4.185475	8.929905	5.931982	-13.735535	6.563546	5.822572	7.853983	3.675480	-16.152518	6.582611	-10.650728	7.524551	7.982387	2.918968	2.481821	5.689822	7.530767	3.702537	-0.902936	-8.272915	-8.371803	-10.391147	-23.129268	-17.227741	-6.819669	-2.344801	5.940804	-8.331416
62	6	5	-8.154523	4.185475	8.929905	5.931982	-13.735535	6.563546	5.822572	7.846148	3.675480	-8.422714	6.582611	-10.650727	7.524551	7.982387	2.919009	2.481822	5.689822	-8.353173	-2.077670	-0.902876	2.702895	3.883705	0.735255	0.921289	1.443263	4.075545	6.524511	-0.621053	1.695220
62	6	2	-8.154522	4.185475	8.929905	5.931981	-13.734373	6.563546	5.822535	4.438011	3.675480	3.670543	6.582611	-10.614835	7.524551	7.982387	6.588258	6.928724	-4.949713	-27.777661	-18.163014	6.886136	6.706594	7.008103	9.789704	7.110887	9.149586	4.130820	6.531750	-0.621173	6.310624
63	4	32	-8.894776	5.599756	8.934981	6.363804	-4.999285	4.565485	5.882610	2.988385	7.321457	0.676125	7.251428	-20.392123	8.344138	6.756663	1.456882	2.100388	4.478167	-7.068915	-6.220240	1.311724	7.325750	0.451104	1.957055	3.720719	7.045663	6.038238	6.378733	0.373766	6.510377
63	4	20	-8.894780	5.599778	8.934981	6.364137	-7.596980	4.565505	6.017852	8.007301	7.321457	-13.735600	7.251428	-20.392262	8.354918	6.756663	-4.594156	-1.864267	5.263992	10.170198	6.760463	-4.638214	-5.511869	-9.565261	-12.602699	-16.361747	-16.979536	-6.431964	-5.453358	6.875658	-12.117428
63	4	21	6.331144	-11.998386	-15.044093	-3.151088	13.057025	-7.726240	-7.316053	-2.866581	-3.575068	-13.735600	-10.365782	8.143963	-4.314279	6.756663	-4.594156	-1.864267	5.263992	10.170198	6.760463	-4.638214	-5.511897	-9.565261	-12.602699	-16.361747	-16.979649	-6.431964	-5.453358	6.875658	-12.117428
63	4	27	6.331144	-11.998386	-15.044093	-3.151088	13.057083	-7.726240	-7.316207	-7.885497	-3.575068	0.676125	-10.365782	8.144044	-4.314281	6.756663	1.456882	2.100388	4.478167	-7.068915	-6.220240	1.311724	7.325750	0.451104	1.957055	3.720719	7.045663	6.038238	6.378733	0.373766	6.510377
64	4	13	-10.072391	6.298544	11.399738	6.744211	-17.533488	7.369985	6.499195	7.188931	6.197098	-8.726615	7.100636	-17.008947	5.912653	4.088511	0.641125	-0.035862	8.226155	10.384706	5.103174	-10.188260	-7.338066	-6.338259	-12.692301	-26.281280	-19.810428	-4.639008	-4.991267	5.424320	-4.425376
64	4	32	6.088908	-9.713777	-12.462893	-5.782229	11.349461	-10.703302	-14.472413	-11.182925	-2.938760	8.526695	-6.334519	8.544560	-6.283555	4.088511	6.549720	6.348014	0.785632	-16.337988	-8.525520	0.340000	5.282724	6.400513	9.911925	7.179726	10.753460	7.709303	6.804391	-1.214952	5.723213
64	4	42	-10.072391	6.298544	11.384374	6.744211	-13.978257	7.369985	5.835630	1.649023	6.197098	8.526695	7.100636	-13.195233	5.912653	4.088511	6.549720	6.348014	0.785632	-16.337988	-8.525520	0.340000	5.282724	6.400513	9.911925	7.179726	10.753460	7.709303	6.804391	-1.214952	5.723213
64	4	13	6.088908	-9.713777	-12.462892	-5.782229	11.308935	-10.703302	-14.472413	-5.643022	-2.938758	-8.726615	-6.334519	8.544560	-6.283555	4.088511	0.641125	-0.035862	8.226155	10.384706	5.103174	-10.188260	-7.338066	-6.338259	-12.692301	-26.281280	-19.810428	-4.639008	-4.991267	5.424320	-4.425376
65	3	92	8.321792	-7.307068	-15.915971	-13.803384	11.065755	-10.748912	-8.711759	-6.367398	-5.396738	-9.076792	-12.290478	12.100261	-2.672851	7.509859	2.759869	1.607736	6.113415	10.622769	5.880205	2.297060	-10.168258	-8.227304	-14.331936	-23.414925	-17.905951	-2.545669	-4.405838	6.059387	-10.965481
65	3	3	8.321792	-7.307068	-15.915972	-13.803384	11.065808	-10.748912	-8.711762	-8.882187	-5.396738	2.925245	-12.290478	12.100261	-2.672851	7.509859	7.906782	5.877661	-2.022977	-21.660044	-10.524573	6.665533	6.472575	5.293515	5.486883	9.824141	10.215228	6.820647	5.611805	2.513346	6.318584
65	3	5	-0.726760	5.678543	10.195792	5.077994	-16.661488	5.558590	9.020968	5.214991	7.268635	-9.076792	4.757421	-10.030107	8.746346	7.509859	2.759869	1.607736	6.113415	10.622769	5.880205	2.297060	-10.168258	-8.227296	-14.331936	-23.414924	-17.905951	-2.545669	-4.405838	6.059387	-10.965481
66	4	55	3.552691	-5.867997	-13.617903	-13.633300	9.445152	-9.825178	-19.702417	-6.393985	-3.869126	5.487106	-16.374151	11.773669	-5.247617	9.010249	4.791303	5.798307	-2.292307	-18.824322	-8.564993	5.648224	7.592459	8.289808	8.676405	8.396284	9.949913	6.416478	8.040971	-1.111589	7.874279
66	4	41	3.552691	-5.867997	-13.617759	-13.633300	9.438121	-9.825141	-19.702012	-1.992278	-3.869126	-10.714576	-16.374151	11.626491	-5.247617	9.010249	1.121387	-0.532685	6.365073	9.399551	5.309306	-1.405860	-10.969558	-5.728029	-10.387608	-26.060111	-17.391965	-6.094291	-4.481378	1.819754	-2.987266
66	4	1	-2.934141	4.962051	2.227849	0.040720	-5.406207	0.604811	2.413450	1.654041	6.521213	5.487106	1.809310	-3.312216	2.480146	9.010249	4.791303	5.798307	-2.292307	-18.824322	-8.564993	5.648224	7.592459	8.289808	8.676405	8.396284	9.949913	6.416478	8.040971	-1.111589	7.874279
66	4	3	-3.105371	4.987280	2.290059	0.041263	-7.329961	0.669548	3.393546	6.061416	6.561577	-10.714576	1.810016	-7.043151	2.482734	9.010249	1.121387	-0.532685	6.365073	9.399551	5.309306	-1.405860	-10.969558	-5.728028	-10.387608	-26.060111	-17.391965	-6.094291	-4.481378	1.819754	-2.987266
67	4	48	4.694122	-9.581855	-19.264269	-7.673729	6.460312	-13.024825	-13.834380	-1.875479	-4.696477	-11.330734	-10.016856	9.976308	-3.157383	5.196010	-1.893588	0.220530	5.860409	10.104811	6.563271	-0.298336	-8.125163	-8.208299	-11.783484	-18.413422	-21.635852	-3.813717	-1.825510	7.953112	-12.912086
67	4	16	4.694122	-9.581935	-19.267233	-7.677200	6.468080	-13.026777	-14.842302	-7.914665	-4.696477	3.276829	-10.016856	9.976309	-3.160968	5.196010	3.428694	6.742277	-4.531809	-17.777898	-14.681804	5.160784	7.370929	8.673527	5.841720	7.937450	9.621886	5.858230	5.779512	5.434242	0.227870
67	4	24	-8.810845	8.668508	5.859041	5.200369	-17.415568	5.274499	8.321401	6.206877	6.574878	-11.330734	6.670596	-18.637688	6.564636	5.196010	-1.893588	0.220530	5.860409	10.104811	6.563271	-0.298336	-8.125163	-8.208328	-11.783484	-18.413422	-21.635852	-3.813717	-1.825510	7.953112	-12.912086
67	4	12	-8.810699	8.668507	5.858873	5.200309	-12.597972	5.274163	6.875569	0.167691	6.574878	3.276829	6.670596	-12.188125	6.564549	5.196010	3.428694	6.742277	-4.531809	-17.777898	-14.681804	5.160784	7.370929	8.673527	5.841720	7.937450	9.621886	5.858230	5.779512	5.434242	0.227870
68	2	41	8.218884	-3.704649	-14.480731	-7.184114	9.236353	-8.439363	-10.887009	0.850147	-4.841775	-1.944616	-11.345917	9.444133	-4.008076	3.998052	-5.375287	2.183052	7.511797	11.007964	6.081280	-1.013414	-8.941424	-9.741020	-13.719581	-16.413062	-21.741047	-5.833434	-7.415387	4.528727	0.663585
68	2	59	-10.640698	6.478777	8.653094	9.564973	-17.929855	6.381902	8.440470	8.384613	3.629258	-1.944616	5.854581	-11.340589	6.981248	3.998052	-5.375287	2.183052	7.511797	11.007964	6.081280	-1.013414	-8.941424	-9.741020	-13.719581	-16.413062	-21.741047	-5.833434	-7.415387	4.528727	0.663585
69	4	11	-9.265874	8.026391	9.632030	6.756598	-18.584194	3.951483	4.724676	7.554134	6.158873	-14.954909	8.533537	-17.653464	6.874019	8.656206	1.009763	2.400475	2.215441	6.043233	-1.319502	-2.376638	0.319838	-2.507742	-8.058405	-5.041387	-5.472024	-6.310141	-5.606160	5.763765	-4.732788
69	4	44	5.969519	-8.697967	-16.797711	-9.884207	4.876600	-13.032229	-12.563886	-0.194153	-3.073925	-14.954909	-6.416712	9.532271	-1.114419	8.656206	1.009763	2.400475	2.215441	6.043233	-1.319502	-2.376638	0.319838	-2.507742	-8.058405	-5.041345	-5.472024	-6.310141	-5.606159	5.763765	-4.732788
69	4	13	-9.265874	8.026391	9.632030	6.756598	-18.574586	3.951483	4.724336	2.355556	6.158873	6.665880	8.533527	-14.748105	6.874019	8.656206	7.448455	5.829243	-7.210461	-15.310670	-19.564181	7.073873	6.541300	7.005742	9.632401	9.908511	8.552036	2.029707	6.975956	2.003509	4.494838
69	4	32	5.969519	-8.697967	-17.159791	-9.884207	7.929389	-13.039864	-14.281365	-5.392731	-3.073979	6.665880	-6.425358	9.951175	-1.116874	8.656206	7.448455	5.829243	-7.210461	-15.310670	-19.564181	7.073873	6.541300	7.005742	9.632401	9.908511	8.552036	2.029707	6.975956	2.003509	4.494838
70	4	21	6.962273	-12.361060	-12.734605	-10.236949	9.518170	-8.854361	-16.924626	-6.721929	-5.451686	2.056456	-5.478812	7.868076	-3.341565	6.629864	4.721650	3.913045	2.893343	-21.292375	-5.677822	7.272740	2.543935	5.744718	4.648200	6.036860	5.404965	7.506408	6.856093	2.507266	6.463674
70	4	60	6.962273	-12.360781	-12.734605	-10.236949	9.518170	-8.854361	-16.924533	-4.493757	-5.451686	-8.433530	-5.478812	7.868076	-3.341565	6.629864	1.187115	-2.100176	6.052689	10.285202	8.153078	-1.095977	-10.934507	-6.922357	-8.944515	-23.260609	-26.542682	0.733594	-6.069838	4.974260	-0.130347
70	4	11	-7.897633	6.948853	10.310811	7.495019	-18.993944	6.527528	7.056680	7.392278	5.302754	-8.433530	8.301564	-17.606700	8.976989	6.629864	1.187115	-2.100176	6.052689	10.285202	8.153078	-1.095977	-10.934507	-6.922357	-8.944515	-23.260609	-26.542682	0.733594	-6.069838	4.974260	-0.130347
70	4	8	-7.897632	6.948853	10.310811	7.495019	-18.993396	6.527528	7.056676	5.164106	5.302754	2.056456	8.301564	-17.605536	8.976989	6.629864	4.721650	3.913045	2.893343	-21.292375	-5.677822	7.272740	2.543935	5.744718	4.648200	6.036860	5.404965	7.506408	6.856093	2.507266	6.463674
71	4	50	-10.043419	5.729634	9.664880	6.555857	-20.059555	8.224222	6.614611	7.036166	5.935525	-8.782453	8.152242	-14.688287	7.460748	9.125994	1.629137	4.653445	3.864734	8.067642	6.608799	-1.029046	-12.296709	-4.289490	-12.656550	-18.021069	-13.041594	-5.459264	-0.806033	5.532369	-7.695750
71	4	13	5.931939	-9.027399	-20.538691	-3.388062	7.572312	-7.232413	-10.075949	-3.272216	-3.018088	-8.782453	-6.732497	10.557606	-2.742893	9.125994	1.629137	4.653445	3.864734	8.067642	6.608799	-1.029046	-12.296709	-4.289490	-12.656550	-18.021069	-13.041594	-5.459264	-0.806033	5.532369	-7.695750
71	4	26	-10.043419	5.729634	9.664880	6.555857	-19.992381	8.224222	6.614559	1.085236	5.935525	4.526762	8.152241	-9.308220	7.460748	9.125994	7.294210	9.211758	-8.463536	-17.930351	-12.634146	5.124019	2.149555	6.355873	10.829522	8.690036	9.400057	6.693927	5.946617	0.448434	6.469255
71	4	11	5.931939	-9.027399	-20.538691	-3.388182	7.572436	-7.232461	-15.800517	-9.223146	-3.018088	4.526762	-6.742703	10.557608	-2.742893	9.125994	7.294210	9.211758	-8.463536	-17.930351	-12.634146	5.124019	2.149555	6.355873	10.829522	8.690036	9.400057	6.693927	5.946617	0.448434	6.469255
72	4	13	-8.284052	6.885795	8.112146	6.794421	-10.831961	5.270106	5.537793	1.603405	6.969599	5.583036	4.217398	-13.828769	6.426076	6.987211	4.025487	5.781286	-3.785328	-16.619877	-12.479875	6.044186	7.423401	4.206438	8.081551	11.155974	9.380620	7.191717	6.836845	0.795252	3.332915
72	4	26	-8.284181	6.885795	8.116429	6.794583	-14.942121	5.270108	8.224457	7.946859	6.969599	-13.807596	4.217398	-19.590863	6.426076	6.987211	-0.537843	0.970942	3.637015	9.883619	5.922655	-5.335021	-4.192354	-12.706865	-11.594120	-17.209266	-18.699194	-2.658553	-4.188786	6.163434	-12.350069
72	4	22	4.859112	-10.455609	-19.760547	-7.477270	11.336552	-7.339582	-15.413477	-11.390527	-5.056071	5.583036	-13.284687	9.515904	-5.039198	6.987211	4.025487	5.781286	-3.785328	-16.619877	-12.479875	6.044186	7.423401	4.206438	8.081551	11.155974	9.380620	7.191717	6.836845	0.795252	3.332915
72	4	39	4.859112	-10.455570	-19.760547	-7.477270	11.322430	-7.339582	-15.413477	-5.047077	-5.056071	-13.807596	-13.284687	9.515903	-5.039198	6.987211	-0.537843	0.970942	3.637015	9.883619	5.922655	-5.335021	-4.192354	-12.706865	-11.594120	-17.209626	-18.699194	-2.658553	-4.188786	6.163434	-12.350069
73	4	29	6.141895	-5.226326	-9.969300	-10.834803	9.955782	-9.471949	-15.064376	-4.604325	-2.633113	-11.085998	-12.717040	10.906741	-5.311599	6.432160	-1.779592	2.367170	5.852658	10.328543	7.167797	-3.664523	-7.870505	-5.176808	-16.933389	-22.985082	-25.505955	-4.801653	-3.830565	7.162092	-7.574691
73	4	27	-6.538073	6.844498	9.191440	5.032011	-16.829739	6.104064	5.981734	6.795808	6.091950	-11.085998	4.016765	-13.690653	5.867761	6.432160	-1.779592	2.367170	5.852658	10.328543	7.167797	-3.664523	-7.870505	-5.176808	-16.933372	-22.985053	-25.505955	-4.801653	-3.830565	7.162092	-7.574691
73	4	21	6.141895	-5.226326	-9.969300	-10.834803	9.956284	-9.471949	-15.064376	-8.442860	-2.633113	8.111869	-12.717040	10.934627	-5.311639	6.432160	4.506565	8.529985	-3.715172	-17.106768	-5.631789	5.700095	7.034426	6.873790	10.990854	6.801286	6.844494	6.735926	7.271483	1.217478	6.590308
73	4	23	-6.538073	6.844498	9.190018	5.032011	-16.786943	6.104064	5.937786	2.957273	6.091950	8.111869	4.016765	-10.789537	5.867761	6.432160	4.506565	8.529985	-3.715172	-17.106768	-5.631789	5.700095	7.034426	6.873790	10.990854	6.801286	6.844494	6.735926	7.271483	1.217478	6.590308
74	5	25	8.018978	-9.722129	-15.350271	-9.004516	7.463251	-10.960539	-15.376201	-7.143228	-3.728329	-12.247899	-9.480084	9.795891	-4.145906	5.340946	-4.785045	0.297578	7.101448	5.964591	6.500781	-4.107070	-11.690115	-14.894279	-19.156468	-12.267265	-29.098117	-1.272823	-6.397339	5.863956	-4.119756
74	5	31	-8.645835	6.394274	11.183705	7.264009	-20.027054	5.516087	5.351588	5.351481	6.841210	-12.247899	5.608597	-19.669995	7.755732	5.340946	-4.785045	0.297578	7.101448	5.964591	6.500781	-4.107070	-11.690115	-14.894279	-19.156468	-12.267304	-29.098118	-1.272823	-6.397339	5.863956	-4.119756
74	5	28	8.018978	-9.722129	-15.350271	-9.004516	7.463251	-10.960539	-15.376201	-13.762505	-3.728329	5.038813	-9.480084	9.795892	-4.145906	5.340946	1.851601	6.042488	2.275331	-8.207511	-5.307220	2.780429	6.576947	0.243771	5.895846	10.647007	1.626101	7.826719	5.072055	-0.191589	6.349887
74	5	13	-8.645813	6.394274	11.183152	7.236426	-15.264837	5.516086	1.295459	-1.267796	6.841210	5.038813	5.607336	-13.740812	7.755731	5.340946	1.851601	6.042488	2.275331	-8.207511	-5.307220	2.780429	6.576947	0.243771	5.895846	10.647007	1.626101	7.826719	5.072055	-0.191589	6.349887
74	5	3	-4.427674	5.301054	4.451488	1.372774	-12.256326	3.437358	-3.765772	-1.269542	6.841210	5.038813	1.134376	-4.858934	4.294893	5.340946	1.851601	6.042488	2.275331	-8.207511	-5.307220	2.780429	6.576947	0.243771	5.895846	10.647007	1.626101	7.826719	5.072055	-0.191589	6.349887
75	4	32	-9.252114	6.231680	10.000208	8.158117	-18.706712	6.893102	6.957250	3.611883	6.634737	0.545848	7.187013	-15.782498	7.942810	5.949498	7.232572	0.550463	7.324235	6.712077	3.057621	5.732063	-9.653952	-8.421272	-11.422862	-18.694137	-24.256886	-6.852621	-6.338456	6.050655	0.723634
75	4	13	-9.010842	6.190899	6.418555	2.739542	-8.129428	6.859847	-4.852973	-0.301035	6.634710	6.805534	2.631110	-6.098590	7.820746	5.949498	8.012989	0.570016	1.085724	-14.678323	-15.794041	6.511947	5.470763	6.094511	2.613226	8.482066	9.228064	5.880927	5.543006	2.235148	7.507135
75	4	37	7.880718	-5.872638	-13.750155	-6.488719	8.662830	-11.082833	-17.221823	-6.805112	-5.054279	0.545848	-8.452440	12.280646	0.770050	5.949498	7.232572	0.550463	7.324235	6.712077	3.057621	5.732063	-9.653952	-8.421272	-11.422862	-19.271461	-24.256897	-6.852621	-6.338456	6.050655	0.723630
75	4	18	7.880718	-5.872638	-13.750155	-6.488719	8.662830	-11.082833	-17.221823	-10.717906	-5.054279	6.805534	-8.452440	12.280646	0.770050	5.949498	8.012989	0.570016	1.085724	-14.678323	-15.794041	6.511947	5.470763	6.094511	2.613226	8.482066	9.228064	5.880927	5.543006	2.235148	7.507135
76	4	34	-11.522629	8.367698	10.072090	7.412785	-11.553420	6.908368	5.739936	6.176493	7.164577	-9.706079	3.435744	-17.275358	4.806333	7.990944	1.363145	-0.152007	7.935970	7.167416	6.443121	-6.280399	-9.415638	-6.626816	-8.144492	-25.401425	-15.169525	-1.550910	-6.771724	6.346848	-9.304576
76	4	33	6.641369	-7.261449	-15.665296	-10.543366	10.806266	-9.497738	-19.001645	-2.535739	-1.945595	-9.706079	-12.671971	8.298867	-1.300626	7.990944	1.363145	-0.152007	7.935970	7.167416	6.443121	-6.280399	-9.415638	-6.626816	-8.144492	-25.401425	-15.169525	-1.550934	-6.771724	6.346848	-9.304595
76	4	13	-11.522629	8.367698	10.067076	7.407666	-7.996661	6.906847	5.218582	1.053277	7.160629	5.259384	3.435742	-13.768094	4.806332	7.990944	6.350422	5.703853	2.582017	-17.770319	-9.878047	4.187834	7.092890	5.328765	2.746189	8.926542	9.961348	8.823367	5.928567	1.090251	6.866796
76	4	20	6.641369	-7.261449	-15.669991	-10.543367	10.906044	-9.512685	-19.002973	-7.658955	-1.946511	5.259384	-12.671971	8.302003	-1.300626	7.990944	6.350422	5.703853	2.582017	-17.770319	-9.878047	4.187834	7.092890	5.328765	2.746189	8.926542	9.961348	8.823367	5.928567	1.090251	6.866796
77	4	62	4.875915	-6.852678	-18.392928	-11.036691	10.801185	-6.363154	-11.946667	-8.981869	3.213474	-8.219361	-4.770348	8.786529	-0.557993	7.712879	-1.556422	2.063330	8.898106	9.870609	6.465002	-5.035195	-10.632836	-10.142182	-15.649277	-23.941554	-17.587037	-5.381645	-8.378504	2.821194	-8.698177
77	4	25	-12.229396	6.578019	7.461404	6.506658	-17.430259	8.069304	7.216629	3.469951	9.159850	-8.219361	6.224272	-17.083715	6.229150	7.712879	-1.556422	2.063330	8.898106	9.870609	6.465002	-5.035195	-10.632836	-10.142182	-15.649277	-23.941554	-17.587037	-5.381645	-8.378504	2.821194	-8.698177
77	4	9	4.875915	-6.852678	-18.392928	-11.036691	10.801185	-6.363154	-12.665508	-14.824299	3.213474	6.339348	-4.770348	8.787268	-0.557993	7.712879	3.639903	7.641980	1.195374	-20.453715	-9.401172	6.654175	7.069273	5.947361	7.978855	5.196937	11.513953	7.751540	4.313065	1.011579	2.158915
77	4	4	-12.229396	6.578019	7.461306	6.506493	-11.973473	8.069304	6.028984	-2.372478	9.159850	6.339348	6.224272	-15.221512	6.228917	7.712879	3.639903	7.641980	1.195374	-20.453715	-9.401172	6.654175	7.069273	5.947361	7.978855	5.196937	11.513953	7.751540	4.313065	1.011579	2.158915
78	4	25	-13.227347	7.416742	5.676024	7.544422	-19.002613	7.996773	2.505535	6.697856	1.310172	-14.009296	3.158048	-11.069492	6.215870	7.045121	-2.048627	1.456803	7.782303	10.134989	5.386106	-8.707589	-6.929551	-7.962602	-13.380198	-22.505281	-24.610559	-3.536729	-1.816918	7.515831	-12.797797
78	4	70	4.552629	-8.116887	-17.840294	-5.167660	2.182932	-5.126413	-8.109381	-0.578047	-11.232356	-14.009296	-10.413905	9.777034	-6.202661	7.045121	-2.048627	1.456803	7.782303	10.134989	5.386106	-8.707589	-6.929551	-7.962602	-13.380196	-22.503052	-24.610559	-3.536728	-1.816918	7.515831	-12.797797
78	4	4	4.552629	-8.116984	-19.097663	-7.389527	5.176651	-7.249927	-8.660747	-1.971749	-11.237097	1.267371	-10.413919	9.777047	-6.202675	7.045121	1.884068	7.084732	1.550225	-8.769381	-5.304482	-2.324144	3.812895	2.144925	9.158416	11.104838	8.688937	8.337609	4.608577	6.470310	1.224093
78	4	1	-13.227347	7.416292	5.668822	7.528626	-19.002422	7.996773	2.430792	5.304154	1.310172	1.267371	3.157698	-10.947276	6.215807	7.045121	1.884068	7.084732	1.550225	-8.769381	-5.304482	-2.324144	3.812895	2.144925	9.158416	11.104838	8.688937	8.337609	4.608577	6.470310	1.224093
79	4	56	-6.581984	5.732144	12.845915	6.486574	-15.497036	8.589597	9.045787	2.997640	6.544464	5.842083	7.302649	-6.021716	7.043567	7.250065	8.833976	5.091523	-2.457864	-22.870065	-18.493373	6.692226	3.701228	7.295650	2.390416	9.708847	12.022511	7.443292	7.476421	1.824367	6.991873
79	4	18	9.624904	-4.660636	-15.174043	-6.982470	10.618453	-7.703382	-10.638272	-6.319736	-5.183990	5.842083	-9.732352	10.426133	-1.095689	7.250065	8.833976	5.091523	-2.457864	-22.870065	-18.493373	6.692226	3.701228	7.295650	2.390416	9.708847	12.022511	7.443292	7.476421	1.824367	6.991873
79	4	15	-6.581980	5.732144	12.845915	6.486576	-15.497210	8.589597	9.313979	7.556023	6.544464	-9.511059	7.302649	-6.047002	7.043567	7.250065	3.930123	3.462705	6.187981	-8.259510	-4.574486	1.059629	-0.373584	2.284091	-5.174825	-0.284916	-6.417145	2.478687	-1.641612	7.360838	-6.578386
79	4	11	9.624904	-4.660636	-15.169553	-6.982342	10.616229	-7.703372	-9.131637	-1.761353	-5.183990	-9.511059	-9.732352	10.422097	-1.095689	7.250065	3.930123	3.462705	6.187981	-8.259510	-4.574486	1.059629	-0.373584	2.284091	-5.174825	-0.284916	-6.417145	2.478687	-1.641612	7.360838	-6.578386
80	4	55	6.046561	-8.382312	-20.177968	-10.804957	10.151515	-10.021488	-22.161711	-5.829534	-1.464380	-15.528167	-2.244647	10.166729	-3.598827	6.186936	0.592046	1.691995	6.461185	9.692755	4.090053	-3.426031	-4.290687	-9.250634	-12.132976	-18.221189	-23.235027	-3.207442	-4.078004	6.334064	-8.210244
80	4	27	6.046561	-8.382312	-20.177969	-10.804957	10.151515	-10.021488	-22.673352	-9.856229	-1.464380	7.061553	-2.244647	10.166729	-3.598827	6.186936	4.906605	7.716190	-4.148001	-22.950286	-14.269503	4.738979	7.264392	5.591902	9.639585	7.258110	10.008564	5.538672	7.352534	0.965646	5.124634
80	4	12	-10.145708	8.681724	6.406353	4.431546	-18.409137	6.579393	3.051139	5.677232	7.874295	-15.528167	6.384871	-14.534119	5.701190	6.186936	0.592046	1.691995	6.461185	9.692755	4.090053	-3.426031	-4.290687	-9.250634	-12.125542	-18.221175	-23.235027	-3.207445	-4.078004	6.334064	-8.210244
80	4	6	-10.145626	8.681721	6.216314	4.431542	-18.369690	6.579381	2.075571	1.650537	7.874295	7.061553	6.085716	-10.353838	5.701190	6.186936	4.906605	7.716190	-4.148001	-22.950286	-14.269503	4.738979	7.264392	5.591902	9.639585	7.258110	10.008564	5.538672	7.352534	0.965646	5.124634
81	2	59	-6.248591	5.798351	11.106545	7.222086	-23.348406	8.122641	4.413057	6.387918	5.974511	-18.320863	7.165626	-16.958615	5.886730	9.024915	0.640062	0.354067	6.643572	10.906288	6.872755	-2.853086	-12.651842	-7.115397	-15.751196	-18.490518	-22.857622	-0.774685	-6.782280	8.394041	-6.271126
81	2	41	8.185893	-12.150939	-14.829317	-4.456897	5.664739	-5.690860	-13.857922	-4.197191	-6.060067	-18.320863	-11.629615	9.269132	-6.683699	9.024915	0.640062	0.354067	6.643572	10.906288	6.872755	-2.853086	-12.651842	-7.115397	-15.751196	-18.490518	-22.857622	-0.774685	-6.782280	8.394041	-6.271126
82	2	96	6.315480	-9.484587	-19.639345	-10.282324	11.314774	-14.065766	-20.139845	-4.979041	-4.888816	-16.343480	-5.634233	10.332913	-3.310398	7.502365	1.166208	1.572125	6.375708	7.577109	7.770085	-5.709542	-6.945513	-8.406288	-15.548539	-25.764006	-24.047636	-5.965670	-10.199114	6.774576	-8.797130
82	2	4	-12.457881	5.745415	8.607613	6.372769	-16.032717	3.907380	1.702049	5.072228	5.684803	-16.343480	6.760346	-16.076756	9.160254	7.502365	1.166208	1.572125	6.375708	7.577109	7.770085	-5.709542	-6.945513	-8.406288	-15.548539	-25.764006	-24.047636	-5.965670	-10.199114	6.774576	-8.797131
83	3	55	8.446403	-4.971931	-16.357912	-10.844254	8.993656	-7.903101	-16.613264	-11.515869	-7.842723	2.874832	-9.363404	9.606362	-3.578026	7.335806	5.570775	7.121493	-3.177008	-17.665411	-11.553318	6.426141	4.645760	6.152955	8.588221	9.623945	10.731515	8.181932	0.727704	5.879116	1.440422
83	3	15	-7.539119	7.349467	9.174809	6.532443	-15.841311	8.836689	4.936320	2.628812	2.923159	-10.809468	6.100914	-17.763117	6.500042	7.335806	0.514387	1.315172	2.795898	9.256108	5.728856	0.593835	-7.768922	-4.915574	-11.277144	-20.914005	-18.696748	0.482478	-10.883569	5.879151	-3.570337
83	3	30	8.446403	-4.971931	-16.357912	-10.844254	8.993650	-7.903041	-16.607522	-5.673610	-7.842723	-10.809468	-9.363404	9.606362	-3.578026	7.335806	0.514387	1.315172	2.795898	9.256108	5.728856	0.593835	-7.768922	-4.915574	-11.277144	-20.914005	-18.696748	0.482478	-10.883569	5.879151	-3.570337
84	2	81	7.908334	-10.385888	-19.059178	-14.281377	10.725906	-12.131795	-11.653036	-2.012384	-3.285253	-14.970581	-13.040195	10.012690	-3.396183	7.776391	0.274807	-0.246809	6.488086	9.246150	6.180040	-2.245123	-7.691539	-10.571043	-13.366035	-22.273245	-21.999997	-7.464161	0.344550	6.461254	-8.721644
84	2	19	7.908334	-10.385888	-19.059182	-14.281377	10.726018	-12.131812	-15.805060	-8.652905	-3.285256	6.437616	-13.040201	10.016790	-3.396184	7.776391	6.117820	6.301623	-2.006583	-18.074406	-6.366951	6.169708	8.445021	7.022676	11.213415	11.473541	11.019840	5.720848	7.789602	0.425492	7.189238
85	2	99	6.095375	-10.325448	-19.682120	-8.167257	9.734032	-6.121124	-18.205384	-8.281391	-2.215366	-13.856633	-6.408662	10.187311	-8.129258	4.158491	-1.305944	2.909195	5.546220	8.085930	6.011419	-2.369023	-7.133178	-5.895486	-10.997277	-20.141874	-21.347589	-3.154439	-1.627046	8.156152	-9.238025
85	2	1	-8.679494	6.220030	6.594854	5.001834	-11.336916	6.461691	2.462794	3.337144	6.433966	-13.856633	5.632435	-12.633971	4.161107	4.158491	-1.305944	2.909195	5.546220	8.085930	6.011419	-2.369023	-7.133178	-5.895486	-10.997152	-20.141873	-21.347589	-3.154439	-1.627046	8.156152	-9.238025
86	4	19	-10.042052	6.130416	9.081895	5.003194	-19.022637	6.492216	6.235787	6.657814	7.054781	-13.119130	5.791422	-10.448117	5.889224	8.225315	1.378177	0.170223	0.728856	9.931451	5.950197	-3.709118	-5.506945	-2.648007	-8.299252	-18.857645	-19.270069	-4.118606	0.360055	6.452755	-15.365512
86	4	74	4.500633	-12.595373	-21.753272	-9.186890	11.011970	-8.798348	-17.706000	-4.630424	-4.579874	-13.119130	-10.852390	10.229328	-7.040195	8.225315	1.378177	0.170223	0.728856	9.931451	5.950197	-3.709118	-5.506945	-2.648007	-8.299252	-18.857645	-19.270069	-4.118606	0.360055	6.452755	-15.365512
86	4	6	4.500633	-12.595373	-21.753272	-9.186890	11.011970	-8.798348	-17.717193	-8.625920	-4.579874	1.754681	-10.852390	10.229328	-7.040195	8.225315	6.376573	6.720507	-6.938921	-13.424481	-14.989477	6.155352	6.646293	6.955350	9.974208	8.273291	11.152722	6.697266	8.159667	2.294143	-1.212674
86	4	1	-10.042052	6.130416	9.081893	5.003194	-18.907809	6.492216	5.901369	2.662317	7.054781	1.754681	5.791422	-10.180873	5.889224	8.225315	6.376573	6.720507	-6.938921	-13.424481	-14.989477	6.155352	6.646293	6.955350	9.974208	8.273291	11.152722	6.697266	8.159667	2.294143	-1.212674
87	2	84	6.323279	-9.661018	-10.574660	-10.139040	10.546134	-9.442841	-20.085845	-3.803066	-1.202328	-7.361838	-7.244921	8.012877	-6.867892	6.130752	1.596689	3.997348	7.384915	11.216757	2.325065	-0.546322	-10.008377	-8.853777	-11.652072	-21.137538	-24.672177	-4.932373	-5.736107	5.874556	-6.977075
87	2	16	6.323279	-9.661018	-10.574660	-10.139040	10.546134	-9.442841	-20.085847	-3.837216	-1.202328	5.542630	-7.244921	8.012877	-6.867892	6.130752	3.833637	7.450738	2.030292	-15.331540	-9.523210	7.275563	6.707714	5.412553	9.541608	10.717759	8.527063	5.199953	6.218594	2.792959	6.495535
88	2	88	4.069624	-6.012428	-22.261327	-7.752825	8.938971	-12.062689	-13.882685	-9.888861	-6.588571	5.178118	-8.195299	10.591788	-4.780589	8.112328	7.742648	6.091805	-5.066466	-24.171861	-12.417752	9.462009	9.135900	6.813364	10.316836	7.797507	11.176432	6.688810	9.037511	2.885420	6.674811
88	2	12	-7.366625	6.694306	4.382463	5.250343	-8.861052	5.534359	1.682742	0.429043	3.742424	5.178118	7.383338	-5.222918	6.586381	8.112328	7.742648	6.091805	-5.066466	-24.171861	-12.417752	9.462009	9.135900	6.813364	10.316836	7.797507	11.176432	6.688810	9.037511	2.885420	6.674811
89	3	67	5.735002	-7.141561	-13.675139	-11.733041	9.387374	-9.962476	-15.433071	-10.391417	-3.509456	8.817325	-12.697071	9.550061	-3.947907	7.919890	9.442444	4.943052	-1.203283	-15.301111	-12.263134	8.031195	5.161536	6.569341	6.296961	6.982322	9.384284	7.078468	6.241989	1.743608	5.451495
89	3	26	-11.090542	7.496511	10.651962	4.343030	-12.027018	5.574366	5.544437	0.970745	5.296741	8.817325	6.166236	-14.449222	7.415971	7.919890	9.442444	4.943052	-1.203283	-15.301111	-12.263134	8.031195	5.161536	6.569341	6.296961	6.982322	9.384284	7.078468	6.241989	1.743608	5.451495
89	3	7	5.735002	-7.141561	-13.675139	-11.733041	9.387370	-9.962476	-15.433071	-5.324142	-3.509456	-3.851681	-12.697071	9.549338	-3.947907	7.919890	7.823336	-0.449486	8.256494	9.112719	3.226852	3.082836	-8.820939	-8.282674	-11.308353	-20.327347	-20.884151	-4.866404	-2.832474	7.985033	-4.709809
90	4	56	6.738764	-11.738953	-15.196599	-9.535234	10.275365	-14.342129	-13.131265	-0.529368	-2.620176	-20.327575	-12.395341	11.592224	-2.011064	4.274596	-0.026347	0.631230	7.492009	9.775335	7.076109	2.161733	-11.163218	-8.597264	-9.860110	-24.534992	-26.304759	-1.588875	-3.980019	7.030728	-0.415952
90	4	1	-11.923668	5.205995	9.709515	7.072856	-7.230006	5.149658	6.615310	4.105391	8.136678	1.846554	5.979100	-12.017347	8.685572	4.274596	3.765141	7.003424	-2.311683	-23.510200	-12.252395	7.210266	7.276040	6.580628	6.660679	9.576814	9.619707	8.885990	4.572909	3.623684	8.163791
90	4	3	6.738764	-11.738953	-15.196599	-9.535234	10.275394	-14.342131	-15.817982	-4.426733	-2.620176	1.846554	-12.395341	11.592460	-2.011077	4.274596	3.765141	7.003424	-2.311683	-23.510200	-12.252395	7.210266	7.276040	6.580628	6.660679	9.576814	9.619707	8.885990	4.572909	3.623684	8.163791
90	4	40	-11.923668	5.205995	9.709515	7.072856	-7.230193	5.149659	6.746798	8.002756	8.136678	-20.327575	5.979100	-12.018960	8.685572	4.274596	-0.026347	0.631230	7.492009	9.775335	7.076109	2.161733	-11.163218	-8.597264	-9.860110	-24.532432	-26.546006	-1.588877	-3.980019	7.030728	-0.415958
91	2	92	6.581698	-12.885307	-16.382836	-12.329970	10.332607	-7.974289	-10.532027	-3.518082	-5.851465	-14.163149	-6.509662	8.926374	-4.823630	5.506479	-0.666952	1.188919	6.997704	12.099186	5.349670	-3.638492	-9.055388	-10.974146	-12.653917	-18.274390	-21.276793	-6.421230	-4.998829	7.531489	-9.728849
91	2	8	6.581698	-12.885307	-16.382836	-12.329970	10.332607	-7.974289	-10.545370	-9.663143	-5.851465	5.456710	-6.509662	8.926374	-4.823630	5.506479	5.933016	6.911340	-0.512389	-14.931060	-13.207766	7.454500	5.592944	5.283262	12.675845	6.535700	10.425010	3.881892	7.494985	4.005280	4.104376
92	2	42	-6.020393	4.977914	8.727685	3.847230	-21.300055	8.095641	5.302226	6.581658	5.909683	-13.092357	9.425642	-20.421520	6.917115	5.807234	-2.460246	3.349137	6.077565	6.691910	6.388954	-3.172269	-8.985985	-12.880880	-21.392639	-15.420198	-15.944410	-7.235916	-6.903227	8.630594	-8.033906
92	2	58	7.294524	-12.209075	-9.733981	-8.687948	8.632236	-0.428748	-15.976930	-3.855254	-1.431903	-13.092357	-5.646708	9.602975	-1.091951	5.807234	-2.460246	3.349137	6.077565	6.691910	6.388954	-3.172269	-8.985985	-12.880880	-21.392639	-15.420198	-15.944410	-7.235916	-6.903227	8.630594	-8.033906
93	2	86	3.648309	-7.726053	-15.861230	-10.199789	9.984773	-11.783412	-12.447273	-4.071726	-4.334736	-15.823849	-4.138290	10.699801	-4.021843	6.671542	-0.653223	8.601674	1.654574	9.115364	6.394116	-8.120275	-8.781782	-1.651675	-3.029138	-19.083472	-9.051998	-3.748878	-5.016823	5.739759	-8.447750
93	2	14	-9.108215	4.390823	8.243778	6.596816	-11.132872	5.595544	8.415423	6.468077	6.409471	-15.823849	7.574906	-17.983118	6.651330	6.671542	-0.653223	8.601674	1.654574	9.115364	6.394116	-8.120275	-8.781782	-1.651675	-3.029138	-19.083472	-9.052034	-3.748884	-5.016840	5.739759	-8.447752
94	2	62	5.891659	-6.428112	-16.392080	-12.137022	10.035376	-6.395114	-15.660577	0.872024	-3.530044	-12.330523	-7.982390	10.246899	-5.239189	7.607725	2.004164	1.571091	5.752465	10.027437	6.840981	-12.062530	-10.753831	-7.623095	-12.854585	-17.118288	-19.358497	-4.600821	-6.724808	7.131620	-8.518297
94	2	38	-12.402811	9.297370	10.163527	6.150424	-16.783144	7.559821	5.386791	8.243157	6.394189	-12.330523	8.403583	-10.956120	7.331888	7.607725	2.004164	1.571091	5.752465	10.027437	6.840981	-12.062530	-10.753831	-7.623118	-12.854585	-17.118299	-19.358498	-4.600821	-6.724808	7.131620	-8.518297
95	4	27	-6.762104	3.522882	9.305664	6.086705	-16.586558	5.488003	6.343317	6.902816	8.119576	-14.048502	6.002772	-13.730301	7.302240	5.715052	-4.696092	-0.285988	3.809566	9.784175	7.082420	-5.304013	-5.377034	-10.714568	-8.507615	-24.516619	-20.897198	-4.674846	-4.627394	6.977756	-4.598914
95	4	22	7.235461	-12.686861	-6.899152	-7.113766	6.168859	-9.423182	-17.777651	-3.904030	-2.070149	-14.048502	-9.337164	9.685999	-4.338395	5.715052	-4.695884	-0.285988	3.809566	9.784175	7.082420	-5.304013	-5.377034	-10.714568	-8.507615	-24.516619	-20.897198	-4.674846	-4.627394	6.977756	-4.598910
95	4	30	7.235461	-12.686861	-6.899152	-7.113786	6.168861	-9.423182	-18.031822	-4.962352	-2.070151	0.880820	-9.337164	9.701180	-4.338396	5.715052	0.935243	5.525254	0.796270	-13.923127	-4.995651	0.823766	7.151908	5.156201	6.936415	7.658476	6.496870	6.699887	5.563134	1.580523	7.255612
95	4	21	-6.762104	3.522882	9.305664	6.086702	-16.586516	5.488003	6.343109	5.844495	8.119576	0.880820	6.002772	-13.730301	7.302240	5.715052	0.935243	5.525254	0.796270	-13.923127	-4.995651	0.823766	7.151908	5.156201	6.936415	7.658476	6.496870	6.699887	5.563134	1.580523	7.255612
96	4	41	-3.849964	6.681021	8.890476	6.475952	-21.771925	4.680206	5.890274	6.519504	7.136739	-13.482581	7.355374	-15.475443	7.004865	6.795862	-2.231192	2.839693	6.241603	8.832389	6.522719	-7.459546	-11.408193	-12.757608	-16.899431	-26.872541	-23.189489	-3.261903	-3.554131	8.061811	-7.943371
96	4	19	-3.849964	6.681021	8.890475	6.475952	-17.041865	4.680206	5.850620	0.171820	7.136739	8.232864	7.355373	-9.171223	7.004865	6.795862	3.300507	8.319371	-2.086820	-14.999674	-10.017418	2.248870	5.723300	4.976862	7.791375	5.775350	8.580016	6.497064	8.582782	3.067061	9.121308
96	4	22	5.354350	-9.355383	-19.912816	-11.316310	6.926482	-10.427233	-4.934986	-7.523057	-2.699266	8.232864	-6.972663	9.559179	-1.730210	6.795862	3.300507	8.319371	-2.086820	-14.999674	-10.017418	2.248870	5.723300	4.976862	7.791375	5.775350	8.580016	6.497064	8.582782	3.067061	9.121308
96	4	18	5.354350	-9.355383	-19.910048	-11.315758	6.869254	-10.427233	-4.722784	-1.175374	-2.699266	-13.482632	-6.972661	9.557915	-1.730209	6.795862	-2.231192	2.839694	6.241603	8.832389	6.522719	-7.459546	-11.408193	-12.757608	-16.899430	-26.872541	-23.189489	-3.261903	-3.554123	8.061811	-7.945913
97	4	25	9.852241	-11.577024	-12.839092	-9.528399	9.633744	-5.194725	-11.811187	-2.045948	-4.868456	-10.220595	-6.100722	8.648954	-5.780230	6.016914	1.633219	2.322155	5.432511	9.158058	4.823072	-2.991457	-7.612448	-10.209831	-5.795062	-20.784207	-18.301750	-5.309225	-3.585894	7.931090	-9.993231
97	4	22	-6.110541	6.333455	8.668410	6.004942	-13.453122	7.913138	5.642740	3.553846	7.262371	6.916006	6.998377	-16.949891	6.131902	6.016914	5.058313	7.204047	-2.937014	-21.683705	-13.807860	8.139919	4.313046	6.511854	9.390550	10.456660	11.158470	5.022697	7.342920	1.906216	4.404256
97	4	38	9.852241	-11.577024	-12.839092	-9.528401	9.884331	-5.194725	-11.818964	-5.971326	-4.868460	6.916006	-6.100723	8.648957	-5.833313	6.016914	5.058313	7.204047	-2.937014	-21.683705	-13.807860	8.139919	4.313046	6.511854	9.390550	10.456660	11.158470	5.022697	7.342920	1.906216	4.404256
97	4	15	-6.110535	6.333455	8.668410	6.004943	-14.999392	7.913138	5.646596	7.479224	7.262371	-10.220595	6.998377	-17.048249	6.131931	6.016914	1.633219	2.322157	5.432511	9.158058	4.823072	-2.991457	-7.612448	-10.209831	-5.795062	-20.784207	-18.301750	-5.309225	-3.585893	7.931090	-9.993236
98	2	90	8.991178	-9.433125	-21.798923	-9.922320	5.774307	-10.064646	-12.552044	-1.630191	-3.419882	-15.337140	-7.586099	9.794458	-8.870475	6.559963	-0.784766	-2.751375	6.337025	10.186133	7.061671	-6.175860	-11.709346	-10.220429	-19.527901	-26.266785	-16.361946	-2.976253	-1.476223	6.135938	-9.044472
98	2	10	1.109233	2.396950	8.769433	6.399373	-17.555210	6.538595	5.648291	1.130895	4.556219	-15.337797	7.762008	-10.075026	2.794695	6.559963	-0.784766	-2.751375	6.337025	10.186133	7.061671	-6.175863	-11.709346	-10.220429	-19.527901	-26.266785	-16.361946	-2.976253	-1.476223	6.135938	-9.044472
99	4	55	-5.116197	3.522240	11.535385	8.328183	-10.354612	7.132110	3.956762	-2.386538	7.551390	8.063802	7.052597	-7.989731	7.812234	6.202508	6.195499	6.081693	-0.124046	-21.429813	-16.282349	8.619658	5.366592	6.621109	9.178020	10.182757	7.401433	8.323328	9.542407	1.397331	5.506068
99	4	38	4.831877	-10.436933	-14.890608	-4.466199	10.458956	-2.165733	-13.338380	-11.107669	-2.197737	8.063802	-9.099228	10.774093	-3.170454	6.202508	6.195499	6.081693	-0.124046	-21.429813	-16.282270	8.619658	5.366592	6.621109	9.178020	10.182757	7.401433	8.323328	9.542407	1.397331	5.506068
99	4	2	-5.116197	3.522241	11.536075	8.468497	-15.830609	7.132110	6.463666	3.100964	7.551390	-13.420964	7.052598	-14.064114	7.813089	6.202508	0.051532	0.462174	7.409610	10.625457	8.175166	-1.970658	-5.021180	-7.128203	-13.873829	-23.212749	-25.494895	-2.733906	2.203173	7.686124	-11.469516
99	4	5	4.831877	-10.436933	-14.890607	-4.466147	10.458956	-2.165733	-13.264251	-5.620167	-2.197737	-13.420964	-9.099228	10.774093	-3.170454	6.202508	0.051532	0.462174	7.409610	10.625457	8.175166	-1.970658	-5.021180	-7.128203	-13.873829	-23.212747	-25.494895	-2.733903	2.203173	7.686124	-11.469514
100	4	33	-6.699835	6.708411	10.527477	7.794756	-18.167418	7.690787	7.389875	6.366355	6.278227	-12.047910	6.595672	-15.505286	3.859414	7.380580	0.909191	3.573888	6.644160	7.110599	7.958098	-0.721531	-1.896723	-14.902047	-14.774559	-20.915867	-22.024810	-4.582907	-2.235908	9.416593	-12.287272
100	4	19	7.090481	-7.664135	-15.362929	-10.930131	10.148163	-10.487832	-14.571605	-10.685293	-5.399564	7.255233	-5.509091	9.513620	-6.569186	7.380580	6.826546	6.062918	-1.712717	-19.118199	-12.518900	5.474151	7.167089	0.986330	10.108331	10.324985	7.953033	5.261374	6.758059	5.250522	4.665251
100	4	33	7.090481	-7.664135	-15.358974	-10.930131	10.148163	-10.487832	-14.420936	-4.786606	-5.399564	-12.047910	-5.509091	9.483279	-6.569186	7.380580	0.909191	3.573888	6.644160	7.110599	7.958098	-0.721531	-1.896723	-14.902047	-14.774559	-20.915867	-22.024810	-4.582907	-2.235908	9.416593	-12.287272
100	4	15	-6.699835	6.708411	10.526905	7.794752	-13.149631	7.690787	6.932891	0.467668	6.278227	7.255233	6.595672	-11.447339	3.859332	7.380580	6.826546	6.062918	-1.712717	-19.118199	-12.518891	5.474151	7.167089	0.986330	10.108331	10.324985	7.953033	5.261374	6.758059	5.250522	4.665251
