5	2	7.511736	-13.270475	-18.906000	-9.195819	9.840703	-5.857158	-17.026772	-4.948864	-4.425960	-20.234151	-11.586803	5.902094	-3.430878	6.129071	-3.098159	0.258264	3.860461	10.317590	6.937513	-5.126800	-7.366098	-10.735702	-11.909659	-16.307137	-22.820633	-6.419490	-2.366536	6.561350	-8.238485	-9.355736	4.182087	10.324350	7.385090	-18.924454	9.354918	5.340507	7.507206	7.704896	-20.234151	5.829949	-20.705352	6.873279	6.129071	-3.098159	0.258264	3.860461	10.317590	6.937513	-5.126800	-7.366098	-10.735702	-11.909659	-16.307137	-22.820633	-6.419490	-2.366536	6.561350	-8.238485
7	2	-7.320095	6.086274	9.372084	6.189077	-15.822564	5.485264	7.631794	6.677556	5.326786	-17.126793	5.449783	-18.664215	4.321792	3.812988	-5.136776	-1.642831	4.695370	9.550579	7.277160	-5.492579	-7.809470	-8.211623	-13.776256	-14.582842	-14.143892	-4.840317	-5.915193	5.891623	-8.430025	6.684248	-10.643034	-19.258049	-7.855304	9.802014	-12.635448	-15.435931	-2.185201	-7.080151	-17.126793	-11.575615	9.179879	-5.809073	3.812988	-5.136776	-1.642831	4.695370	9.550579	7.277160	-5.492578	-7.809470	-8.211623	-13.776256	-14.582842	-14.143892	-4.840317	-5.914778	5.891623	-8.430025
13	2	7.172874	-10.043393	-13.149596	-10.045413	10.025333	-8.029036	-9.366373	-6.454620	-3.812155	-13.605794	-4.930654	6.576508	1.378186	6.037545	-4.199107	1.641643	4.289635	7.927087	5.997676	-3.134198	-6.391835	-4.436729	-19.749283	-20.814681	-20.186646	-3.765912	0.725525	6.619972	-15.064493	-8.125393	5.494785	11.232731	6.698318	-14.886748	6.416886	6.694311	5.397683	7.565087	-13.605794	6.560570	-21.932161	6.414997	6.037545	-4.199107	1.641643	4.289635	7.927087	5.997676	-3.134203	-6.391835	-4.436729	-19.749283	-20.814681	-20.186646	-3.765912	0.725525	6.619972	-15.064493
15	2	-12.572993	6.274959	10.625429	8.754024	-17.145549	5.474272	8.817919	7.022897	6.386038	-15.263991	8.116306	-15.189976	6.210028	5.765822	-3.905559	1.118689	6.240445	9.443742	7.405453	-4.068194	-9.841890	-11.598864	-12.657792	-24.783864	-15.577403	-3.332039	-5.147491	8.055903	-6.335408	3.291989	-11.846180	-13.802392	-4.980977	9.448059	-10.788572	-15.081492	-5.160647	-2.477952	-15.263991	-7.769257	9.530661	-2.421387	5.765822	-3.905559	1.118689	6.240445	9.443742	7.405453	-4.068194	-9.841890	-11.598864	-12.657791	-24.783864	-15.577403	-3.332039	-5.147491	8.055903	-6.335408
21	2	7.771718	-11.112850	-12.714107	-4.615592	-2.875456	-3.855050	-8.146807	1.919485	-0.820993	-7.479610	-5.819668	9.506109	-0.160507	4.057634	-4.427773	2.793759	6.273733	7.853818	4.913617	-3.780135	-8.701618	-6.203796	-18.121054	-23.870072	-19.484452	-0.881061	-6.643293	3.366541	-2.266523	-6.289201	7.129409	10.384324	6.648484	-22.408453	7.823440	6.689747	7.837593	5.316389	-7.479610	7.987526	-18.172631	6.336678	4.057634	-4.427773	2.793759	6.273733	7.853818	4.913617	-3.780135	-8.701618	-6.203796	-18.121054	-23.870072	-19.484452	-0.881061	-6.643293	3.366541	-2.266522
27	2	5.282818	-8.267314	-18.455196	-7.966676	8.665052	-11.346375	-13.659036	-6.196652	-1.698966	8.249125	-9.939373	10.276856	0.864074	7.127653	6.494865	5.915517	0.757079	-18.452686	-8.145615	6.781025	6.389461	0.407426	9.089595	0.124124	11.144119	6.292695	6.800960	-0.648122	6.975124	-12.348421	6.938058	9.044071	7.049260	-13.921108	3.784428	5.758498	-0.573257	7.954136	8.249125	5.709898	-11.401257	7.041604	7.127653	6.494865	5.915517	0.757079	-18.452686	-8.145615	6.781025	6.389461	0.407426	9.089595	0.124124	11.144119	6.292695	6.800960	-0.648122	6.975124
30	2	7.091001	-6.329066	-17.008748	-10.486592	10.896253	-12.692977	-18.423590	-12.482002	-10.160873	8.454077	-9.564493	8.649138	-5.104967	5.992790	6.827142	5.346657	1.278414	-14.791437	-12.409057	6.902790	5.264816	7.179751	7.499339	5.683543	9.014524	8.125623	7.285516	3.774256	9.591509	7.091001	-6.329066	-16.972967	-10.486592	10.896253	-12.692977	-18.423590	-7.542566	-10.160873	-4.393478	-9.564493	8.649138	-5.104967	5.992790	0.944741	-0.089610	6.993746	10.781714	6.074023	-0.728259	-11.563945	-10.617051	-16.113383	-27.221994	-22.620933	-2.676888	1.086471	6.488800	-1.384796
32	2	-8.405504	6.793539	9.863604	6.651939	-14.208243	9.505605	6.451626	8.150428	4.888418	-14.584216	6.375305	-16.950981	6.458694	6.168683	-4.074181	1.218293	4.261536	10.818295	4.487200	-2.982478	-11.695997	-7.654278	-14.797842	-19.673276	-20.307303	-4.538689	-5.829978	5.909395	-8.481188	6.194827	-11.591821	-13.745946	-7.471529	9.355613	-5.654275	-14.377893	-4.674020	-5.463347	-14.584216	-9.415957	9.365715	-3.552259	6.168683	-4.074181	1.218293	4.261536	10.818295	4.487200	-2.982478	-11.695997	-7.654278	-14.797842	-19.673276	-20.307303	-4.538689	-5.829978	5.909395	-8.481188
36	2	5.007399	-11.798894	-19.737689	-12.723259	9.406830	-11.821124	-9.668522	1.244630	-6.277379	-6.077189	-10.143429	7.769563	-1.992816	6.457100	-5.310431	1.238184	6.372476	9.954028	6.571040	-7.028762	-7.664563	-10.259508	-17.350129	-22.536621	-18.193420	-3.719972	-5.144967	5.197900	-9.267256	-7.307146	6.518267	8.514287	3.364204	-9.921124	5.059290	6.736448	8.897010	5.994582	-6.077189	5.933933	-16.115405	7.487053	6.457100	-5.310431	1.238184	6.372476	9.954028	6.571040	-7.028762	-7.664563	-10.259509	-17.350129	-16.960625	-18.193420	-3.719972	-5.144967	5.197900	-9.267256
38	2	8.709033	-9.894124	-16.294243	-11.098820	6.201409	-10.243971	-12.812855	-12.179027	-1.918199	9.347619	-5.394741	9.890025	-4.011085	5.920059	4.884204	6.568188	-8.353037	-20.913690	-8.976516	3.817770	5.033018	7.795158	9.278536	11.632059	9.159003	5.553815	6.159020	2.431083	5.769531	-5.959063	6.501914	11.290953	2.879890	-12.300865	4.999184	8.678323	0.654222	6.625148	9.347619	5.865988	-11.468537	7.733692	5.920059	4.884204	6.568188	-8.353037	-20.913690	-8.976516	3.817770	5.033018	7.795158	9.278536	11.632059	9.159003	5.553815	6.159020	2.431083	5.769531
39	2	-10.690339	5.997464	8.754602	7.340929	-22.067855	6.977992	8.638141	7.090862	8.673727	-13.175516	6.922709	-20.662078	4.228562	2.670255	-4.220720	0.334433	7.696883	7.729959	6.548772	-7.097337	-9.625025	-7.210415	-15.974463	-19.422038	-23.849295	-4.675522	-2.342406	8.897033	-0.820737	6.072378	-11.407963	-17.027882	-9.402519	5.790868	-11.263730	-8.775618	-4.098224	-0.333763	-13.175516	-10.339915	8.050401	-4.363775	2.670255	-4.220720	0.334433	7.696883	7.729959	6.548772	-7.097337	-9.625025	-7.210415	-15.974463	-19.422038	-23.849295	-4.675522	-2.342406	8.897033	-0.820737
41	2	8.342166	-12.600413	-9.006695	-10.169178	8.578174	-4.803515	-13.840364	-3.357065	-4.419892	-16.563104	-6.274378	11.516098	-2.943274	2.078194	-5.549687	-3.203428	5.695556	10.573971	7.094238	-1.552343	-11.856279	-0.127112	-19.194067	-9.145042	-15.790538	-6.150680	-6.060816	7.462372	-10.851655	-9.994481	3.469218	9.865603	7.256364	-21.666809	5.760321	6.368086	6.005818	8.233134	-16.563104	5.786664	-13.760864	6.735895	2.078194	-5.549687	-3.203428	5.695556	10.573971	7.094238	-1.552343	-11.856279	-0.127112	-19.194067	-9.144918	-15.790538	-6.150677	-6.060816	7.462372	-10.851651
43	2	2.271833	-9.886477	-21.428269	-9.522545	9.942047	-10.739044	-14.795627	-2.300909	-6.570704	-6.061372	-10.251098	8.322122	-2.196525	7.653803	0.034578	-1.366604	8.016365	9.294460	4.063391	-1.316627	-5.002589	-7.579637	-17.947303	-21.152624	-23.446621	-5.366984	-3.479699	3.201884	-6.959730	-11.661103	6.275218	8.423492	6.214497	-11.831931	6.610859	7.263874	6.706318	4.407098	-6.061372	4.390234	-14.906418	6.602682	7.653803	0.034578	-1.366604	8.016365	9.294460	4.063391	-1.316627	-5.002589	-7.579637	-17.947303	-21.152624	-23.446621	-5.366984	-3.479699	3.201884	-6.959730
47	2	8.422760	-7.181160	-15.018552	-8.903333	10.692350	-9.471226	-12.607539	-4.669634	-5.935132	-12.012942	-9.351590	9.014685	-5.733207	1.554149	-1.934805	-1.826020	6.092829	9.791028	3.254798	0.539096	-11.604517	-6.912427	-14.156422	-18.572961	-13.404956	-0.191583	-11.533114	5.224254	-4.977427	-3.477049	5.076325	7.964966	5.914630	-19.418459	8.601219	9.240855	7.273868	6.543376	-12.012942	9.113917	-18.732745	6.209035	1.554149	-1.934805	-1.826020	6.092829	9.791028	3.254798	0.539096	-11.604517	-6.912427	-14.116955	-18.572961	-13.404956	-0.191580	-11.533114	5.224254	-4.977424
48	2	6.564640	-13.021075	-15.496950	-8.564686	6.934533	-10.979507	-14.868584	-5.782804	-3.522738	-7.082363	-8.932040	10.380285	-3.800571	5.279278	3.779571	2.010355	5.345792	9.799673	6.555555	1.624585	-5.107941	-5.841831	-11.238787	-13.016981	-22.559902	-4.812434	-2.354900	6.405338	-15.479398	-8.708135	5.566619	10.326723	5.483286	-18.504440	6.044805	6.149127	6.445110	6.740475	-7.082363	5.316604	-17.281909	6.978153	5.279278	3.779571	2.010355	5.345792	9.799673	6.555555	1.624585	-5.107941	-5.841832	-11.238787	-13.016981	-22.559903	-4.812434	-2.354900	6.405338	-15.479398
49	2	7.127026	-8.198417	-15.756205	-7.319063	8.492076	-11.303033	-12.210963	-3.384828	-1.717899	-12.869628	-13.425872	11.512700	-2.938067	4.081260	-3.464110	1.412672	7.058595	8.717743	1.125108	-4.100798	-13.361863	-12.128548	-14.778358	-15.786968	-19.565718	-1.476326	-6.686761	7.091114	-12.400522	-8.227589	7.586665	10.344489	7.908422	-20.287964	6.446592	7.008910	8.878838	7.549242	-12.869628	4.371072	-14.782328	7.939629	4.081260	-3.464110	1.412672	7.058595	8.717743	1.125108	-4.100798	-13.361863	-12.128548	-14.778358	-15.786968	-19.565810	-1.476326	-6.686761	7.091114	-12.400522
52	2	-7.499846	7.480218	9.971650	7.818935	-16.427654	6.545669	8.028457	3.303341	6.186250	6.216214	5.360728	-16.040185	6.968701	6.491430	7.842628	6.875142	-4.417250	-18.239193	-17.679497	7.121842	6.375654	7.586171	11.217979	11.324485	11.613222	7.416598	7.083259	1.884183	6.386097	7.943289	-9.308070	-16.662981	-8.252089	9.596457	-9.485085	-12.793633	-8.917951	-4.552087	6.216214	-9.926966	7.827221	-4.694882	6.491430	7.842628	6.875142	-4.417250	-18.239193	-17.679497	7.121842	6.375654	7.586171	11.217979	11.324485	11.613222	7.416598	7.083259	1.884183	6.386097
56	2	-5.549824	7.380766	13.160181	8.396624	-15.468141	6.601993	7.447855	6.592083	7.554780	-13.410124	5.340419	-14.956508	6.515274	7.403204	-1.459562	-2.521474	5.654066	9.301270	6.305680	-6.120522	-11.396425	-13.900395	-17.815124	-18.960821	-20.710077	-8.230240	-6.872263	7.123553	-13.872436	5.827147	-9.100725	-15.549726	-8.514423	9.266031	-7.557206	-12.140502	-4.845158	-5.257516	-13.410124	-6.927510	10.928238	-2.264463	7.403204	-1.459562	-2.521474	5.654066	9.301270	6.305680	-6.120522	-11.396425	-13.900395	-17.815124	-18.960821	-20.710077	-8.230240	-6.872263	7.123553	-13.872436
57	2	-5.269745	5.997417	10.319908	7.422667	-9.672690	5.047704	6.830559	4.122180	8.950177	-15.938179	8.248675	-16.279044	7.441273	3.899038	-6.943585	0.729587	5.714892	10.529248	5.941268	-2.726286	-9.141840	-11.554601	-12.415052	-19.686205	-19.673863	-2.763847	-1.280209	4.336083	-4.946989	6.643383	-10.415076	-15.361739	-1.397172	10.148189	-13.188059	-13.841310	-6.659416	-2.637337	-15.938179	-9.113994	9.661048	-5.162632	3.899038	-6.943585	0.729587	5.714892	10.529248	5.941268	-2.726286	-9.141840	-11.554601	-12.415052	-19.686205	-19.673863	-2.763847	-1.280209	4.336083	-4.946989
68	2	8.218884	-3.704649	-14.480731	-7.184114	9.236353	-8.439363	-10.887009	0.850147	-4.841775	-1.944616	-11.345917	9.444133	-4.008076	3.998052	-5.375287	2.183052	7.511797	11.007964	6.081280	-1.013414	-8.941424	-9.741020	-13.719581	-16.413062	-21.741047	-5.833434	-7.415387	4.528727	0.663585	-10.640698	6.478777	8.653094	9.564973	-17.929855	6.381902	8.440470	8.384613	3.629258	-1.944616	5.854581	-11.340589	6.981248	3.998052	-5.375287	2.183052	7.511797	11.007964	6.081280	-1.013414	-8.941424	-9.741020	-13.719581	-16.413062	-21.741047	-5.833434	-7.415387	4.528727	0.663585
81	2	-6.248591	5.798351	11.106545	7.222086	-23.348406	8.122641	4.413057	6.387918	5.974511	-18.320863	7.165626	-16.958615	5.886730	9.024915	0.640062	0.354067	6.643572	10.906288	6.872755	-2.853086	-12.651842	-7.115397	-15.751196	-18.490518	-22.857622	-0.774685	-6.782280	8.394041	-6.271126	8.185893	-12.150939	-14.829317	-4.456897	5.664739	-5.690860	-13.857922	-4.197191	-6.060067	-18.320863	-11.629615	9.269132	-6.683699	9.024915	0.640062	0.354067	6.643572	10.906288	6.872755	-2.853086	-12.651842	-7.115397	-15.751196	-18.490518	-22.857622	-0.774685	-6.782280	8.394041	-6.271126
82	2	6.315480	-9.484587	-19.639345	-10.282324	11.314774	-14.065766	-20.139845	-4.979041	-4.888816	-16.343480	-5.634233	10.332913	-3.310398	7.502365	1.166208	1.572125	6.375708	7.577109	7.770085	-5.709542	-6.945513	-8.406288	-15.548539	-25.764006	-24.047636	-5.965670	-10.199114	6.774576	-8.797130	-12.457881	5.745415	8.607613	6.372769	-16.032717	3.907380	1.702049	5.072228	5.684803	-16.343480	6.760346	-16.076756	9.160254	7.502365	1.166208	1.572125	6.375708	7.577109	7.770085	-5.709542	-6.945513	-8.406288	-15.548539	-25.764006	-24.047636	-5.965670	-10.199114	6.774576	-8.797131
84	2	7.908334	-10.385888	-19.059178	-14.281377	10.725906	-12.131795	-11.653036	-2.012384	-3.285253	-14.970581	-13.040195	10.012690	-3.396183	7.776391	0.274807	-0.246809	6.488086	9.246150	6.180040	-2.245123	-7.691539	-10.571043	-13.366035	-22.273245	-21.999997	-7.464161	0.344550	6.461254	-8.721644	7.908334	-10.385888	-19.059182	-14.281377	10.726018	-12.131812	-15.805060	-8.652905	-3.285256	6.437616	-13.040201	10.016790	-3.396184	7.776391	6.117820	6.301623	-2.006583	-18.074406	-6.366951	6.169708	8.445021	7.022676	11.213415	11.473541	11.019840	5.720848	7.789602	0.425492	7.189238
85	2	6.095375	-10.325448	-19.682120	-8.167257	9.734032	-6.121124	-18.205384	-8.281391	-2.215366	-13.856633	-6.408662	10.187311	-8.129258	4.158491	-1.305944	2.909195	5.546220	8.085930	6.011419	-2.369023	-7.133178	-5.895486	-10.997277	-20.141874	-21.347589	-3.154439	-1.627046	8.156152	-9.238025	-8.679494	6.220030	6.594854	5.001834	-11.336916	6.461691	2.462794	3.337144	6.433966	-13.856633	5.632435	-12.633971	4.161107	4.158491	-1.305944	2.909195	5.546220	8.085930	6.011419	-2.369023	-7.133178	-5.895486	-10.997152	-20.141873	-21.347589	-3.154439	-1.627046	8.156152	-9.238025
87	2	6.323279	-9.661018	-10.574660	-10.139040	10.546134	-9.442841	-20.085845	-3.803066	-1.202328	-7.361838	-7.244921	8.012877	-6.867892	6.130752	1.596689	3.997348	7.384915	11.216757	2.325065	-0.546322	-10.008377	-8.853777	-11.652072	-21.137538	-24.672177	-4.932373	-5.736107	5.874556	-6.977075	6.323279	-9.661018	-10.574660	-10.139040	10.546134	-9.442841	-20.085847	-3.837216	-1.202328	5.542630	-7.244921	8.012877	-6.867892	6.130752	3.833637	7.450738	2.030292	-15.331540	-9.523210	7.275563	6.707714	5.412553	9.541608	10.717759	8.527063	5.199953	6.218594	2.792959	6.495535
88	2	4.069624	-6.012428	-22.261327	-7.752825	8.938971	-12.062689	-13.882685	-9.888861	-6.588571	5.178118	-8.195299	10.591788	-4.780589	8.112328	7.742648	6.091805	-5.066466	-24.171861	-12.417752	9.462009	9.135900	6.813364	10.316836	7.797507	11.176432	6.688810	9.037511	2.885420	6.674811	-7.366625	6.694306	4.382463	5.250343	-8.861052	5.534359	1.682742	0.429043	3.742424	5.178118	7.383338	-5.222918	6.586381	8.112328	7.742648	6.091805	-5.066466	-24.171861	-12.417752	9.462009	9.135900	6.813364	10.316836	7.797507	11.176432	6.688810	9.037511	2.885420	6.674811
91	2	6.581698	-12.885307	-16.382836	-12.329970	10.332607	-7.974289	-10.532027	-3.518082	-5.851465	-14.163149	-6.509662	8.926374	-4.823630	5.506479	-0.666952	1.188919	6.997704	12.099186	5.349670	-3.638492	-9.055388	-10.974146	-12.653917	-18.274390	-21.276793	-6.421230	-4.998829	7.531489	-9.728849	6.581698	-12.885307	-16.382836	-12.329970	10.332607	-7.974289	-10.545370	-9.663143	-5.851465	5.456710	-6.509662	8.926374	-4.823630	5.506479	5.933016	6.911340	-0.512389	-14.931060	-13.207766	7.454500	5.592944	5.283262	12.675845	6.535700	10.425010	3.881892	7.494985	4.005280	4.104376
92	2	-6.020393	4.977914	8.727685	3.847230	-21.300055	8.095641	5.302226	6.581658	5.909683	-13.092357	9.425642	-20.421520	6.917115	5.807234	-2.460246	3.349137	6.077565	6.691910	6.388954	-3.172269	-8.985985	-12.880880	-21.392639	-15.420198	-15.944410	-7.235916	-6.903227	8.630594	-8.033906	7.294524	-12.209075	-9.733981	-8.687948	8.632236	-0.428748	-15.976930	-3.855254	-1.431903	-13.092357	-5.646708	9.602975	-1.091951	5.807234	-2.460246	3.349137	6.077565	6.691910	6.388954	-3.172269	-8.985985	-12.880880	-21.392639	-15.420198	-15.944410	-7.235916	-6.903227	8.630594	-8.033906
93	2	3.648309	-7.726053	-15.861230	-10.199789	9.984773	-11.783412	-12.447273	-4.071726	-4.334736	-15.823849	-4.138290	10.699801	-4.021843	6.671542	-0.653223	8.601674	1.654574	9.115364	6.394116	-8.120275	-8.781782	-1.651675	-3.029138	-19.083472	-9.051998	-3.748878	-5.016823	5.739759	-8.447750	-9.108215	4.390823	8.243778	6.596816	-11.132872	5.595544	8.415423	6.468077	6.409471	-15.823849	7.574906	-17.983118	6.651330	6.671542	-0.653223	8.601674	1.654574	9.115364	6.394116	-8.120275	-8.781782	-1.651675	-3.029138	-19.083472	-9.052034	-3.748884	-5.016840	5.739759	-8.447752
94	2	5.891659	-6.428112	-16.392080	-12.137022	10.035376	-6.395114	-15.660577	0.872024	-3.530044	-12.330523	-7.982390	10.246899	-5.239189	7.607725	2.004164	1.571091	5.752465	10.027437	6.840981	-12.062530	-10.753831	-7.623095	-12.854585	-17.118288	-19.358497	-4.600821	-6.724808	7.131620	-8.518297	-12.402811	9.297370	10.163527	6.150424	-16.783144	7.559821	5.386791	8.243157	6.394189	-12.330523	8.403583	-10.956120	7.331888	7.607725	2.004164	1.571091	5.752465	10.027437	6.840981	-12.062530	-10.753831	-7.623118	-12.854585	-17.118299	-19.358498	-4.600821	-6.724808	7.131620	-8.518297
98	2	8.991178	-9.433125	-21.798923	-9.922320	5.774307	-10.064646	-12.552044	-1.630191	-3.419882	-15.337140	-7.586099	9.794458	-8.870475	6.559963	-0.784766	-2.751375	6.337025	10.186133	7.061671	-6.175860	-11.709346	-10.220429	-19.527901	-26.266785	-16.361946	-2.976253	-1.476223	6.135938	-9.044472	1.109233	2.396950	8.769433	6.399373	-17.555210	6.538595	5.648291	1.130895	4.556219	-15.337797	7.762008	-10.075026	2.794695	6.559963	-0.784766	-2.751375	6.337025	10.186133	7.061671	-6.175863	-11.709346	-10.220429	-19.527901	-26.266785	-16.361946	-2.976253	-1.476223	6.135938	-9.044472
