4	2	6.909559	6.153011	6.129785	5.289025	5.623585	5.425670	5.645277	4.635558	-0.321156	5.629975	6.404721	6.721426	2.561209	5.833012	-1.040789	1.821704	-0.192024	5.291752	5.623590	5.425690	1.123491	-1.585720	-4.249822	5.667044	6.408486	5.986900	3.731495	5.831742
6	2	6.097704	6.308728	6.987590	-5.059956	1.153991	0.977154	7.217285	7.624038	7.173341	-7.175978	3.229799	6.964281	4.004826	7.025483	-1.831187	0.925528	1.876822	-0.994040	1.158643	0.977154	3.296084	2.787830	2.036152	3.073245	3.234191	4.115741	9.136339	7.025423
9	2	7.297673	6.655183	6.995935	0.997016	-1.355776	5.801941	6.785872	8.800946	5.903375	-0.637322	-1.377648	5.572855	5.553730	6.014225	-4.000029	0.730124	3.699222	7.446649	3.954624	5.842979	1.172213	3.414297	1.401795	9.302350	5.066392	-0.729335	6.548020	2.251937
10	2	-10.215015	1.160389	0.900563	3.824728	6.678422	8.691253	-1.822625	0.561511	-10.063140	7.732284	6.585662	-0.565343	5.859545	7.839567	6.330286	7.290496	6.721011	2.120230	1.740260	6.417852	4.515054	6.793092	2.163952	-2.013475	2.142439	5.543802	5.021608	8.769932
12	2	-5.031584	5.493133	7.417009	8.387089	7.103889	6.730091	1.166886	1.927193	-7.404853	6.737572	5.712159	1.398401	7.728938	-1.491416	4.233163	9.183845	7.607318	5.461771	4.020208	6.466957	6.716051	6.334640	-1.715648	-2.751442	5.021579	7.186071	1.156526	3.498542
14	2	-7.709866	-0.923497	2.619688	6.235877	6.054489	8.162331	1.060697	-0.760178	-12.528486	6.381479	4.307790	1.195757	4.277092	4.916846	6.031022	5.102450	8.380091	0.870741	1.984971	2.760321	7.361450	5.263059	6.469513	-3.739076	-2.298507	7.345227	-0.391275	7.370000
15	2	-7.188943	-2.279059	2.661573	8.899105	6.800537	2.490693	2.563205	1.223462	-8.515866	5.096420	7.094988	0.170893	3.682788	3.681905	5.904495	3.688351	6.011246	3.089373	1.677977	1.953151	5.663883	7.534354	5.792986	-5.213030	3.666128	6.086257	0.939052	7.430808
19	2	-5.828967	-0.442529	-0.183336	6.669974	5.371545	4.648861	-2.208698	1.191258	-3.186437	3.172483	6.459495	2.466728	6.621680	0.957536	7.473463	5.830881	5.674449	5.793301	5.208186	3.927783	4.111263	7.394750	3.072807	-8.515884	6.089270	8.103468	0.736370	1.112277
23	2	-7.161237	4.212077	7.565933	6.857578	5.016613	6.099782	0.505669	1.723131	-3.776231	3.662460	6.826101	0.879497	7.811214	5.159485	4.563020	6.025911	7.583335	3.705646	-0.704558	3.286018	5.442779	6.568174	3.495567	-1.885580	0.391768	7.401006	4.610930	6.487297
25	2	6.494241	5.332544	6.895648	0.350254	0.246275	-0.090382	5.620532	5.171385	5.569503	-4.570459	0.148225	6.446618	2.635212	6.002762	-0.628175	0.648410	4.087155	5.379058	1.693281	1.247638	3.727966	-1.336203	2.689255	3.580958	2.249191	2.683563	7.841949	5.599907
26	2	9.635739	6.540120	5.606403	0.752047	-5.745572	0.117072	3.935238	3.782053	6.636683	-7.012840	0.224867	7.765848	4.252790	7.653658	-3.682365	0.304431	1.393577	7.140027	0.776696	0.117072	-2.685151	0.607503	-3.360986	4.047500	6.782776	1.832434	6.965071	3.543550
27	2	-2.631251	0.517396	-2.706175	3.235186	7.090277	6.865977	0.984157	2.773393	-6.641997	6.035986	8.411827	6.038685	4.097630	7.325742	5.265987	6.317330	3.085906	0.605141	7.087978	6.865903	7.171307	6.118526	-6.128994	1.501102	5.851838	8.412246	2.421574	7.328540
29	2	5.212299	3.950407	0.615762	1.688486	-0.473496	0.789483	6.968148	6.373873	1.436758	-2.897123	3.742634	6.315345	2.531906	7.294773	-1.592240	-0.749332	0.486329	6.761069	3.840707	1.989678	6.934789	0.123143	-1.121735	7.418875	5.433309	5.532666	4.968958	5.883706
31	2	-12.308090	1.428086	-0.444751	6.580206	6.640473	6.359916	-0.538275	3.013290	-9.715801	5.387975	6.434226	2.694795	8.072570	2.070811	3.806602	7.368179	4.608248	2.632586	4.261149	5.511372	4.516979	7.485523	-0.750406	-3.615433	1.643021	8.662751	2.618901	4.655611
35	2	7.126916	7.164167	7.420215	0.155301	1.403864	-0.964005	5.558513	7.843645	7.275151	-2.928200	1.158084	4.640970	1.418710	5.922403	-7.704855	0.914015	2.005925	4.606022	3.644155	-0.912238	-0.742560	1.785139	2.343610	5.093395	3.077303	-0.544359	1.750964	5.900936
37	2	-2.260724	1.403303	1.449679	5.238202	3.629809	4.074163	3.813517	1.298882	-4.949915	4.523761	4.065233	1.775438	6.243093	6.828210	6.134385	6.342282	5.014646	-1.116830	1.678826	3.451967	7.687310	7.348482	-0.226680	-5.997700	1.689513	4.190228	6.241599	7.991808
38	2	2.150625	6.602301	7.982684	3.176424	6.515258	6.653863	6.156101	6.026271	-5.787995	-0.562668	2.029770	4.417609	6.864529	6.271349	-7.221579	1.013527	2.095887	5.822421	8.079950	6.656467	1.116146	3.347749	-12.268815	3.780624	4.748394	0.999701	7.414272	5.289633
42	2	0.615442	0.183240	-0.429760	1.507226	2.006340	3.161232	6.643004	6.612145	5.820989	-3.979747	0.987778	6.220894	2.785876	4.076213	9.957853	5.649418	5.228845	1.506604	2.006340	3.161232	6.737909	6.644819	7.530121	-5.210147	0.987778	6.260243	2.669136	4.076241
44	2	-7.284359	-0.115007	-0.779049	5.263547	7.798247	7.331945	2.037968	1.667840	-4.516535	2.523919	6.065382	3.835859	6.516428	6.077740	10.152644	5.879497	5.135304	0.719118	2.889370	2.864209	5.304687	6.588183	3.467080	-6.954248	1.299526	9.125576	0.690390	7.152510
45	2	-5.156766	6.827849	5.396839	7.151716	5.438962	6.070356	-1.031627	6.210210	-2.382202	6.144253	6.507683	2.973804	8.083443	-0.740293	6.875222	7.034795	5.458972	0.814774	1.737147	1.148915	4.007714	8.503336	6.969423	-0.961685	0.046852	8.625768	1.694907	3.340809
47	2	9.609355	7.421517	8.732498	-0.314939	2.651969	1.355659	4.463318	6.286333	7.698904	-6.267171	-0.306188	6.437231	4.442843	6.297121	-5.430057	3.557499	2.430202	6.300185	6.508598	3.656639	-1.583372	0.656339	-1.290739	6.107846	4.970867	-0.120648	6.222739	6.230051
49	2	10.437845	6.763551	6.166490	2.442079	-0.233926	3.810274	6.706617	4.762156	5.275145	1.026748	0.337887	4.531414	3.894723	6.202981	-5.025358	0.549274	4.087931	5.013628	4.180556	6.918075	4.491065	-1.789670	-1.481974	8.312453	3.954217	3.725951	4.817586	6.175365
51	2	9.364793	5.356851	8.122351	2.171917	-2.099687	2.007174	7.549329	7.449299	7.910807	-6.808087	0.428358	8.753947	0.749199	6.525911	-10.857861	0.118306	1.511169	6.252172	2.164679	5.225483	0.911327	1.575880	-4.893786	5.401790	6.487977	3.622103	5.997775	3.804398
53	2	9.901882	8.821760	6.472676	1.259930	0.868907	1.833579	7.369126	7.242510	7.589184	-3.904521	-0.143167	5.482677	2.646496	7.035060	-14.686930	3.290553	0.646311	7.348845	6.011790	6.207844	1.018133	1.730361	-3.431921	5.691165	4.903786	0.250443	3.128452	0.452397
54	2	1.910468	6.997865	5.702688	3.057654	7.398577	6.019763	6.856733	7.713164	-1.152284	2.097116	7.612029	5.405091	4.752570	8.738494	-10.047032	0.996212	0.420260	7.053996	7.401187	6.019764	2.720352	2.404280	-10.470476	4.372295	8.130470	0.722428	8.082630	3.706985
59	2	2.284260	6.009691	7.712228	7.192758	2.121846	0.359574	8.343525	5.484982	4.453483	4.216024	4.531258	5.098649	3.565805	1.456929	-7.976908	-0.332793	1.966553	7.253025	2.122557	0.359574	3.617483	-0.858974	1.360872	7.310471	4.536128	-0.268137	5.690861	1.395572
60	2	10.996932	7.794252	6.341275	1.795594	1.399877	1.290610	6.363936	6.936051	3.849762	-3.834296	2.964806	3.537569	3.815521	6.429849	-8.456035	2.316563	3.712960	6.664799	7.837999	5.993929	0.708090	2.413576	-10.096588	3.589996	6.257960	-3.013456	4.264014	3.246871
62	2	-8.770991	-0.014534	-1.665462	7.143606	7.409399	0.418165	-2.351330	2.822223	-5.609208	6.682672	6.431842	4.495778	7.584006	1.439764	6.708092	6.252425	3.909212	2.558219	1.371680	-6.013668	4.111744	6.432023	1.789699	-5.031418	1.637554	8.726660	5.179699	6.843354
64	2	10.507286	7.201022	7.196859	0.512622	2.897949	2.187191	6.574918	2.074171	7.504668	1.637459	-0.056430	6.868835	-3.587662	6.713853	-4.192887	2.246852	1.094481	6.533136	5.915940	6.032231	5.249876	-3.952509	-3.240223	7.135186	5.061956	0.547619	2.465081	4.908203
67	2	10.464592	7.819856	4.588863	2.466631	2.725081	0.062408	0.759542	7.893237	5.227457	-0.804553	1.368574	6.303711	5.690163	8.177030	-0.654880	5.747617	3.851697	7.602138	6.885903	6.021091	-0.505582	4.880537	-1.136284	6.265053	6.453170	2.435416	7.029865	4.501775
72	2	9.554949	6.755548	6.682963	1.113992	2.287334	5.839672	7.481474	5.844918	3.163188	-3.379416	1.983742	4.897025	6.353605	7.909679	-2.518599	2.396549	2.258413	6.954826	5.533003	6.974357	1.949237	0.047683	-6.013265	1.935950	6.846961	1.085239	6.669113	6.278369
73	2	-10.209112	-0.147271	3.186910	6.303052	6.778742	7.920681	0.348702	-2.856116	-12.032016	2.992508	4.854544	0.181759	6.023487	1.121668	9.152121	6.163714	7.385403	1.286543	0.540206	2.952112	6.211872	3.681846	4.320345	-3.336852	-0.783259	4.474545	5.877879	4.990781
74	2	5.497380	6.009166	6.415100	0.155542	5.265712	3.156738	6.305703	6.181936	6.286153	-4.713572	1.320020	6.720885	2.516879	7.268230	-5.852031	0.411310	3.865349	6.582767	7.824794	3.302107	2.224804	0.657264	-8.108973	4.486996	7.326782	4.167712	8.206158	5.117279
79	2	8.092314	2.728062	5.079794	1.428886	3.852291	5.406088	8.820276	6.353853	4.916026	-3.821044	5.394747	7.709201	0.232596	5.399147	-5.819252	-2.833716	2.971304	7.151443	6.190851	7.302253	4.970253	0.496403	-7.774260	5.044743	7.772608	3.906442	6.162467	1.234502
81	2	-4.133647	0.878467	0.678805	7.608386	1.559411	1.518748	-0.883193	-0.458061	-9.036829	7.361842	2.813785	-2.754718	6.502585	3.422790	4.628728	6.011470	5.002788	4.923793	1.537240	1.518708	3.510022	5.355340	-0.305570	0.661234	2.781464	1.738100	6.498119	6.158741
83	2	-1.030375	2.079363	2.809169	8.867051	0.147886	3.802786	5.736454	0.255859	-1.235295	6.706111	3.076167	3.043830	4.779220	-0.171884	8.202840	6.592027	6.605429	2.891424	0.144282	3.800969	6.332772	5.669171	1.344170	-3.559101	-1.377271	6.137846	-1.243992	4.554407
86	2	8.642428	8.343296	8.223642	-1.344047	0.371735	1.934323	6.337581	7.227143	6.644633	-2.242101	2.996367	2.170657	1.332683	4.885698	-11.760005	4.676644	4.383969	5.221483	6.793343	5.480181	-0.260101	0.915230	-1.525219	7.086942	8.543278	-3.527841	1.332702	4.274673
89	2	-15.108323	2.743454	0.646636	7.176945	7.647601	5.354831	0.509559	-0.117607	-7.292343	6.420675	6.064212	2.477869	5.593008	3.408054	4.450487	7.740814	5.479459	2.019175	2.492451	-0.105338	6.676069	6.153926	0.863351	-3.302208	0.031707	7.057592	1.110281	5.559272
92	2	2.135956	4.968238	3.186756	-3.090584	-3.036874	0.762560	7.124838	7.568468	1.124375	-3.781847	0.802827	5.288944	1.185760	5.184316	8.030482	6.002756	6.241083	-3.090584	-3.036874	0.762560	7.584904	8.377475	4.904369	-7.393384	0.802827	5.831800	0.425131	5.184316
94	2	4.143263	8.721674	4.277653	4.817638	4.581606	2.616580	7.508876	6.727382	4.137915	0.653738	3.429574	6.699160	4.224292	4.236133	-3.768878	2.680773	-1.788999	7.070883	8.999334	5.635157	3.763353	3.423092	-2.335666	5.019071	6.407253	0.940355	7.350202	3.067223
95	2	7.912841	6.419235	6.897565	-0.014854	5.590224	5.568606	7.225880	4.937632	1.590005	2.168923	5.534462	4.683607	7.576097	6.180380	-3.529543	2.820546	1.931146	3.463236	6.806522	6.052793	1.035742	-1.239105	-5.933999	8.404618	6.208392	-0.946921	8.046443	3.426819
97	2	8.529122	6.279271	7.390164	1.151168	0.172299	1.820928	6.435266	5.349172	6.026093	0.751340	-1.801657	6.421938	1.583721	6.459282	-4.382321	2.711425	2.723243	6.238977	0.661028	1.821283	1.740366	-1.002003	-5.230852	8.470405	4.274654	1.256115	5.734150	4.864170
