1	1	100	-7.789516	-1.636686	1.889584	7.245253	5.424311	2.323028	0.851233	0.750047	1.215319	6.552376	6.426850	2.795914	2.616314	0.215188
2	1	100	-9.206038	3.673423	5.671149	8.524946	8.578208	7.246005	0.445576	1.436474	-6.265623	4.521058	6.832913	4.647777	1.120725	-0.365375
3	1	100	-7.846635	2.126928	1.527834	0.464610	5.635098	6.357827	2.154254	6.465893	-5.930922	3.429584	4.364838	-2.272277	4.040245	5.504146
4	2	81	6.909559	6.153011	6.129785	5.289025	5.623585	5.425670	5.645277	4.635558	-0.321156	5.629975	6.404721	6.721426	2.561209	5.833012
4	2	19	-1.040789	1.821704	-0.192024	5.291752	5.623590	5.425690	1.123491	-1.585720	-4.249822	5.667044	6.408486	5.986900	3.731495	5.831742
5	1	100	9.986721	9.433283	8.684147	4.082708	3.153136	4.808784	6.763675	7.503004	8.428918	-4.369600	3.765681	3.953734	6.138677	2.749548
6	2	76	6.097704	6.308728	6.987590	-5.059956	1.153991	0.977154	7.217285	7.624038	7.173341	-7.175978	3.229799	6.964281	4.004826	7.025483
6	2	24	-1.831187	0.925528	1.876822	-0.994040	1.158643	0.977154	3.296084	2.787830	2.036152	3.073245	3.234191	4.115741	9.136339	7.025423
7	1	100	-5.542613	-1.689328	1.265435	5.321214	5.069298	2.599958	1.250466	-3.913103	-1.619761	4.585224	7.159129	4.660849	5.053049	4.678072
8	1	100	-18.362975	0.682030	-2.764243	5.625660	8.801270	7.292512	-0.162676	-1.425806	-10.645913	8.182108	8.515096	3.511104	-0.409137	2.888409
9	2	73	7.297673	6.655183	6.995935	0.997016	-1.355776	5.801941	6.785872	8.800946	5.903375	-0.637322	-1.377648	5.572855	5.553730	6.014225
9	2	27	-4.000029	0.730124	3.699222	7.446649	3.954624	5.842979	1.172213	3.414297	1.401795	9.302350	5.066392	-0.729335	6.548020	2.251937
10	2	63	-10.215015	1.160389	0.900563	3.824728	6.678422	8.691253	-1.822625	0.561511	-10.063140	7.732284	6.585662	-0.565343	5.859545	7.839567
10	2	37	6.330286	7.290496	6.721011	2.120230	1.740260	6.417852	4.515054	6.793092	2.163952	-2.013475	2.142439	5.543802	5.021608	8.769932
11	1	100	8.281702	6.740006	8.477666	3.395661	1.461454	1.856913	8.094357	2.766874	6.956386	-1.269253	-2.169601	6.670535	-0.204142	6.244071
12	2	93	-5.031584	5.493133	7.417009	8.387089	7.103889	6.730091	1.166886	1.927193	-7.404853	6.737572	5.712159	1.398401	7.728938	-1.491416
12	2	7	4.233163	9.183845	7.607318	5.461771	4.020208	6.466957	6.716051	6.334640	-1.715648	-2.751442	5.021579	7.186071	1.156526	3.498542
13	1	100	9.577769	5.721113	5.746745	2.879565	4.920018	5.924192	7.219142	7.942814	1.725461	1.305657	4.171770	6.624217	-0.262498	5.698730
14	2	70	-7.709866	-0.923497	2.619688	6.235877	6.054489	8.162331	1.060697	-0.760178	-12.528486	6.381479	4.307790	1.195757	4.277092	4.916846
14	2	30	6.031022	5.102450	8.380091	0.870741	1.984971	2.760321	7.361450	5.263059	6.469513	-3.739076	-2.298507	7.345227	-0.391275	7.370000
15	2	35	-7.188943	-2.279059	2.661573	8.899105	6.800537	2.490693	2.563205	1.223462	-8.515866	5.096420	7.094988	0.170893	3.682788	3.681905
15	2	65	5.904495	3.688351	6.011246	3.089373	1.677977	1.953151	5.663883	7.534354	5.792986	-5.213030	3.666128	6.086257	0.939052	7.430808
16	1	100	9.338733	6.555858	7.481221	3.304836	1.433632	-3.299083	6.757592	8.898719	6.294910	-4.989110	-0.445318	6.160203	5.147584	6.593796
17	1	100	-11.078343	-1.296266	1.619395	6.939790	6.152074	4.580656	1.511924	3.331304	-2.696661	7.161819	7.834361	1.554346	7.106246	0.855909
18	1	100	-12.303832	0.801565	5.422121	9.749753	7.949304	8.520532	3.625458	1.558803	-7.300001	6.968033	7.392216	2.569191	6.560802	1.239396
19	2	49	-5.828967	-0.442529	-0.183336	6.669974	5.371545	4.648861	-2.208698	1.191258	-3.186437	3.172483	6.459495	2.466728	6.621680	0.957536
19	2	51	7.473463	5.830881	5.674449	5.793301	5.208186	3.927783	4.111263	7.394750	3.072807	-8.515884	6.089270	8.103468	0.736370	1.112277
20	1	100	7.698633	6.194591	6.626455	1.982655	-2.430045	2.921155	7.737267	7.879065	6.074689	-7.065587	-0.888684	7.353802	1.786657	6.459423
21	1	100	-7.948485	2.397186	0.492290	6.204576	5.605775	5.287442	4.807087	0.198105	-3.206720	4.118039	5.375184	-1.946039	8.231134	1.383495
22	1	100	4.573769	8.153388	6.815412	-2.031308	-4.052107	4.051996	7.125000	5.720041	4.232796	-1.254517	-0.023871	5.516664	3.227216	8.791252
23	2	99	-7.161237	4.212077	7.565933	6.857578	5.016613	6.099782	0.505669	1.723131	-3.776231	3.662460	6.826101	0.879497	7.811214	5.159485
23	2	1	4.563020	6.025911	7.583335	3.705646	-0.704558	3.286018	5.442779	6.568174	3.495567	-1.885580	0.391768	7.401006	4.610930	6.487297
24	1	100	11.906172	7.664113	6.542685	-0.948738	0.926517	2.871002	5.695872	7.518244	7.766006	-1.872679	1.741251	4.305994	6.406339	6.344625
25	2	69	6.494241	5.332544	6.895648	0.350254	0.246275	-0.090382	5.620532	5.171385	5.569503	-4.570459	0.148225	6.446618	2.635212	6.002762
25	2	31	-0.628175	0.648410	4.087155	5.379058	1.693281	1.247638	3.727966	-1.336203	2.689255	3.580958	2.249191	2.683563	7.841949	5.599907
26	2	89	9.635739	6.540120	5.606403	0.752047	-5.745572	0.117072	3.935238	3.782053	6.636683	-7.012840	0.224867	7.765848	4.252790	7.653658
26	2	11	-3.682365	0.304431	1.393577	7.140027	0.776696	0.117072	-2.685151	0.607503	-3.360986	4.047500	6.782776	1.832434	6.965071	3.543550
27	2	51	-2.631251	0.517396	-2.706175	3.235186	7.090277	6.865977	0.984157	2.773393	-6.641997	6.035986	8.411827	6.038685	4.097630	7.325742
27	2	49	5.265987	6.317330	3.085906	0.605141	7.087978	6.865903	7.171307	6.118526	-6.128994	1.501102	5.851838	8.412246	2.421574	7.328540
28	1	100	-11.815587	-1.118925	-2.874737	6.187164	6.379203	3.930607	2.423932	1.639617	-5.431385	7.397146	4.894783	-0.613218	4.499512	2.075100
29	2	55	5.212299	3.950407	0.615762	1.688486	-0.473496	0.789483	6.968148	6.373873	1.436758	-2.897123	3.742634	6.315345	2.531906	7.294773
29	2	45	-1.592240	-0.749332	0.486329	6.761069	3.840707	1.989678	6.934789	0.123143	-1.121735	7.418875	5.433309	5.532666	4.968958	5.883706
30	1	100	7.655771	6.215399	7.142495	-0.167764	4.579801	2.261432	6.754293	7.973738	4.610722	-7.250142	1.968140	6.496106	2.957623	6.219818
31	2	75	-12.308090	1.428086	-0.444751	6.580206	6.640473	6.359916	-0.538275	3.013290	-9.715801	5.387975	6.434226	2.694795	8.072570	2.070811
31	2	25	3.806602	7.368179	4.608248	2.632586	4.261149	5.511372	4.516979	7.485523	-0.750406	-3.615433	1.643021	8.662751	2.618901	4.655611
32	1	100	9.150066	5.975840	8.047775	-4.863077	5.362390	6.176122	8.762939	6.430013	1.198516	-2.005533	1.546730	6.515937	2.707672	8.199222
33	1	100	-11.196791	2.675840	4.610762	7.160499	8.862927	8.299192	1.803441	2.440988	-7.580001	2.149870	5.288387	2.982512	6.999142	3.324984
34	1	100	-5.630860	0.386710	0.923482	8.123767	6.378005	7.298453	1.791632	-1.918562	-15.736234	5.933146	9.320001	0.742012	6.331008	6.996884
35	2	81	7.126916	7.164167	7.420215	0.155301	1.403864	-0.964005	5.558513	7.843645	7.275151	-2.928200	1.158084	4.640970	1.418710	5.922403
35	2	19	-7.704855	0.914015	2.005925	4.606022	3.644155	-0.912238	-0.742560	1.785139	2.343610	5.093395	3.077303	-0.544359	1.750964	5.900936
36	1	100	8.079181	7.243965	5.790993	-0.899850	0.016267	0.884882	2.085813	6.374554	5.344381	-3.819978	2.027930	6.168537	5.503786	4.643064
37	2	57	-2.260724	1.403303	1.449679	5.238202	3.629809	4.074163	3.813517	1.298882	-4.949915	4.523761	4.065233	1.775438	6.243093	6.828210
37	2	43	6.134385	6.342282	5.014646	-1.116830	1.678826	3.451967	7.687310	7.348482	-0.226680	-5.997700	1.689513	4.190228	6.241599	7.991808
38	2	40	2.150625	6.602301	7.982684	3.176424	6.515258	6.653863	6.156101	6.026271	-5.787995	-0.562668	2.029770	4.417609	6.864529	6.271349
38	2	60	-7.221579	1.013527	2.095887	5.822421	8.079950	6.656467	1.116146	3.347749	-12.268815	3.780624	4.748394	0.999701	7.414272	5.289633
39	1	100	10.765728	5.736286	8.538759	2.719531	1.530552	4.260534	7.176667	7.053725	5.652642	-2.756525	0.997304	7.923021	-2.235955	5.646974
40	1	100	7.308402	5.821606	5.683957	2.272305	2.238738	1.765172	5.634112	6.682714	4.237792	-9.711286	-0.903291	6.956562	0.061968	7.219493
41	1	100	-5.854119	-0.642746	5.603437	6.851641	5.977015	5.405672	-0.081748	-0.611400	-1.672294	5.962446	4.601626	1.118163	7.507614	0.907150
42	2	44	0.615442	0.183240	-0.429760	1.507226	2.006340	3.161232	6.643004	6.612145	5.820989	-3.979747	0.987778	6.220894	2.785876	4.076213
42	2	56	9.957853	5.649418	5.228845	1.506604	2.006340	3.161232	6.737909	6.644819	7.530121	-5.210147	0.987778	6.260243	2.669136	4.076241
43	1	100	-6.374536	1.219902	0.602527	7.009927	7.175133	7.063806	1.414078	3.062240	-16.103165	7.756296	7.434536	-2.440192	6.780901	3.418814
44	2	17	-7.284359	-0.115007	-0.779049	5.263547	7.798247	7.331945	2.037968	1.667840	-4.516535	2.523919	6.065382	3.835859	6.516428	6.077740
44	2	83	10.152644	5.879497	5.135304	0.719118	2.889370	2.864209	5.304687	6.588183	3.467080	-6.954248	1.299526	9.125576	0.690390	7.152510
45	2	61	-5.156766	6.827849	5.396839	7.151716	5.438962	6.070356	-1.031627	6.210210	-2.382202	6.144253	6.507683	2.973804	8.083443	-0.740293
45	2	39	6.875222	7.034795	5.458972	0.814774	1.737147	1.148915	4.007714	8.503336	6.969423	-0.961685	0.046852	8.625768	1.694907	3.340809
46	3	53	10.919793	7.213996	7.989406	-0.013862	1.073337	3.584350	7.043004	6.249851	6.717634	-0.122015	1.929582	8.218260	3.267234	6.978504
46	3	37	3.560991	7.209388	7.989404	4.964468	7.210146	7.215158	7.036958	6.213673	-6.959095	4.037043	6.012424	7.880558	3.528283	5.257300
46	3	10	-7.366010	0.674324	3.189826	5.386787	7.214114	7.215159	2.629989	0.179874	-12.058095	7.513296	6.033121	2.828294	5.653828	4.650857
47	2	66	9.609355	7.421517	8.732498	-0.314939	2.651969	1.355659	4.463318	6.286333	7.698904	-6.267171	-0.306188	6.437231	4.442843	6.297121
47	2	34	-5.430057	3.557499	2.430202	6.300185	6.508598	3.656639	-1.583372	0.656339	-1.290739	6.107846	4.970867	-0.120648	6.222739	6.230051
48	1	100	9.730030	7.163213	7.385233	-0.005091	0.830985	-0.773249	9.160019	7.917904	5.826312	-2.298816	-0.384990	8.011223	0.483721	6.372917
49	2	99	10.437845	6.763551	6.166490	2.442079	-0.233926	3.810274	6.706617	4.762156	5.275145	1.026748	0.337887	4.531414	3.894723	6.202981
49	2	1	-5.025358	0.549274	4.087931	5.013628	4.180556	6.918075	4.491065	-1.789670	-1.481974	8.312453	3.954217	3.725951	4.817586	6.175365
50	1	100	-10.228078	2.725761	0.990001	4.588428	7.435742	5.492433	-0.350976	-2.487243	-7.162932	6.844956	3.527777	1.731520	6.397997	6.678632
51	2	41	9.364793	5.356851	8.122351	2.171917	-2.099687	2.007174	7.549329	7.449299	7.910807	-6.808087	0.428358	8.753947	0.749199	6.525911
51	2	59	-10.857861	0.118306	1.511169	6.252172	2.164679	5.225483	0.911327	1.575880	-4.893786	5.401790	6.487977	3.622103	5.997775	3.804398
52	1	100	8.485555	8.995676	4.713730	-1.085317	4.999235	2.258847	7.399890	7.604343	4.430273	-1.162316	0.152656	6.476774	-0.215233	7.025799
53	2	44	9.901882	8.821760	6.472676	1.259930	0.868907	1.833579	7.369126	7.242510	7.589184	-3.904521	-0.143167	5.482677	2.646496	7.035060
53	2	56	-14.686930	3.290553	0.646311	7.348845	6.011790	6.207844	1.018133	1.730361	-3.431921	5.691165	4.903786	0.250443	3.128452	0.452397
54	2	88	1.910468	6.997865	5.702688	3.057654	7.398577	6.019763	6.856733	7.713164	-1.152284	2.097116	7.612029	5.405091	4.752570	8.738494
54	2	12	-10.047032	0.996212	0.420260	7.053996	7.401187	6.019764	2.720352	2.404280	-10.470476	4.372295	8.130470	0.722428	8.082630	3.706985
55	1	100	12.013760	7.020173	8.387940	0.587173	0.401492	3.256140	7.160976	6.778666	3.634577	-0.130604	-0.851185	6.281289	4.534575	4.647231
56	1	100	11.952807	5.864146	6.444267	0.054733	1.203534	0.447045	6.002515	6.766481	6.874590	-3.646301	2.907628	6.360990	4.079193	7.198690
57	1	100	-8.123293	0.829356	1.831391	6.126610	7.196420	6.734143	2.880756	4.019443	-4.667181	6.629427	8.510936	0.558838	4.612614	4.738170
58	1	100	-13.260220	2.098781	3.781168	5.920904	6.115578	8.074153	3.879438	0.410200	-7.663694	5.189130	6.796007	2.052892	8.106701	6.794840
59	2	53	2.284260	6.009691	7.712228	7.192758	2.121846	0.359574	8.343525	5.484982	4.453483	4.216024	4.531258	5.098649	3.565805	1.456929
59	2	47	-7.976908	-0.332793	1.966553	7.253025	2.122557	0.359574	3.617483	-0.858974	1.360872	7.310471	4.536128	-0.268137	5.690861	1.395572
60	2	96	10.996932	7.794252	6.341275	1.795594	1.399877	1.290610	6.363936	6.936051	3.849762	-3.834296	2.964806	3.537569	3.815521	6.429849
60	2	4	-8.456035	2.316563	3.712960	6.664799	7.837999	5.993929	0.708090	2.413576	-10.096588	3.589996	6.257960	-3.013456	4.264014	3.246871
61	1	100	4.114544	5.943663	6.041321	5.959250	5.911757	5.162462	7.419132	4.977192	0.855740	4.544510	5.835467	3.438742	6.444483	2.824540
62	2	95	-8.770991	-0.014534	-1.665462	7.143606	7.409399	0.418165	-2.351330	2.822223	-5.609208	6.682672	6.431842	4.495778	7.584006	1.439764
62	2	5	6.708092	6.252425	3.909212	2.558219	1.371680	-6.013668	4.111744	6.432023	1.789699	-5.031418	1.637554	8.726660	5.179699	6.843354
63	1	100	8.647726	8.527779	5.099066	5.139749	4.164431	0.157250	3.507958	6.093473	-2.835782	2.365228	2.811901	4.905762	6.253096	3.657473
64	2	80	10.507286	7.201022	7.196859	0.512622	2.897949	2.187191	6.574918	2.074171	7.504668	1.637459	-0.056430	6.868835	-3.587662	6.713853
64	2	20	-4.192887	2.246852	1.094481	6.533136	5.915940	6.032231	5.249876	-3.952509	-3.240223	7.135186	5.061956	0.547619	2.465081	4.908203
65	1	100	-9.964940	2.823479	-0.154163	3.631046	4.689166	3.848965	1.321859	-3.131359	1.894118	4.435281	5.615983	1.913501	5.972942	6.236381
66	1	100	-10.119614	-0.427740	-1.057300	2.439469	6.965349	8.700634	-0.713183	3.641972	-7.852113	4.029238	2.618451	0.280220	7.542112	8.416729
67	2	32	10.464592	7.819856	4.588863	2.466631	2.725081	0.062408	0.759542	7.893237	5.227457	-0.804553	1.368574	6.303711	5.690163	8.177030
67	2	68	-0.654880	5.747617	3.851697	7.602138	6.885903	6.021091	-0.505582	4.880537	-1.136284	6.265053	6.453170	2.435416	7.029865	4.501775
68	1	100	10.010938	6.967551	6.293570	1.716820	-0.484841	0.231482	6.124053	3.858726	4.915994	-6.553638	2.789106	8.550518	1.257834	6.423376
69	1	100	-12.209775	-0.586276	0.453980	7.154395	6.822100	6.284513	3.158168	1.210363	-7.299146	5.888394	6.733417	2.454040	7.714988	3.187027
70	1	100	-3.981475	-2.413846	1.553253	8.396770	0.136298	-2.477487	-0.999874	2.923592	-6.822784	6.149505	3.133289	3.837618	5.853707	2.348478
71	1	100	-6.980891	1.152158	-2.537831	7.587524	4.107543	6.061898	0.946779	-2.176284	-9.942894	4.401912	4.359694	4.567174	6.825722	2.040586
72	2	97	9.554949	6.755548	6.682963	1.113992	2.287334	5.839672	7.481474	5.844918	3.163188	-3.379416	1.983742	4.897025	6.353605	7.909679
72	2	3	-2.518599	2.396549	2.258413	6.954826	5.533003	6.974357	1.949237	0.047683	-6.013265	1.935950	6.846961	1.085239	6.669113	6.278369
73	2	84	-10.209112	-0.147271	3.186910	6.303052	6.778742	7.920681	0.348702	-2.856116	-12.032016	2.992508	4.854544	0.181759	6.023487	1.121668
73	2	16	9.152121	6.163714	7.385403	1.286543	0.540206	2.952112	6.211872	3.681846	4.320345	-3.336852	-0.783259	4.474545	5.877879	4.990781
74	2	39	5.497380	6.009166	6.415100	0.155542	5.265712	3.156738	6.305703	6.181936	6.286153	-4.713572	1.320020	6.720885	2.516879	7.268230
74	2	61	-5.852031	0.411310	3.865349	6.582767	7.824794	3.302107	2.224804	0.657264	-8.108973	4.486996	7.326782	4.167712	8.206158	5.117279
75	1	100	8.250067	9.538903	8.599232	1.482454	-3.821081	4.613738	7.092811	6.513710	7.785766	-4.544384	0.206145	6.691518	3.462879	6.447086
76	1	100	8.369366	4.302860	4.882114	1.366938	-1.382818	-3.779984	6.222684	5.911605	5.567647	-2.595365	2.934769	4.629597	6.952306	3.388955
77	3	19	-6.926760	1.056723	2.250007	6.067008	6.122390	6.306891	1.405256	0.531625	-8.735633	3.702674	5.073953	2.036659	7.866202	5.425931
77	3	13	-0.191101	1.092787	2.250008	0.473304	0.999545	4.621626	1.639582	6.003326	-5.458248	-0.414798	0.026807	6.712290	5.729164	6.544392
77	3	68	7.230028	6.048678	7.392309	0.039312	0.999539	4.621626	6.805748	6.087847	0.410710	-6.299846	0.026401	7.476788	4.507823	6.544392
78	1	100	-6.114203	4.561028	3.988548	6.617816	7.207595	7.694890	0.122635	-0.648741	-9.078268	5.965745	6.474204	1.528401	6.543315	5.435301
79	2	47	8.092314	2.728062	5.079794	1.428886	3.852291	5.406088	8.820276	6.353853	4.916026	-3.821044	5.394747	7.709201	0.232596	5.399147
79	2	53	-5.819252	-2.833716	2.971304	7.151443	6.190851	7.302253	4.970253	0.496403	-7.774260	5.044743	7.772608	3.906442	6.162467	1.234502
80	1	100	7.121946	8.092230	5.491966	2.151231	0.436440	0.330899	7.587279	6.961651	7.044022	-2.639445	-3.263817	6.515136	4.689872	5.504189
81	2	59	-4.133647	0.878467	0.678805	7.608386	1.559411	1.518748	-0.883193	-0.458061	-9.036829	7.361842	2.813785	-2.754718	6.502585	3.422790
81	2	41	4.628728	6.011470	5.002788	4.923793	1.537240	1.518708	3.510022	5.355340	-0.305570	0.661234	2.781464	1.738100	6.498119	6.158741
82	1	100	-12.154435	-3.020931	2.162120	6.592257	7.618290	8.415566	-1.497701	0.007883	-6.682632	7.648166	7.158262	6.394561	3.997804	1.370327
83	2	60	-1.030375	2.079363	2.809169	8.867051	0.147886	3.802786	5.736454	0.255859	-1.235295	6.706111	3.076167	3.043830	4.779220	-0.171884
83	2	40	8.202840	6.592027	6.605429	2.891424	0.144282	3.800969	6.332772	5.669171	1.344170	-3.559101	-1.377271	6.137846	-1.243992	4.554407
84	1	100	8.498945	7.240507	7.547721	2.902653	0.711458	3.346157	7.196350	4.304035	5.547121	-4.213409	-1.111188	7.858836	-1.043777	6.290288
85	1	100	-20.125159	1.712277	1.507652	6.049464	6.456472	7.506100	2.271440	-0.981441	-5.509033	5.970399	6.483617	0.943664	7.892650	1.378534
86	2	48	8.642428	8.343296	8.223642	-1.344047	0.371735	1.934323	6.337581	7.227143	6.644633	-2.242101	2.996367	2.170657	1.332683	4.885698
86	2	52	-11.760005	4.676644	4.383969	5.221483	6.793343	5.480181	-0.260101	0.915230	-1.525219	7.086942	8.543278	-3.527841	1.332702	4.274673
87	1	100	9.096509	6.477769	5.980098	3.026048	0.301659	1.166843	7.032308	7.398678	6.115753	-0.076125	0.007773	5.948052	4.647906	7.863182
88	1	100	11.549602	7.158852	6.839083	4.173265	1.590413	1.478564	6.330552	7.615174	3.559594	-1.354128	-0.780262	1.595403	5.840012	7.890882
89	2	87	-15.108323	2.743454	0.646636	7.176945	7.647601	5.354831	0.509559	-0.117607	-7.292343	6.420675	6.064212	2.477869	5.593008	3.408054
89	2	13	4.450487	7.740814	5.479459	2.019175	2.492451	-0.105338	6.676069	6.153926	0.863351	-3.302208	0.031707	7.057592	1.110281	5.559272
90	1	100	-6.528544	-0.799702	-0.302820	6.037266	5.693526	6.141732	2.256680	-0.243877	-10.481865	4.156711	6.394362	3.725932	4.832717	5.514438
91	3	58	6.549120	4.958393	4.636977	0.597513	3.664622	2.581591	6.559665	6.489897	1.348415	-3.900978	5.368014	4.462489	5.785284	3.246174
91	3	30	-1.663302	1.584282	2.259736	6.617589	3.667614	2.585269	0.772546	1.126743	-1.663753	6.187838	6.243674	-1.257619	8.811561	-1.273430
91	3	12	1.266661	3.636526	3.078472	0.597881	3.664622	2.581591	6.544426	4.420516	0.395559	-0.310559	5.368014	2.182762	8.713348	3.246174
92	2	68	2.135956	4.968238	3.186756	-3.090584	-3.036874	0.762560	7.124838	7.568468	1.124375	-3.781847	0.802827	5.288944	1.185760	5.184316
92	2	32	8.030482	6.002756	6.241083	-3.090584	-3.036874	0.762560	7.584904	8.377475	4.904369	-7.393384	0.802827	5.831800	0.425131	5.184316
93	1	100	-6.721792	-1.206137	1.400852	7.053887	6.074811	3.954084	-3.326301	0.926185	-2.675838	9.338693	5.398070	6.750462	3.563406	1.442997
94	2	84	4.143263	8.721674	4.277653	4.817638	4.581606	2.616580	7.508876	6.727382	4.137915	0.653738	3.429574	6.699160	4.224292	4.236133
94	2	16	-3.768878	2.680773	-1.788999	7.070883	8.999334	5.635157	3.763353	3.423092	-2.335666	5.019071	6.407253	0.940355	7.350202	3.067223
95	2	81	7.912841	6.419235	6.897565	-0.014854	5.590224	5.568606	7.225880	4.937632	1.590005	2.168923	5.534462	4.683607	7.576097	6.180380
95	2	19	-3.529543	2.820546	1.931146	3.463236	6.806522	6.052793	1.035742	-1.239105	-5.933999	8.404618	6.208392	-0.946921	8.046443	3.426819
96	1	100	-12.829692	0.145603	2.104626	5.835947	7.234858	6.722357	0.959059	0.625962	-11.199792	4.972675	6.572225	0.285082	6.290205	6.668145
97	2	69	8.529122	6.279271	7.390164	1.151168	0.172299	1.820928	6.435266	5.349172	6.026093	0.751340	-1.801657	6.421938	1.583721	6.459282
97	2	31	-4.382321	2.711425	2.723243	6.238977	0.661028	1.821283	1.740366	-1.002003	-5.230852	8.470405	4.274654	1.256115	5.734150	4.864170
98	1	100	-9.373107	1.678853	0.206580	6.038291	2.870066	2.250599	-2.978675	5.116168	-2.319367	7.548422	6.756336	-1.208087	6.622343	-4.004647
99	1	100	10.527946	5.940892	5.412480	1.408779	3.777547	4.855412	6.558195	7.098218	2.193730	0.695545	3.786336	6.883122	-1.638595	7.544694
100	1	100	10.364633	6.809702	7.523948	2.053833	1.816878	-2.303896	6.302447	6.263284	4.533114	-2.454956	3.257694	7.615860	-0.261467	6.769914
