1	1	-7.789516	-1.636686	1.889584	7.245253	5.424311	2.323028	0.851233	0.750047	1.215319	6.552376	6.426850	2.795914	2.616314	0.215188
2	1	-9.206038	3.673423	5.671149	8.524946	8.578208	7.246005	0.445576	1.436474	-6.265623	4.521058	6.832913	4.647777	1.120725	-0.365375
3	1	-7.846635	2.126928	1.527834	0.464610	5.635098	6.357827	2.154254	6.465893	-5.930922	3.429584	4.364838	-2.272277	4.040245	5.504146
5	1	9.986721	9.433283	8.684147	4.082708	3.153136	4.808784	6.763675	7.503004	8.428918	-4.369600	3.765681	3.953734	6.138677	2.749548
7	1	-5.542613	-1.689328	1.265435	5.321214	5.069298	2.599958	1.250466	-3.913103	-1.619761	4.585224	7.159129	4.660849	5.053049	4.678072
8	1	-18.362975	0.682030	-2.764243	5.625660	8.801270	7.292512	-0.162676	-1.425806	-10.645913	8.182108	8.515096	3.511104	-0.409137	2.888409
11	1	8.281702	6.740006	8.477666	3.395661	1.461454	1.856913	8.094357	2.766874	6.956386	-1.269253	-2.169601	6.670535	-0.204142	6.244071
13	1	9.577769	5.721113	5.746745	2.879565	4.920018	5.924192	7.219142	7.942814	1.725461	1.305657	4.171770	6.624217	-0.262498	5.698730
16	1	9.338733	6.555858	7.481221	3.304836	1.433632	-3.299083	6.757592	8.898719	6.294910	-4.989110	-0.445318	6.160203	5.147584	6.593796
17	1	-11.078343	-1.296266	1.619395	6.939790	6.152074	4.580656	1.511924	3.331304	-2.696661	7.161819	7.834361	1.554346	7.106246	0.855909
18	1	-12.303832	0.801565	5.422121	9.749753	7.949304	8.520532	3.625458	1.558803	-7.300001	6.968033	7.392216	2.569191	6.560802	1.239396
20	1	7.698633	6.194591	6.626455	1.982655	-2.430045	2.921155	7.737267	7.879065	6.074689	-7.065587	-0.888684	7.353802	1.786657	6.459423
21	1	-7.948485	2.397186	0.492290	6.204576	5.605775	5.287442	4.807087	0.198105	-3.206720	4.118039	5.375184	-1.946039	8.231134	1.383495
22	1	4.573769	8.153388	6.815412	-2.031308	-4.052107	4.051996	7.125000	5.720041	4.232796	-1.254517	-0.023871	5.516664	3.227216	8.791252
24	1	11.906172	7.664113	6.542685	-0.948738	0.926517	2.871002	5.695872	7.518244	7.766006	-1.872679	1.741251	4.305994	6.406339	6.344625
28	1	-11.815587	-1.118925	-2.874737	6.187164	6.379203	3.930607	2.423932	1.639617	-5.431385	7.397146	4.894783	-0.613218	4.499512	2.075100
30	1	7.655771	6.215399	7.142495	-0.167764	4.579801	2.261432	6.754293	7.973738	4.610722	-7.250142	1.968140	6.496106	2.957623	6.219818
32	1	9.150066	5.975840	8.047775	-4.863077	5.362390	6.176122	8.762939	6.430013	1.198516	-2.005533	1.546730	6.515937	2.707672	8.199222
33	1	-11.196791	2.675840	4.610762	7.160499	8.862927	8.299192	1.803441	2.440988	-7.580001	2.149870	5.288387	2.982512	6.999142	3.324984
34	1	-5.630860	0.386710	0.923482	8.123767	6.378005	7.298453	1.791632	-1.918562	-15.736234	5.933146	9.320001	0.742012	6.331008	6.996884
36	1	8.079181	7.243965	5.790993	-0.899850	0.016267	0.884882	2.085813	6.374554	5.344381	-3.819978	2.027930	6.168537	5.503786	4.643064
39	1	10.765728	5.736286	8.538759	2.719531	1.530552	4.260534	7.176667	7.053725	5.652642	-2.756525	0.997304	7.923021	-2.235955	5.646974
40	1	7.308402	5.821606	5.683957	2.272305	2.238738	1.765172	5.634112	6.682714	4.237792	-9.711286	-0.903291	6.956562	0.061968	7.219493
41	1	-5.854119	-0.642746	5.603437	6.851641	5.977015	5.405672	-0.081748	-0.611400	-1.672294	5.962446	4.601626	1.118163	7.507614	0.907150
43	1	-6.374536	1.219902	0.602527	7.009927	7.175133	7.063806	1.414078	3.062240	-16.103165	7.756296	7.434536	-2.440192	6.780901	3.418814
48	1	9.730030	7.163213	7.385233	-0.005091	0.830985	-0.773249	9.160019	7.917904	5.826312	-2.298816	-0.384990	8.011223	0.483721	6.372917
50	1	-10.228078	2.725761	0.990001	4.588428	7.435742	5.492433	-0.350976	-2.487243	-7.162932	6.844956	3.527777	1.731520	6.397997	6.678632
52	1	8.485555	8.995676	4.713730	-1.085317	4.999235	2.258847	7.399890	7.604343	4.430273	-1.162316	0.152656	6.476774	-0.215233	7.025799
55	1	12.013760	7.020173	8.387940	0.587173	0.401492	3.256140	7.160976	6.778666	3.634577	-0.130604	-0.851185	6.281289	4.534575	4.647231
56	1	11.952807	5.864146	6.444267	0.054733	1.203534	0.447045	6.002515	6.766481	6.874590	-3.646301	2.907628	6.360990	4.079193	7.198690
57	1	-8.123293	0.829356	1.831391	6.126610	7.196420	6.734143	2.880756	4.019443	-4.667181	6.629427	8.510936	0.558838	4.612614	4.738170
58	1	-13.260220	2.098781	3.781168	5.920904	6.115578	8.074153	3.879438	0.410200	-7.663694	5.189130	6.796007	2.052892	8.106701	6.794840
61	1	4.114544	5.943663	6.041321	5.959250	5.911757	5.162462	7.419132	4.977192	0.855740	4.544510	5.835467	3.438742	6.444483	2.824540
63	1	8.647726	8.527779	5.099066	5.139749	4.164431	0.157250	3.507958	6.093473	-2.835782	2.365228	2.811901	4.905762	6.253096	3.657473
65	1	-9.964940	2.823479	-0.154163	3.631046	4.689166	3.848965	1.321859	-3.131359	1.894118	4.435281	5.615983	1.913501	5.972942	6.236381
66	1	-10.119614	-0.427740	-1.057300	2.439469	6.965349	8.700634	-0.713183	3.641972	-7.852113	4.029238	2.618451	0.280220	7.542112	8.416729
68	1	10.010938	6.967551	6.293570	1.716820	-0.484841	0.231482	6.124053	3.858726	4.915994	-6.553638	2.789106	8.550518	1.257834	6.423376
69	1	-12.209775	-0.586276	0.453980	7.154395	6.822100	6.284513	3.158168	1.210363	-7.299146	5.888394	6.733417	2.454040	7.714988	3.187027
70	1	-3.981475	-2.413846	1.553253	8.396770	0.136298	-2.477487	-0.999874	2.923592	-6.822784	6.149505	3.133289	3.837618	5.853707	2.348478
71	1	-6.980891	1.152158	-2.537831	7.587524	4.107543	6.061898	0.946779	-2.176284	-9.942894	4.401912	4.359694	4.567174	6.825722	2.040586
75	1	8.250067	9.538903	8.599232	1.482454	-3.821081	4.613738	7.092811	6.513710	7.785766	-4.544384	0.206145	6.691518	3.462879	6.447086
76	1	8.369366	4.302860	4.882114	1.366938	-1.382818	-3.779984	6.222684	5.911605	5.567647	-2.595365	2.934769	4.629597	6.952306	3.388955
78	1	-6.114203	4.561028	3.988548	6.617816	7.207595	7.694890	0.122635	-0.648741	-9.078268	5.965745	6.474204	1.528401	6.543315	5.435301
80	1	7.121946	8.092230	5.491966	2.151231	0.436440	0.330899	7.587279	6.961651	7.044022	-2.639445	-3.263817	6.515136	4.689872	5.504189
82	1	-12.154435	-3.020931	2.162120	6.592257	7.618290	8.415566	-1.497701	0.007883	-6.682632	7.648166	7.158262	6.394561	3.997804	1.370327
84	1	8.498945	7.240507	7.547721	2.902653	0.711458	3.346157	7.196350	4.304035	5.547121	-4.213409	-1.111188	7.858836	-1.043777	6.290288
85	1	-20.125159	1.712277	1.507652	6.049464	6.456472	7.506100	2.271440	-0.981441	-5.509033	5.970399	6.483617	0.943664	7.892650	1.378534
87	1	9.096509	6.477769	5.980098	3.026048	0.301659	1.166843	7.032308	7.398678	6.115753	-0.076125	0.007773	5.948052	4.647906	7.863182
88	1	11.549602	7.158852	6.839083	4.173265	1.590413	1.478564	6.330552	7.615174	3.559594	-1.354128	-0.780262	1.595403	5.840012	7.890882
90	1	-6.528544	-0.799702	-0.302820	6.037266	5.693526	6.141732	2.256680	-0.243877	-10.481865	4.156711	6.394362	3.725932	4.832717	5.514438
93	1	-6.721792	-1.206137	1.400852	7.053887	6.074811	3.954084	-3.326301	0.926185	-2.675838	9.338693	5.398070	6.750462	3.563406	1.442997
96	1	-12.829692	0.145603	2.104626	5.835947	7.234858	6.722357	0.959059	0.625962	-11.199792	4.972675	6.572225	0.285082	6.290205	6.668145
98	1	-9.373107	1.678853	0.206580	6.038291	2.870066	2.250599	-2.978675	5.116168	-2.319367	7.548422	6.756336	-1.208087	6.622343	-4.004647
99	1	10.527946	5.940892	5.412480	1.408779	3.777547	4.855412	6.558195	7.098218	2.193730	0.695545	3.786336	6.883122	-1.638595	7.544694
100	1	10.364633	6.809702	7.523948	2.053833	1.816878	-2.303896	6.302447	6.263284	4.533114	-2.454956	3.257694	7.615860	-0.261467	6.769914
