6	2	4.359337	-10.162463	-20.591490	-9.529500	8.073274	-10.925886	-15.877684	-12.091738	-3.913425	7.479379	-7.409940	11.325851	-5.002073	8.425813	9.834082	8.107069	-3.037145	-23.315730	-15.303005	6.615491	4.554166	7.818737	10.247227	10.848430	9.344063	8.044860	6.210494	1.462808	6.655112	-9.873192	7.537881	8.357965	5.342568	-9.180967	7.409736	3.645616	-0.513064	6.016428	7.479379	8.290874	-6.855927	5.739493	8.425813	9.834082	8.107069	-3.037145	-23.315730	-15.303005	6.615491	4.554166	7.818737	10.247227	10.848430	9.344063	8.044860	6.210494	1.462808	6.655112
13	2	6.222942	-14.222063	-16.584267	-2.819372	9.480461	-8.094312	-13.238713	-5.831413	-5.373630	-14.526320	-13.641457	11.311932	-8.506813	6.509636	-3.306915	-1.271254	4.727109	12.159640	9.467287	-7.654394	-9.131464	-7.644016	-13.760760	-24.785764	-20.504163	-4.691065	-4.570011	8.233883	-6.527120	-8.122852	2.850526	10.133722	7.692621	-16.716740	5.611582	7.286548	5.567150	5.550294	-14.526320	4.349798	-10.112750	3.109933	6.509636	-3.306915	-1.271254	4.727109	12.159640	9.467287	-7.654394	-9.131464	-7.644016	-13.760760	-24.785764	-20.504163	-4.691065	-4.570011	8.233883	-6.527120
14	2	-9.614779	6.263630	9.110401	5.488021	-15.671937	8.078255	3.954153	6.121103	6.822469	-16.626989	5.394673	-10.706325	7.263417	8.820601	-1.196600	2.912335	6.312292	7.084033	6.128133	-5.726841	-13.123157	-4.231483	-16.739608	-17.447910	-23.184365	-5.243834	-6.176520	6.881095	-8.497728	6.240652	-12.323838	-16.654056	-10.574125	9.703132	-8.328600	-15.454205	-5.232420	-3.874285	-16.626987	-11.726693	8.148508	-2.092552	8.820601	-1.196600	2.912335	6.312292	7.084033	6.128133	-5.726841	-13.123157	-4.231483	-16.739608	-17.470411	-23.152233	-5.243857	-6.176520	6.881095	-8.497161
26	2	7.908658	-9.113618	-18.425809	-10.584763	7.509965	-8.234951	-21.218655	-4.215959	-3.061489	-12.290187	-8.743274	8.327279	-1.942959	7.427390	1.551168	-3.930837	4.686283	9.128868	7.347766	-8.817041	-8.455176	-8.908020	-12.234340	-24.394864	-19.616796	-1.317711	-3.750114	7.565069	-10.607670	-7.084012	6.120248	9.574385	4.243046	-17.702485	7.950392	2.494814	4.676602	6.584449	-12.290185	6.635974	-14.301219	6.272667	7.427390	1.551168	-3.930837	4.686283	9.128868	7.347766	-8.817041	-8.455176	-8.908020	-12.210289	-24.394864	-19.616796	-1.317714	-3.750114	7.565069	-10.607672
35	2	-6.699113	6.734963	8.961189	6.094027	-23.108367	6.554803	6.871124	5.367430	6.629313	-15.425167	7.457014	-16.781874	7.038958	6.317151	-0.362876	3.276304	7.243927	11.721705	6.863131	-5.795380	-7.050520	-9.351029	-22.512009	-16.056793	-24.182426	-1.437652	-5.701052	6.592080	-14.426762	7.277719	-8.827283	-15.354963	-11.589433	5.535616	-7.219604	-8.854334	-4.827812	-2.846976	-15.425167	-8.892645	10.312096	-2.700061	6.317151	-0.362876	3.276304	7.243927	11.721705	6.863131	-5.795380	-7.050520	-9.351029	-22.512009	-16.056793	-24.182426	-1.437652	-5.701052	6.592080	-14.426762
38	2	1.332453	-8.656055	-18.316784	-9.926451	10.694631	-12.742212	-14.203556	-8.317443	-5.452858	6.701557	-9.016071	8.675783	-3.762465	6.346471	5.627333	7.365370	-6.423908	-23.800489	-18.370911	6.062852	3.131318	4.360244	11.519567	6.742964	10.525847	7.393216	4.623517	4.193491	7.885453	-15.250066	5.385780	10.156307	5.155750	-10.013421	4.323676	2.035633	-2.236788	6.906426	6.701557	5.637519	-10.905802	4.984330	6.346471	5.627333	7.365370	-6.423908	-23.800489	-18.370911	6.062852	3.131318	4.360244	11.519567	6.742964	10.525847	7.393216	4.623517	4.193491	7.885453
47	2	-9.865381	7.688923	3.460346	5.708132	-15.446583	6.136849	5.835124	6.290273	1.855495	-15.276591	2.376850	-9.803904	7.787071	5.027386	-3.886962	-0.967429	4.504278	8.849302	4.492232	-1.227593	-7.808424	-11.120784	-13.447221	-18.076965	-20.080617	-8.916749	-3.846397	7.058407	-9.077344	5.454452	-5.446811	-16.204921	-12.640101	11.916248	-12.215293	-7.624616	-3.052614	-8.932374	-15.276591	-9.049788	10.625115	-1.843979	5.027386	-3.886962	-0.967429	4.504278	8.849302	4.492232	-1.227593	-7.808424	-11.120784	-13.447221	-18.075379	-20.080617	-8.916749	-3.846397	7.058407	-9.077344
50	2	-11.208253	5.106943	10.095878	8.856219	-17.717612	5.946225	5.953920	7.164382	9.470650	-10.064238	6.833802	-15.759414	2.876684	5.411390	-4.359892	-0.508866	6.020054	8.153273	7.320063	1.245552	-14.980029	-4.365285	-11.671786	-24.074609	-28.215544	-5.098551	-2.808798	4.532468	-7.450064	6.614719	-13.047873	-15.616419	-4.748987	7.728199	-9.210692	-12.901265	-2.196947	0.792818	-10.064238	-8.643097	9.858234	-9.028510	5.411390	-4.359892	-0.508866	6.020054	8.153273	7.320063	1.245552	-14.980029	-4.365285	-11.671664	-24.074609	-28.215544	-5.098551	-2.808798	4.532467	-7.450064
52	2	7.392656	-7.144584	-17.786734	-10.572154	10.938343	-7.749002	-10.366599	-2.850040	-1.918688	-17.378155	-7.189224	10.497482	-1.736127	4.055079	-2.905193	2.573165	6.147027	3.909695	4.578127	0.174131	-8.397254	-6.654500	-10.784766	-25.949597	-19.293438	-3.824948	-4.669648	6.120879	-9.903190	-4.404159	7.943452	9.674136	6.810498	-15.033080	7.501328	6.473012	8.440666	6.842329	-17.378155	7.832281	-17.380640	5.053796	4.055079	-2.905193	2.573165	6.147027	3.909695	4.578127	0.174131	-8.397254	-6.654500	-10.784766	-25.949597	-22.238124	-3.824948	-4.669648	6.120879	-9.903190
59	2	3.186844	-11.385490	-19.797442	-6.632879	6.971211	-8.607882	-16.488822	-8.207699	-2.069900	-9.919090	-9.057936	6.576213	-1.400286	6.567037	-0.052258	-0.300359	6.644227	11.529574	6.126794	-2.276488	-9.819776	-9.085755	-19.291732	-15.211899	-19.837247	-5.690473	-6.561922	6.733897	-3.842580	3.186844	-11.385490	-19.797442	-6.632879	6.971211	-8.607882	-16.488822	-11.389592	-2.069900	7.887649	-9.057936	6.576213	-1.400286	6.567037	5.286163	5.942396	-0.269168	-18.028887	-15.021199	7.734842	6.593106	8.159635	7.971696	9.456427	8.922358	6.726817	6.452031	0.258163	6.082850
60	2	6.672649	-11.025901	-19.354481	-11.399858	9.842967	-8.007668	-13.390996	-6.050414	-8.817494	-17.256661	-7.972278	9.833142	-1.646443	3.053302	-4.308062	4.726597	5.264505	9.175287	9.113682	-4.285170	-14.370191	-5.346015	-12.215774	-19.421983	-19.863449	-5.801942	-2.988984	7.728489	-9.126485	-9.546025	7.195981	4.239242	5.329110	-15.786850	6.140193	6.063237	6.865192	1.935806	-17.256661	5.900154	-13.633225	8.479875	3.053302	-4.308062	4.726597	5.264505	9.175287	9.113682	-4.285170	-14.370191	-5.346015	-12.215774	-19.421983	-16.855054	-5.801942	-2.988984	7.728489	-9.126485
71	2	-9.756443	7.172401	9.261173	7.797492	-15.829270	8.551430	5.629676	7.300568	5.841315	-17.008393	7.339751	-12.310061	5.771874	5.367316	-3.830972	0.111553	6.799064	11.391067	6.946896	-7.688081	-9.607797	-9.790985	-14.169035	-23.250198	-24.724013	-3.368959	-5.888490	7.765070	-3.530927	6.418910	-6.335587	-21.877398	-9.261213	10.088901	-4.328297	-16.389617	-4.856298	-6.053345	-17.008393	-8.957678	10.305517	-3.991897	5.367316	-3.830972	0.111553	6.799064	11.391067	6.946896	-7.688081	-9.607797	-9.790985	-14.169035	-23.250312	-24.724013	-3.368959	-5.888490	7.765070	-3.530927
72	2	4.911010	-9.367993	-13.863704	-9.110507	9.020907	-10.578545	-16.303318	-5.277386	-5.627054	-7.203414	-6.576985	10.754314	-5.980920	8.703275	5.057620	5.447369	2.872692	8.623497	3.587564	-2.097371	-9.175056	0.130586	-3.907319	-18.063982	-7.907005	-10.370386	0.799566	7.959273	-15.212955	-6.193689	7.194605	10.651024	6.891854	-18.927900	6.843102	6.093076	6.065684	7.037976	-7.203414	8.681453	-13.363779	6.496429	8.703275	5.057620	5.447369	2.872692	8.623497	3.587564	-2.097371	-9.175056	0.130586	-3.907319	-18.063982	-7.907005	-10.370386	0.799566	7.959273	-15.212955
81	2	3.958502	-10.231469	-11.254677	-10.924422	12.715346	-12.699713	-14.041832	-8.413751	-8.231833	2.860138	-7.797124	6.701235	-1.967275	6.429978	3.804730	8.106585	-3.277587	-7.285076	-5.602769	5.342247	2.688479	9.026921	8.328944	8.638881	10.885990	7.793863	6.126933	-3.652955	5.099545	3.958502	-10.231469	-11.254677	-10.922217	12.715344	-12.699713	-12.714062	-2.272291	-8.231833	-8.477970	-7.797124	6.607332	-1.967275	6.429978	-2.159846	2.662937	6.045965	8.676609	8.023489	-4.053820	-13.088294	0.967164	-16.939057	-16.443571	-14.968535	-3.797277	-3.513677	2.696628	-5.309104
84	2	8.101077	-9.778825	-19.532167	-12.046693	9.881219	-14.641512	-17.968990	-7.073542	-1.014692	-17.778197	-8.976460	9.208206	-8.121298	6.190677	-2.679937	0.187187	4.346246	10.841908	2.953316	-1.806368	-4.924338	-6.937264	-9.668095	-25.520186	-20.955028	-3.409881	-3.209470	5.923066	-2.175045	8.101077	-9.778825	-19.532167	-12.046693	9.881219	-14.641512	-17.999880	-12.537313	-1.014692	3.987742	-8.976460	9.208206	-8.121298	6.190677	2.506179	6.804628	-5.482476	-25.751475	-13.322817	6.540401	9.540662	6.291904	8.184134	7.063540	9.294649	6.689460	5.889244	-0.117411	5.249124
86	2	8.329128	-10.903613	-19.492318	-10.886146	10.285059	-9.264713	-14.947214	-13.428827	-2.930794	7.436872	-15.061153	10.031886	-3.793741	6.774371	6.410706	6.067947	-2.852523	-17.461515	-18.486241	7.616809	8.442420	5.761594	6.595233	9.750027	13.176835	7.920723	5.161439	0.231895	5.602712	-4.442861	6.477291	8.280366	6.705184	-13.232988	7.909767	4.487196	-0.710322	7.298490	7.436872	2.685640	-9.585181	8.673532	6.774371	6.410706	6.067947	-2.852523	-17.461515	-18.486241	7.616809	8.442420	5.761594	6.595233	9.750027	13.176835	7.920723	5.161439	0.231895	5.602712
88	2	4.580877	-5.538649	-15.713648	-8.872282	9.227771	-11.195342	-18.236548	-2.590873	-3.583880	-16.036750	-5.992452	8.959855	-4.239127	1.394465	-3.215610	0.006993	6.604042	7.806890	7.492288	-3.455665	-9.751729	-7.451791	-14.749489	-26.430506	-18.223299	-7.484420	-4.539511	7.134280	-9.189559	-7.556121	7.039469	9.858960	6.983566	-18.461836	6.222564	5.765199	7.302072	4.370018	-16.036750	7.465202	-15.046876	7.319688	1.394465	-3.215610	0.006993	6.604042	7.806890	7.492288	-3.455665	-9.751729	-7.451791	-14.749489	-26.430506	-18.223299	-7.484420	-4.539511	7.134280	-9.189559
90	2	-5.163291	6.724781	9.812335	7.802341	-18.413019	9.105194	8.570755	7.489392	9.220078	-11.960254	7.573696	-16.180036	3.047767	7.058312	-1.989470	0.370670	6.282180	8.882175	5.592048	-7.496961	-7.674852	-8.046498	-11.490596	-15.775342	-28.923394	-6.171692	-3.810492	3.901268	-3.554667	-5.163291	6.724781	9.812335	7.802105	-16.907256	9.105191	8.341829	4.432445	9.220078	3.816694	7.573696	-15.793991	3.047767	7.058312	4.283516	6.935451	-0.994849	-15.872187	-9.439119	2.670198	8.493493	7.643738	9.088442	9.807041	7.553528	6.600525	8.279206	-1.747723	6.699063
92	2	5.855076	-9.493849	-15.407993	-8.200766	10.051090	-12.698823	-12.831519	-7.275303	-3.628714	7.037228	-10.231486	9.186181	-5.490556	6.257939	4.611898	5.485269	-0.042096	-16.351933	-7.311204	5.807935	3.055882	4.473807	10.932689	11.289738	8.805307	5.680956	5.094011	1.017217	6.500943	-10.951132	7.217633	11.305027	7.683903	-13.087923	5.217387	7.187794	2.634955	7.697545	7.037228	6.605305	-14.425516	6.114332	6.257939	4.611898	5.485269	-0.042096	-16.351933	-7.311204	5.807935	3.055882	4.473807	10.932689	11.289738	8.805307	5.680956	5.094011	1.017217	6.500943
98	2	6.087119	-6.496559	-15.248386	-5.898976	9.230602	-10.661026	-16.167926	-6.289191	-3.271454	-10.680687	-7.658557	11.811806	-4.653350	4.682356	-5.845710	4.542283	7.478045	10.392533	5.748582	-4.369291	-7.861004	-10.137393	-11.976495	-21.995730	-17.668408	-9.763696	-3.668395	5.308622	-3.741862	-4.312914	4.468390	11.424639	4.965726	-20.121833	5.914324	6.265342	5.611997	6.237315	-10.680687	8.243528	-11.546205	6.801616	4.682356	-5.845710	4.542283	7.478045	10.392533	5.748582	-4.369291	-7.861004	-10.137393	-11.976810	-21.995730	-17.668408	-9.763696	-3.668395	5.308622	-3.741862
