1	2	56	2.552693	6.507268	0.297187	-6.865607	-1.610836	-3.796216	5.750885	1.852359	-3.344221	-3.829924	10.495313	5.579396	6.454760
1	2	44	2.552693	6.507268	0.297187	-6.865609	-1.610836	-3.796216	-8.071528	8.352540	8.031976	3.709373	-9.631350	-0.401678	-6.227598
2	5	32	-2.350862	7.414125	-1.806165	0.664766	-0.513978	-2.009236	4.463219	-3.429391	2.275412	-7.099640	3.650396	1.854538	-7.501320
2	5	31	-2.350862	7.414125	-1.806165	0.664766	-0.513978	-2.009236	-1.673348	2.593526	7.561955	-0.793855	-0.650066	1.809355	-8.829100
2	5	15	-2.350862	7.414125	-1.806165	0.664766	-0.513978	-2.009236	-2.136898	2.593526	7.621371	5.492879	-6.564143	-4.348862	-14.779557
2	5	8	-2.350862	7.414125	-1.806165	0.664766	-0.513978	-2.009236	-1.540951	2.593526	5.169720	-0.811509	3.510241	1.811481	-8.766435
2	5	14	-2.350862	7.414125	-1.806165	0.664766	-0.513978	-2.009236	7.393223	-3.436783	-3.043669	-11.680809	9.987522	6.873807	2.653840
3	2	52	1.330931	7.844338	0.676862	-3.384455	-6.044344	-4.433337	-8.295601	7.308504	8.085771	6.153733	-16.099930	-5.913549	-6.726712
3	2	48	1.330931	7.844338	0.676862	-3.384455	-6.044344	-4.433337	6.127486	1.982460	-4.516055	-12.005683	8.189570	5.826272	7.652276
4	2	93	6.088422	6.370016	7.820136	4.721796	3.562764	7.227073	7.868643	1.143948	-8.981636	-14.227297	8.738102	4.986080	6.638767
4	2	7	6.088422	6.370016	7.820136	4.721796	3.562764	7.227073	0.099584	7.155380	3.412033	0.188266	-10.909095	0.773381	-4.727719
5	4	22	0.587377	3.592434	3.208611	2.105283	-2.482864	-0.955242	-7.474065	7.389153	7.407196	5.509487	-17.207924	-1.319721	-12.741317
5	4	71	5.841899	2.683409	7.023609	6.866888	3.247463	5.779585	-7.474065	7.389153	7.407196	5.509487	-17.207924	-1.319721	-12.741317
5	4	4	5.841899	2.683409	7.023609	6.866888	3.247463	5.779585	3.422757	1.812645	1.848161	-6.322829	9.205530	8.873738	4.904083
5	4	3	0.587377	3.592434	3.208611	2.105283	-2.482864	-0.955242	3.422757	1.812645	1.848161	-6.322829	9.205530	8.873738	4.904083
6	3	60	1.875670	6.930783	2.017982	-0.163698	-3.587045	-1.817225	-8.685703	6.798500	6.870945	8.017768	-17.971418	-4.523306	-11.731083
6	3	38	8.347823	0.819952	7.184397	6.922414	5.138789	7.808676	-8.685704	6.798500	6.870945	8.017768	-17.971418	-4.523306	-11.731083
6	3	2	8.347823	0.819952	7.184397	6.922414	5.138789	7.808676	7.867583	0.228692	-0.462642	-4.810662	10.054606	5.635529	5.239795
7	2	61	7.179449	2.942587	7.275056	6.710363	5.693285	4.923131	-8.438799	5.820770	4.445045	5.344295	-21.708886	0.624116	-5.336552
7	2	39	7.179449	2.942587	7.275056	6.710363	5.693285	4.923131	4.896361	-0.491923	-8.599094	-11.087557	8.232788	5.639867	1.013863
8	2	93	2.583477	5.894374	0.897578	-9.221171	-6.779081	-5.160447	-7.095239	6.737795	6.931524	6.561908	-14.521080	-3.096431	-12.919715
8	2	7	2.583477	5.894374	0.897578	-9.221171	-6.779722	-5.160447	7.440747	2.086527	-4.747497	-9.698547	11.534144	6.677231	4.361437
9	2	95	6.620138	1.026476	5.804343	7.649273	6.803108	2.943059	-9.512640	6.330842	5.971181	6.402394	-18.305001	-3.934358	-8.169825
9	2	5	6.620138	1.026476	5.804343	7.649273	6.803108	2.943059	6.526564	6.270927	-3.742457	-8.156134	3.033320	6.716101	6.651824
10	5	77	6.549615	3.063780	7.515285	7.642190	9.064543	7.725474	-7.438671	8.830393	5.017696	6.286293	-20.927263	-6.062025	-10.977203
10	5	9	6.545760	3.079249	2.126925	1.412074	5.898104	5.501344	-7.438671	8.830393	5.017696	6.286293	-20.927263	-6.062025	-10.977203
10	5	7	6.549615	3.063780	7.515285	7.642190	9.064543	7.725474	5.908679	3.144040	-7.044587	-9.623821	6.818688	3.217530	5.790433
10	5	5	1.271658	5.643197	1.197608	-2.291071	2.026759	-0.132214	-7.438671	8.830393	5.017696	6.286293	-20.927263	-6.062025	-10.977203
10	5	2	1.271658	5.643197	1.197608	-2.291071	2.026759	-0.132214	5.908679	3.144040	-7.044587	-9.623821	6.818688	3.217530	5.790433
11	6	45	6.882679	2.758560	6.275754	7.809473	5.604152	6.672655	-9.548079	3.728738	5.406275	6.559087	-14.614540	-1.669942	-11.592577
11	6	22	3.984602	5.200285	5.611776	3.080434	-0.274625	4.909241	-9.548079	3.728738	5.406275	6.559087	-14.614854	-1.669942	-11.592577
11	6	22	3.984600	5.200292	0.652027	-3.361955	-3.931435	0.119132	-9.548079	3.728738	5.406275	6.559087	-14.614873	-1.669942	-11.592577
11	6	4	6.882679	2.758560	6.275754	7.809473	5.604152	6.672655	6.805852	-1.089069	-7.169693	-10.020076	10.934219	6.162068	2.716798
11	6	5	3.984602	5.200285	5.611776	3.080434	-0.274625	4.909241	6.805852	-1.089069	-7.169693	-10.020076	10.934219	6.162068	2.716798
11	6	2	3.984600	5.200292	0.652027	-3.361955	-3.931435	0.119132	6.805852	-1.089069	-7.169693	-10.020076	10.934219	6.162068	2.716798
12	4	37	0.269527	5.918126	6.832564	6.806046	0.147612	-0.537611	7.512681	0.269360	-6.202232	-10.612775	8.142376	5.162280	6.304852
12	4	36	0.269527	5.918126	6.832564	6.806046	0.147612	-0.537611	-10.019745	6.730811	5.154275	4.403536	-14.697905	-4.820541	-10.006810
12	4	16	0.269517	5.918126	2.548203	0.838243	-3.718165	-4.752174	-10.019745	6.730811	5.154274	4.403536	-14.697905	-4.820541	-10.006810
12	4	11	0.269517	5.918126	2.548204	0.838244	-3.718163	-4.752168	7.512681	0.269360	-6.202203	-10.612775	8.142376	5.162280	6.304852
13	2	90	3.257814	6.812139	6.697625	6.625801	2.124119	0.682243	-9.282162	6.579567	9.051613	5.936834	-15.479195	-1.209827	-9.154110
13	2	10	3.257814	6.812139	6.697625	6.625801	2.124119	0.682243	7.320518	0.623102	-1.645778	-6.435996	5.857805	8.056114	6.345391
14	2	49	5.605822	0.783008	-0.265056	-5.690777	1.225318	1.400430	-5.755776	6.500496	7.008133	6.391114	-17.987852	-2.039418	-10.496948
14	2	51	5.605822	0.783008	-0.265056	-5.690777	1.225318	1.400430	5.905952	0.608581	-5.804242	-11.507283	9.326552	6.373285	8.241947
15	4	24	0.974359	6.875482	3.438792	-3.158881	-2.007848	-5.565305	4.844739	-2.678890	-0.158235	-10.268490	10.049285	6.556913	5.690334
15	4	53	7.042371	2.947741	7.678092	6.838316	6.556973	4.844823	4.844739	-2.678890	-0.158236	-10.268490	10.049285	6.556913	5.690334
15	4	9	0.974359	6.875482	3.438792	-3.158881	-2.007848	-5.565302	-7.431927	3.472743	6.554524	4.158155	-9.362136	-4.500690	-3.338680
15	4	14	7.042371	2.947741	7.678092	6.838316	6.556973	4.844823	-7.431927	3.472743	6.554524	4.158155	-9.362136	-4.500690	-3.338680
16	4	56	4.513696	6.033808	7.870523	5.458898	3.757180	4.205565	-4.797063	6.303215	2.948454	5.227115	-8.314365	-2.813829	-12.258881
16	4	26	0.442286	6.929681	2.947838	-3.824799	-3.086007	-2.439754	-4.797063	6.303215	2.948454	5.227115	-8.311628	-2.813829	-12.258881
16	4	13	4.513696	6.033808	7.870523	5.458898	3.757180	4.205565	6.536775	3.427522	-8.803632	-8.995225	9.384473	6.820500	5.734752
16	4	5	0.442286	6.929681	2.947838	-3.824799	-3.086007	-2.439754	6.536775	3.427522	-8.803632	-8.995225	9.384473	6.820500	5.734752
17	3	81	2.012472	5.067076	-0.175538	-4.944602	1.918889	1.661237	-7.014095	6.389669	8.974929	7.592501	-17.601383	-1.689360	-10.620400
17	3	15	2.219476	5.067076	5.605682	3.821846	5.350168	3.624922	-7.014095	6.389669	8.974929	7.592501	-17.601383	-1.689360	-10.620400
17	3	4	2.012472	5.067076	-0.175538	-4.944602	1.918889	1.661237	5.768708	0.189753	-2.393014	-10.410963	9.692396	6.635900	3.310904
18	2	18	0.169147	7.200522	-0.822066	-5.846165	-4.129042	-2.404935	7.169879	4.368938	-3.289336	-6.975931	8.016423	7.079108	4.663382
18	2	82	0.169147	7.200522	-0.822066	-5.846165	-4.129042	-2.404935	-7.162484	8.029982	6.943333	8.264954	-12.294096	-4.289920	-11.041747
19	2	55	2.326261	5.871495	-1.773559	-4.794158	-6.529002	-2.855155	-11.202744	6.252147	8.487475	6.009953	-18.611027	-3.699167	-8.770759
19	2	45	2.326261	5.871495	-1.773559	-4.794158	-6.529002	-2.855155	6.358152	3.942907	-1.816828	-10.469084	8.351583	8.057805	7.720800
20	2	95	0.520780	8.741027	0.056911	-2.569376	-0.545384	1.201043	-11.555177	5.300699	6.993721	8.971097	-10.983564	-8.205162	-13.062276
20	2	5	0.520780	8.741027	0.056911	-2.569376	-0.545384	1.201044	5.503893	-0.778449	-5.020115	-8.547193	7.036583	3.167119	5.026208
21	2	75	2.371831	7.466688	-0.126023	-4.967121	-8.734325	-5.640891	-8.406327	5.773583	7.360075	7.173346	-15.152027	-4.222926	-9.311465
21	2	25	2.371831	7.466688	-0.126023	-4.967121	-8.734325	-5.640891	4.685585	2.208029	-3.503676	-10.194611	9.078321	7.191763	6.277688
22	4	55	5.095360	1.510691	-0.777585	0.757488	2.456448	3.564890	7.637394	0.561887	-5.273785	-10.683902	8.676621	7.291251	4.847060
22	4	13	1.152021	7.313662	-2.997147	-2.317567	-3.515390	2.142789	7.637394	0.561887	-5.273785	-10.683902	8.676621	7.291251	4.847060
22	4	28	5.095360	1.510691	-0.777599	0.757473	2.456448	3.564889	-5.854578	6.982993	6.911634	5.031712	-14.621059	-1.914740	-13.633563
22	4	4	1.152021	7.313662	-2.997148	-2.317567	-3.515390	2.142789	-5.854578	6.982993	6.911634	5.031712	-14.621059	-1.914740	-13.633563
23	5	72	1.386958	4.744931	3.386174	-1.708318	-0.811293	2.331689	6.859778	2.667166	-9.800222	-7.677029	10.277042	5.862564	6.077889
23	5	6	1.386958	4.744931	3.386174	-1.708318	-0.811293	2.331689	-5.016941	8.717047	1.457842	6.381385	-16.099865	-3.280294	-1.549160
23	5	11	1.386958	4.744931	3.386174	-1.708318	-0.811293	2.331689	0.554730	8.687442	1.408195	6.338541	-5.191823	2.620611	3.726436
23	5	10	4.637922	4.538448	6.420993	4.783719	3.502069	2.437282	6.859778	2.667165	-9.800222	-7.677029	10.277042	5.862564	6.077889
23	5	1	4.637922	4.538448	6.420993	4.783719	3.502069	2.437282	0.554730	8.687442	1.408195	6.338541	-5.191823	2.620611	3.726436
24	4	27	-0.133553	5.431521	0.229180	-3.083600	-0.690803	-4.889229	5.373312	6.490126	-5.390862	-9.594906	7.092056	7.145951	7.007746
24	4	41	-0.133553	5.431521	0.229180	-3.083600	-0.690803	-4.889229	-10.370575	8.193458	4.697469	8.144567	-16.079565	-0.993690	-9.876107
24	4	21	6.070884	1.040921	6.072771	7.408654	6.800426	6.401507	-10.370575	8.193458	4.697469	8.144567	-16.079565	-0.993690	-9.876107
24	4	11	6.070884	1.040921	6.072771	7.408654	6.800426	6.401507	5.373312	6.490126	-5.390862	-9.594905	7.092056	7.145951	7.007746
25	3	38	0.791262	6.248317	2.394671	-4.323477	-4.702840	-9.073093	-6.479265	6.890866	5.886033	5.324124	-14.263607	-2.920755	-7.236846
25	3	32	0.791262	6.248317	2.394671	-4.323477	-4.702840	-9.073093	8.407934	4.367747	-2.213377	-10.510330	3.996767	7.368740	8.280076
25	3	30	0.791262	6.248317	2.394671	-4.323477	-4.702840	-9.073093	8.311810	4.367747	1.005257	-0.991007	-2.334672	7.366636	7.673460
26	4	67	5.104551	4.403271	6.213474	7.724952	5.796354	5.479477	-4.656263	6.578718	8.172208	7.978418	-15.147422	-5.297937	-7.398409
26	4	20	3.559145	5.073166	4.240335	0.812650	1.719070	-4.496014	-4.656263	6.578718	8.172208	7.978418	-15.147422	-5.297937	-7.398409
26	4	10	5.104551	4.403271	6.213474	7.724952	5.796354	5.479477	8.873554	1.159187	-3.452855	-9.649793	11.130100	4.670077	5.530857
26	4	3	3.559145	5.073166	4.240335	0.812650	1.719070	-4.496014	8.873554	1.159187	-3.452855	-9.649793	11.130100	4.670077	5.530857
27	2	34	-0.325382	6.423759	0.314228	-4.328579	-2.035935	-1.820908	3.656069	1.818083	-1.805719	-7.517766	10.353871	7.629845	5.886069
27	2	66	-0.325382	6.423759	0.314228	-4.328579	-2.035935	-1.820886	-11.341090	6.415547	6.610876	3.486822	-17.141802	-4.744220	-5.172959
28	3	66	6.228799	0.114762	5.741548	6.782699	5.761730	3.020616	-11.323338	4.668978	7.966404	5.838374	-11.563764	-0.865397	-6.922706
28	3	20	6.228799	0.114762	5.741548	6.782699	5.761730	3.020616	6.270435	0.280793	-4.563925	-10.700850	8.847251	6.422325	4.128203
28	3	14	6.228799	0.114762	5.741548	6.782699	5.761730	3.020616	-6.710578	4.664649	7.363294	5.838369	-3.269151	3.960989	2.180939
29	6	45	6.653038	-0.662565	9.461989	6.364326	5.252887	5.856207	-8.673517	8.731410	6.783873	7.837394	-17.810872	-3.011346	-11.546857
29	6	4	0.597665	4.822400	3.279353	-0.739345	-0.480705	-4.897965	2.417575	5.106976	2.728037	0.320428	-5.047582	2.693825	-8.737763
29	6	33	6.653038	-0.662565	9.461989	6.364326	5.252887	5.856207	2.417575	5.106976	2.728037	0.320428	-5.047582	2.693825	-8.737763
29	6	2	0.597666	4.822400	3.279354	-0.739345	-0.480705	-4.897964	6.593077	5.017479	2.068571	-4.765682	6.609894	8.071909	6.501969
29	6	11	0.597666	4.822400	3.279354	-0.739345	-0.480705	-4.897964	-8.673517	8.731410	6.783873	7.837394	-17.810872	-3.011346	-11.546857
29	6	5	6.653038	-0.662565	9.461989	6.364326	5.252887	5.856207	6.593077	5.017479	2.068571	-4.765682	6.609894	8.071909	6.501969
30	4	11	6.437136	3.760681	7.246948	6.900366	6.102868	7.076986	6.606699	0.861260	0.526887	-9.348410	10.361023	5.294717	3.250323
30	4	33	1.926316	5.956482	1.044985	-4.115915	-1.667936	1.287935	-9.312435	6.554326	7.685958	6.381022	-16.849701	-0.412954	-12.022509
30	4	11	1.926315	5.956482	1.044985	-4.115916	-1.667936	1.287935	6.606699	0.861260	0.526887	-9.348410	10.361023	5.294717	3.250323
30	4	45	6.437136	3.760681	7.246948	6.900366	6.102868	7.076986	-9.312435	6.554326	7.685958	6.381022	-16.960847	-0.412954	-12.022509
31	4	22	2.905272	0.414377	1.213223	-1.085628	0.831582	-2.339020	6.206955	-2.418675	-5.199782	-12.444935	8.423807	5.544630	6.768382
31	4	64	8.555206	-3.153297	6.801112	7.426216	6.591084	6.389977	6.206955	-2.418675	-5.199782	-12.451203	8.423807	5.544630	6.768382
31	4	5	8.555206	-3.153297	6.801112	7.426216	6.591084	6.389977	-5.286785	2.144218	4.823819	4.494947	-6.994027	-4.139795	-8.866475
31	4	9	2.905272	0.414377	1.213223	-1.085628	0.831582	-2.339020	-5.286785	2.144218	4.823819	4.494947	-6.994027	-4.139795	-8.866475
32	2	99	4.891040	-2.029666	7.099897	6.708064	8.013488	4.571716	-4.306811	6.416857	4.283182	8.391891	-22.186177	-1.791959	-12.644453
32	2	1	4.891040	-2.029666	7.099897	6.708064	8.013488	4.571716	8.690831	3.404259	-5.050870	-1.702671	6.073693	6.516045	5.460019
33	6	22	8.908496	1.237663	1.729218	1.162846	8.160649	5.699078	6.285678	0.389167	-9.376442	-5.641826	6.379398	5.722029	6.210171
33	6	27	8.908496	1.237663	1.729218	1.162846	8.160649	5.699078	3.228940	0.663447	-2.308356	-0.233753	-7.411077	-0.503968	-2.141362
33	6	29	8.908496	1.237663	1.729218	1.162846	8.160649	5.699078	-5.537790	5.914598	1.639530	5.979720	-18.285454	-3.118682	-5.674502
33	6	13	8.908496	1.237663	7.782677	5.162440	8.161652	7.936393	3.228943	0.663445	-2.308365	-0.233757	-7.411074	-0.503966	-2.141360
33	6	5	8.908496	1.237663	7.782677	5.162440	8.161652	7.936393	-5.537790	5.914598	1.639530	5.979720	-18.285454	-3.118682	-5.674502
33	6	4	8.908496	1.237663	7.782677	5.162440	8.161652	7.936393	6.285678	0.389167	-9.376442	-5.641826	6.379398	5.722029	6.210171
34	2	88	1.018868	6.340392	-0.994761	-4.012607	-3.579355	1.797766	-13.016104	6.810277	6.291364	5.824186	-16.742367	-4.987833	-12.467509
34	2	12	1.018866	6.340393	-0.994761	-4.012607	-3.579355	1.797767	3.168636	5.915942	0.926870	-6.533999	7.605389	5.893993	3.184786
35	2	68	1.971440	2.744688	-1.767326	0.273134	2.773787	-5.280270	-12.348570	9.175948	6.249869	6.941513	-19.143830	-8.819217	-9.164423
35	2	32	1.972186	2.744596	4.218723	4.968941	2.794124	-0.638529	-12.348570	9.175948	6.249869	6.941513	-19.143830	-8.819217	-9.164423
36	3	85	8.646526	-1.808206	6.285320	6.438026	7.408149	3.252403	6.743818	-1.104345	-8.336971	-8.977251	11.106441	7.708533	6.166562
36	3	8	8.646526	-1.808206	6.285320	6.438026	7.408149	3.252403	-3.451648	5.004094	4.229073	3.164535	-2.527151	4.107004	3.241031
36	3	7	8.646526	-1.808206	6.285320	6.438026	7.408149	3.252403	-8.475080	5.004108	4.231808	3.165004	-9.659097	-0.286410	-3.205318
37	4	7	3.623950	4.258217	5.112077	6.981132	6.318975	1.644844	-7.954353	6.238975	5.147810	5.537285	-9.674230	-1.211860	-7.603508
37	4	47	-0.622155	4.757366	-0.720046	0.605227	1.982031	-4.872494	6.744685	2.595897	-5.773744	-11.256973	7.999674	3.867028	7.091125
37	4	30	3.623950	4.258217	5.112077	6.981132	6.318975	1.644844	6.744685	2.595897	-5.773744	-11.256973	7.999674	3.867028	7.091125
37	4	16	-0.622155	4.757366	-0.720046	0.605227	1.982031	-4.872494	-7.954353	6.238975	5.147810	5.537285	-9.674230	-1.211860	-7.603508
38	3	82	1.754629	8.845023	6.505505	2.279547	-2.644876	-2.397683	-3.896445	6.654612	8.423942	5.478901	-14.612194	-2.497676	-11.831784
38	3	13	1.754629	8.845023	6.505504	2.279546	-2.644876	-2.397683	8.224876	0.921537	-0.121618	-8.408869	12.467588	6.914871	5.079062
38	3	5	1.754628	8.845024	3.290374	-2.703006	-6.187024	-3.608705	-3.896445	6.654612	8.423942	5.478901	-14.612174	-2.497676	-11.831784
39	4	5	5.541751	3.951624	2.163509	-7.067106	2.196218	0.144729	-6.483440	4.640964	5.299460	6.963211	-0.542195	-3.832541	-8.286625
39	4	42	5.541751	3.951624	2.163509	-7.067106	2.196218	0.144729	6.596875	-1.051773	-5.459230	-11.503969	10.812699	6.980975	7.986205
39	4	50	5.541751	3.951624	2.163509	-7.067106	2.196218	0.144729	0.719073	4.226194	0.282846	-5.889764	4.482761	0.831240	-1.758538
39	4	3	5.541751	3.951624	2.163509	-7.067106	2.196218	0.144729	-6.825381	4.640973	5.757393	6.984769	-4.206626	-3.832543	-8.286884
40	5	34	6.802136	5.029448	7.892848	3.371738	6.563827	6.821229	-4.108559	6.645585	6.336008	5.577526	-9.407660	-1.999250	-9.627818
40	5	46	6.802136	5.029448	7.892848	3.371738	6.563827	6.821229	6.449110	0.095088	-2.880642	-5.518797	8.955155	7.128289	6.678155
40	5	2	3.883813	7.310782	4.681004	-2.201173	2.216706	-4.103661	-4.108559	6.645585	6.336008	5.577526	-9.407660	-1.999250	-9.627818
40	5	14	6.802136	5.029448	7.892849	3.371738	6.563827	6.821229	6.357892	0.101726	-2.859647	-5.354725	6.340871	1.536843	-4.872757
40	5	4	3.883812	7.310782	4.681003	-2.201174	2.216706	-4.103666	6.449110	0.095088	-2.880642	-5.518797	8.955155	7.128289	6.678155
41	2	48	-2.249939	6.496717	1.306868	-6.176499	-5.755230	1.880361	7.127096	4.145135	-3.979222	-9.378182	5.626357	2.876286	6.234599
41	2	52	-2.249939	6.496717	1.306868	-6.176499	-5.755230	1.880361	-10.409842	6.891329	4.884173	5.284464	-16.501644	-4.048649	-8.613144
42	4	41	5.492577	3.847182	7.402373	6.449497	5.213073	3.251277	4.961153	1.332773	-6.384734	-7.178347	10.397365	5.266971	6.668181
42	4	26	5.492577	3.847182	7.402373	6.449497	5.213073	3.251277	-5.605257	4.730426	5.339797	9.203918	-6.166658	-2.337836	-3.010660
42	4	17	-0.802594	4.913878	1.508539	-1.031399	-3.929162	-4.361428	4.961153	1.332773	-6.384734	-7.178343	10.397365	5.266971	6.668181
42	4	16	-0.802594	4.913878	1.508539	-1.031399	-3.929162	-4.361428	-5.605257	4.730426	5.339797	9.203918	-6.166658	-2.337836	-3.010660
43	2	47	0.674510	6.385194	0.124392	-10.680017	-1.934988	-5.750083	-7.116985	6.706267	3.958704	4.144007	-12.539999	-2.402231	-8.234425
43	2	53	0.674510	6.385194	0.124392	-10.680017	-1.934994	-5.750083	7.324381	1.772181	-7.542922	-7.470238	10.614053	7.397055	7.172737
44	4	42	0.546453	6.270922	6.779797	6.719814	2.738700	4.162771	-6.407606	6.731076	6.023207	9.366253	-15.679613	-3.737499	-12.594209
44	4	10	0.546453	6.270922	6.779797	6.719814	2.738700	4.162771	7.905200	1.777667	-1.923920	-6.693800	9.181668	6.751694	6.360431
44	4	39	-2.798128	6.272367	0.373292	-4.123984	-1.245212	-4.251837	-6.407606	6.731076	6.023207	9.366253	-15.679613	-3.737499	-12.594209
44	4	9	-2.798128	6.272367	0.373292	-4.123984	-1.245212	-4.251837	7.905200	1.777667	-1.923920	-6.693800	9.181668	6.751694	6.360431
45	4	31	6.748530	5.385625	1.467962	1.353962	5.025653	0.222397	7.314187	2.448914	-3.130831	-8.363551	8.839916	6.918842	4.811157
45	4	32	6.748530	5.385625	1.467962	1.353962	5.025653	0.222397	5.105733	4.145016	3.428869	2.446707	-11.492740	-2.830279	-6.849268
45	4	14	6.792653	5.354032	6.755470	4.879623	7.175872	5.815546	7.314187	2.448915	-3.130830	-8.363551	8.839916	6.918842	4.811157
45	4	23	6.792653	5.354032	6.755470	4.879623	7.175872	5.815546	5.105733	4.145016	3.428869	2.446707	-11.492740	-2.830279	-6.849268
46	6	38	9.410477	-2.605499	7.027546	7.445361	8.426654	7.494636	-7.213678	4.111143	6.422316	7.173507	-7.718610	-3.700856	-7.499490
46	6	15	5.051257	3.825068	7.027538	7.419878	1.793008	5.230836	-7.213678	4.111143	6.422316	7.173507	-7.718610	-3.700856	-7.499490
46	6	11	2.813956	3.899566	1.370910	-0.140521	-4.087111	-2.821139	-7.213678	4.111143	6.422316	7.173507	-7.718610	-3.700856	-7.499490
46	6	26	9.410477	-2.605499	7.027546	7.445361	8.426654	7.494636	7.558331	-0.736319	-3.185866	-7.278303	8.834325	6.584399	6.962136
46	6	6	5.051257	3.825068	7.027538	7.419878	1.793008	5.230836	7.558331	-0.736319	-3.185866	-7.278303	8.834325	6.584399	6.962136
46	6	4	2.813956	3.899566	1.370910	-0.140521	-4.087113	-2.821139	7.558331	-0.736319	-3.185866	-7.278303	8.834325	6.584399	6.962136
47	2	91	5.883758	-2.172474	-0.432615	-6.356168	0.936816	-1.003585	-9.731140	6.899509	6.995791	6.160335	-17.792417	-3.179675	-10.750741
47	2	9	5.883758	-2.172474	-0.432615	-6.356168	0.936816	-1.003585	5.718494	1.376826	-2.886152	-11.681845	8.258357	4.826721	7.774141
48	5	42	9.393092	-0.583170	0.879693	0.184919	5.986019	-0.436629	-8.311116	7.645086	6.288033	7.105963	-15.122051	-1.562403	-3.573969
48	5	44	9.393092	-0.583170	0.879693	0.184919	5.986019	-0.436629	6.247407	1.535841	-5.133479	-11.204052	8.804819	6.241030	8.078714
48	5	9	9.393092	-0.583170	6.180522	6.492919	7.958525	5.611845	6.247407	1.535841	-5.133479	-11.204052	8.804819	6.241030	8.078714
48	5	4	9.393092	-0.583170	6.180522	6.492919	7.958525	5.611845	-8.311116	7.645086	6.288033	7.105963	-15.122051	-1.562403	-3.573969
48	5	1	9.393092	-0.583170	0.879693	0.184919	5.986019	-0.436629	-0.527305	7.629181	5.233767	2.478429	2.053302	4.281053	5.143996
49	4	10	0.244754	6.915350	6.055211	4.399185	2.449935	0.798992	8.464686	1.529188	-4.709347	-4.296866	9.038948	5.858694	6.584669
49	4	54	0.244754	6.915350	6.055211	4.399185	2.449935	0.798992	-8.513544	6.693130	5.569125	8.274035	-11.011673	-5.747366	-10.927825
49	4	33	-1.791520	6.976556	-0.529207	-3.160847	-1.323406	-5.369266	-8.513588	6.693130	5.569125	8.274035	-11.011673	-5.747366	-10.927825
49	4	3	-1.791520	6.976556	-0.529207	-3.160847	-1.323406	-5.369266	8.464686	1.529188	-4.709347	-4.296866	9.038948	5.858694	6.584669
50	2	83	5.288593	6.462868	8.021744	4.670842	6.303050	5.231410	-8.956878	7.299710	5.668170	4.551979	-12.799678	-3.633987	-11.920254
50	2	17	5.288593	6.462868	8.021744	4.670842	6.303050	5.231410	6.833131	2.517301	-1.971247	-10.277031	8.662667	5.780382	7.302275
51	2	28	-0.666257	6.462077	3.469633	2.101589	-5.965173	1.004976	-5.407780	6.182608	6.717269	5.969922	-19.281093	-2.069839	-7.967299
51	2	72	-0.666257	6.462077	3.469633	2.101589	-5.965173	1.004976	7.854838	1.263205	-4.403848	-7.940122	9.190578	9.840359	7.637919
52	3	82	-0.198161	7.104773	7.739434	4.138671	0.580412	1.654608	6.798102	1.027100	-6.442568	-13.879220	9.056298	5.803830	5.987682
52	3	9	-0.198161	7.104773	7.739434	4.138671	0.580412	1.654608	-11.118572	6.054958	5.971396	2.690192	-6.708573	-2.156260	-2.824170
52	3	9	-1.539926	7.104948	2.016051	-0.174295	0.132843	-3.088986	6.798102	1.027100	-6.442568	-13.879220	9.056298	5.803830	5.987682
53	2	61	0.274205	6.853210	2.098418	-4.855278	-3.997237	-5.468626	6.347986	3.702347	-6.673351	-11.479118	10.687698	8.504095	6.974016
53	2	39	0.274205	6.853210	2.098420	-4.855276	-3.997236	-5.468626	-8.597645	7.839957	5.452979	6.060721	-15.761695	-1.585582	-10.524955
54	3	69	2.229325	1.424516	-1.625302	-0.497041	-0.436687	0.784436	-10.294657	5.549167	7.005325	6.016464	-14.365212	-1.014432	-11.783044
54	3	25	2.229325	1.424516	-1.625302	-0.497041	-0.436687	0.784436	1.091388	-0.234493	-1.102404	-6.048747	6.714658	5.447412	-1.026050
54	3	6	2.229325	1.424516	-1.625302	-0.497041	-0.436687	0.784436	2.949340	-0.649477	-4.485084	-8.208948	8.952661	7.203837	5.463034
55	3	60	1.077189	6.278660	-0.265431	-4.445291	-2.631439	-6.124692	-0.566505	5.665499	-1.450043	-4.285761	9.402229	3.622580	-1.060406
55	3	32	1.077189	6.278660	-0.265431	-4.445291	-2.631439	-6.124692	5.493072	1.929004	-6.627816	-10.831946	13.096863	7.253379	6.278761
55	3	8	1.077189	6.278660	-0.265431	-4.445291	-2.631439	-6.124689	-10.326935	6.247094	5.793494	4.191459	-13.133367	-2.298330	-9.520678
56	2	73	-1.400708	6.572438	-0.940745	-1.991003	-3.329223	0.109656	7.066264	-0.355778	-5.577797	-9.448007	9.588587	4.434640	8.899977
56	2	27	-1.400708	6.572438	-0.940745	-1.991003	-3.329223	0.109656	-10.262344	6.144772	5.874040	5.675133	-14.710818	-7.966888	-10.061668
57	2	92	-1.786361	7.251247	-0.614949	-6.311549	-7.181905	-3.928572	-10.046582	7.143437	7.138871	6.962769	-19.141184	-3.516227	-10.689617
57	2	8	-1.786366	7.251247	-0.614949	-6.311549	-7.181905	-3.928575	6.622169	2.033058	-4.236276	-7.960619	8.745486	6.570976	6.038798
58	2	91	2.961232	2.999912	8.549129	6.733584	5.490156	2.948729	-7.489454	7.005427	7.358044	9.052446	-15.539954	-4.786090	-7.584771
58	2	9	2.961232	2.999912	8.549129	6.733584	5.490156	2.948729	5.873888	0.792231	-3.186070	-4.340390	10.553883	6.309033	6.612739
59	2	61	-0.366802	8.597067	0.304218	-5.404440	-5.796320	-5.625183	-0.589961	1.646498	-5.862612	-7.591315	5.344548	0.385208	-5.850088
59	2	39	-0.366802	8.597067	0.304218	-5.404440	-5.796320	-5.625183	5.439175	-1.389186	-5.862647	-14.007302	10.289066	6.657594	5.264459
60	4	12	3.788064	5.923959	1.557687	-6.177664	-2.045822	-2.202352	-8.934381	6.903577	7.955127	6.499844	-6.468750	-3.844739	-7.302981
60	4	49	7.346566	0.498716	6.690237	2.293013	7.466627	4.271715	0.232954	6.791891	0.309463	-0.736122	7.736482	5.888030	5.881247
60	4	16	7.346566	0.498716	6.690237	2.293013	7.466627	4.271715	-8.934381	6.903577	7.955127	6.499844	-6.468750	-3.844739	-7.302981
60	4	23	3.788064	5.923959	1.557687	-6.177664	-2.045822	-2.202352	0.232954	6.791891	0.309463	-0.736122	7.736482	5.888030	5.881247
61	4	7	1.100287	7.202719	3.449758	-1.683787	-4.875932	-3.269588	5.191757	0.019773	-1.298114	-9.471265	8.830566	7.150930	5.888553
61	4	46	7.256454	5.654844	6.774331	3.914144	0.868168	3.074444	-7.217589	4.314882	5.680205	5.496699	-14.561033	-4.901149	-4.867038
61	4	38	7.256454	5.654844	6.774331	3.914144	0.868168	3.074444	5.191757	0.019773	-1.298114	-9.471265	8.830566	7.150930	5.888553
61	4	9	1.100287	7.202719	3.449758	-1.683787	-4.875932	-3.269588	-7.217589	4.314882	5.680205	5.496699	-14.561033	-4.901149	-4.867038
62	2	57	8.316065	-3.114552	6.565999	6.394885	7.945249	6.862783	7.683775	1.894789	-4.382567	-9.987134	9.668484	6.780674	7.463664
62	2	43	8.316065	-3.114552	6.565999	6.394885	7.945249	6.862783	-9.172523	6.594303	7.462247	6.547282	-16.229399	-2.008633	-6.746275
63	2	95	5.153752	1.808333	7.372116	7.898317	7.824997	4.486592	-9.711608	6.347406	6.139135	7.192325	-18.773116	0.490730	-7.044734
63	2	5	5.153752	1.808333	7.372116	7.898317	7.824997	4.486592	4.320551	1.495607	-1.897032	-3.442767	6.422684	6.678864	7.789943
64	4	79	7.957399	3.126837	7.095155	7.687030	5.171385	7.515451	-3.436479	7.366462	5.273208	8.410346	-12.706630	-4.608449	-10.982024
64	4	5	7.957399	3.126837	7.095155	7.687030	5.171385	7.515451	7.304778	1.686842	-6.346610	-7.923080	10.570944	5.819045	3.928644
64	4	15	3.337641	6.969766	3.497945	-2.106170	-3.775679	6.481622	-3.436479	7.366462	5.273208	8.410346	-12.706630	-4.608449	-10.982024
64	4	1	3.337641	6.969766	3.497945	-2.106170	-3.775679	6.481622	7.304778	1.686842	-6.346615	-7.923080	10.570944	5.819045	3.928644
65	2	63	6.879128	1.882733	7.211745	6.918924	8.283282	4.494063	-8.812046	4.413207	7.122235	7.947987	-16.146006	-3.674978	-9.444211
65	2	37	6.879128	1.882733	7.211745	6.918924	8.283282	4.494063	6.218084	-1.959953	-2.881604	-9.399677	11.951211	6.906843	8.711883
66	3	48	-0.739599	7.153488	0.841625	-7.468235	-5.429289	-3.503549	-5.408136	6.192715	3.674020	8.393312	-10.038986	-8.598652	-6.933887
66	3	18	-0.739599	7.153488	0.841625	-7.468235	-5.429289	-3.503549	6.834488	0.857009	-7.665672	-6.333579	9.661036	3.130917	4.526952
66	3	34	-0.739599	7.153488	0.841625	-7.468235	-5.429289	-3.503549	6.500413	0.901519	-7.464242	-4.672620	5.375811	1.898847	-1.202553
67	3	71	6.600622	1.185312	6.058815	4.504968	7.869798	3.479827	-8.731502	6.133669	6.633718	6.750320	-14.222145	-4.935214	-10.462464
67	3	21	2.203077	7.578709	0.792557	-3.775924	-4.446336	-6.294048	-8.731502	6.133669	6.633718	6.750320	-14.222145	-4.935214	-10.462464
67	3	8	6.600622	1.185312	6.058815	4.504968	7.869798	3.479827	6.041470	0.291826	-3.323059	-6.020102	7.880429	6.396507	7.889853
68	4	74	4.378574	5.824490	-1.925201	-1.677892	-7.596991	1.230910	6.418734	0.412848	-3.714675	-11.788074	11.075550	7.583005	8.048433
68	4	15	4.378574	5.824490	-1.925201	-1.677892	-7.596991	1.230908	-7.691104	6.856712	5.692389	6.686162	-10.467319	-4.668916	-8.949497
68	4	4	7.420712	0.549551	3.114894	4.681795	3.160947	6.353499	-7.691104	6.856712	5.692389	6.686162	-10.467319	-4.668916	-8.949497
68	4	7	7.420712	0.549551	3.114894	4.681795	3.160947	6.353499	6.418734	0.412848	-3.714675	-11.787417	11.075550	7.583005	8.048433
69	3	58	1.664962	9.145960	0.742016	-4.312002	-2.654587	-6.942980	-4.847421	6.526062	5.338827	6.776350	-12.097907	-2.318280	-9.981354
69	3	19	1.664962	9.145960	0.742016	-4.312002	-2.654587	-6.942980	1.980461	5.595805	0.062790	-1.905507	4.553960	3.052454	-2.836736
69	3	23	1.664962	9.145960	0.742016	-4.312002	-2.654587	-6.942980	6.051510	-0.073837	-4.711491	-7.721882	10.659579	6.371428	7.753571
70	2	94	4.045737	4.383505	6.402576	5.227040	1.658547	3.983795	-10.862788	6.185708	7.567148	6.340070	-12.347174	-5.802694	-11.207816
70	2	6	4.045737	4.383505	6.402576	5.227039	1.658547	3.983795	4.815593	0.104066	-0.915588	-9.905458	8.420943	6.232298	2.241462
71	4	32	1.386648	6.232110	1.256282	-6.583400	-1.761664	-4.619892	6.339298	2.054506	-2.582308	-9.509357	9.414378	6.332209	6.465205
71	4	18	6.455590	1.510151	6.276628	4.925746	6.788545	2.339888	-0.498701	7.592530	7.552935	1.807346	-8.873143	-4.769149	-7.150731
71	4	27	1.386648	6.232110	1.256282	-6.583392	-1.761627	-4.619899	-0.498701	7.592530	7.552935	1.807346	-8.873143	-4.769149	-7.150731
71	4	23	6.455590	1.510151	6.276628	4.925746	6.788545	2.339888	6.339298	2.054506	-2.582308	-9.509357	9.414378	6.332209	6.465205
72	2	97	1.043014	6.576890	0.125871	-1.985454	-5.336964	1.723874	-12.637081	5.954494	6.302679	4.623478	-12.087088	-7.132441	-11.132259
72	2	3	1.043014	6.576890	0.125871	-1.985456	-5.336965	1.723874	6.256990	0.635470	-4.200183	-6.763696	7.933402	4.193003	4.865689
73	6	47	9.261941	4.000717	-0.816491	2.273441	6.352340	2.166438	-5.077337	5.717177	7.337650	3.954593	-19.454359	-3.593821	-10.641779
73	6	12	9.261941	4.000717	-0.816491	2.273441	6.352340	2.166438	1.773844	-0.094823	6.871642	1.738965	-0.911459	4.050896	5.373502
73	6	20	9.261941	4.000717	-0.816491	2.273441	6.352340	2.166438	3.914842	-0.094986	-4.936867	-12.830303	9.450129	5.325207	6.420654
73	6	4	9.271980	4.000702	5.611727	4.881047	7.839125	5.315822	3.914842	-0.094986	-4.936867	-12.830303	9.450129	5.325207	6.420654
73	6	13	9.271980	4.000702	5.611727	4.881047	7.839125	5.315822	-5.077337	5.717177	7.337650	3.954593	-19.454359	-3.593821	-10.641779
73	6	4	9.271980	4.000702	5.611727	4.881047	7.839124	5.315822	1.773844	-0.094823	6.871642	1.738965	-0.911459	4.050896	5.373502
74	2	66	3.453592	7.709420	4.385457	3.343394	-0.139200	-2.183959	-5.325313	5.812922	3.356244	6.932365	-9.981434	-6.073356	-9.764035
74	2	34	3.453592	7.709420	4.385457	3.343394	-0.139200	-2.183959	7.421118	2.713836	-4.934957	-6.852775	7.015743	5.968738	6.081099
75	6	6	1.505003	7.902525	1.176733	-0.472085	-3.755730	-4.138459	6.428047	1.302465	-5.330774	-9.149846	10.031577	6.958990	6.496626
75	6	5	6.939191	2.087969	7.470577	7.563215	6.526948	7.129300	6.428047	1.302465	-5.330774	-9.149846	10.031577	6.958990	6.496626
75	6	17	2.233547	7.901362	7.470189	6.403268	1.502765	2.479676	-10.368152	7.675773	5.077927	7.406836	-16.813754	-4.316261	-10.646216
75	6	6	2.233547	7.901362	7.470189	6.403268	1.502765	2.479676	6.428047	1.302465	-5.330774	-9.149846	10.031577	6.958990	6.496626
75	6	32	1.505003	7.902525	1.176733	-0.472086	-3.755730	-4.138459	-10.368152	7.675773	5.077927	7.406836	-16.813754	-4.316259	-10.646215
75	6	34	6.939191	2.087969	7.470577	7.563215	6.526948	7.129300	-10.368152	7.675773	5.077927	7.406836	-16.813754	-4.316257	-10.646214
76	2	42	0.327678	6.495699	2.484241	0.322731	-3.019897	-1.116896	7.771178	-0.915979	-4.140652	-8.143553	9.301978	6.690040	6.899597
76	2	58	0.327678	6.495699	2.484241	0.322731	-3.019897	-1.116896	-9.679811	5.684947	7.480245	6.612839	-12.508310	-1.970652	-8.391703
77	3	30	-0.421977	8.366938	0.534372	-6.033862	-6.436073	-9.605287	-3.358537	6.054684	4.585129	5.974657	-6.779924	5.443007	3.734956
77	3	62	-0.421977	8.366938	0.534372	-6.033862	-6.436073	-9.605287	6.764700	2.776218	-7.641272	-9.850455	9.118026	6.181176	4.849160
77	3	8	-0.421977	8.366938	0.534372	-6.033862	-6.436073	-9.605287	-8.698606	6.303004	4.585129	5.975842	-19.645176	0.921480	-5.491962
78	4	60	-2.451444	9.366784	0.956407	-5.613983	-1.385796	2.342576	-11.366371	6.740793	8.761059	5.735880	-16.539666	-5.094643	-10.659479
78	4	36	-1.089771	9.366784	7.372182	6.286192	1.700388	3.173933	-11.366371	6.740793	8.761059	5.735880	-16.539666	-5.094643	-10.659479
78	4	3	-2.451444	9.366784	0.956407	-5.613983	-1.385796	2.342576	5.731371	1.054861	0.571441	-3.366178	8.474853	4.519684	5.776583
78	4	1	-1.089771	9.366784	7.372182	6.286192	1.700388	3.173933	5.731371	1.054861	0.571441	-3.366178	8.474853	4.519684	5.776583
79	10	7	-0.299832	6.245241	4.094491	-6.165796	2.042493	-2.403150	-7.018563	5.575152	5.352459	7.392048	-9.368896	-7.637575	-11.334949
79	10	15	6.183947	4.018552	4.094492	-0.322398	5.300776	3.983371	2.084152	3.688542	1.918701	0.757170	-4.719521	-1.473679	-5.061098
79	10	29	6.183947	4.018552	4.094492	-0.322398	5.300776	3.983371	-7.018563	5.575152	5.352459	7.392048	-9.368896	-7.637575	-11.334949
79	10	7	-0.299833	6.245241	4.094491	-6.165800	2.042491	-2.403154	2.084152	3.688542	1.918701	0.757170	-4.719521	-1.473679	-5.061098
79	10	8	6.183947	4.018552	4.094492	-0.322398	5.300776	3.983372	2.301554	3.532055	-3.930644	-10.235186	4.790246	2.753565	-0.485482
79	10	3	6.207311	3.957832	6.574885	4.386706	8.623992	8.603417	2.084152	3.688542	1.918701	0.757170	-4.719521	-1.473679	-5.061098
79	10	4	6.183947	4.018552	4.094492	-0.322398	5.300776	3.983372	5.666756	0.926187	-6.090607	-11.204954	9.984236	3.950378	5.780756
79	10	6	6.207311	3.957832	6.574885	4.386706	8.623992	8.603417	5.666756	0.926187	-6.090607	-11.204954	9.984236	3.950378	5.780756
79	10	8	-0.299833	6.245241	4.094491	-6.165800	2.042491	-2.403103	5.666756	0.926187	-6.090607	-11.204954	9.984236	3.950378	5.780756
79	10	7	6.207311	3.957832	6.574885	4.386706	8.623992	8.603417	-7.018563	5.575152	5.352459	7.392048	-9.368896	-7.637575	-11.334949
80	2	67	6.406629	2.429681	6.174618	5.992652	6.684273	6.739440	9.320628	-1.427360	-5.244018	-12.356225	10.499831	6.594641	6.366736
80	2	33	6.406629	2.429681	6.174618	5.992652	6.684273	6.739440	-9.099006	4.064949	6.283763	4.494669	-13.095696	-2.210059	-9.980080
81	2	87	2.805499	7.457383	-0.488474	-2.469422	-0.197478	-2.136301	6.933021	-0.024679	-6.868237	-14.614782	10.348559	6.398360	8.691663
81	2	13	2.805499	7.457383	-0.488474	-2.469422	-0.197478	-2.136301	-4.277696	6.199514	5.847262	1.313148	-3.386745	5.639265	5.551776
82	4	38	-0.306927	7.379579	1.090658	-4.243522	-4.724736	-5.193488	-7.733855	5.361576	8.596911	6.589529	-7.690181	-5.608082	-7.731666
82	4	38	-0.291452	7.379579	7.549029	8.322849	1.891702	1.223541	-7.733855	5.361576	8.596911	6.589529	-7.690181	-5.608082	-7.731667
82	4	7	-0.306927	7.379579	1.090658	-4.243522	-4.724736	-5.193488	4.611061	0.824091	-0.239335	-8.667884	11.122962	6.870211	8.232155
82	4	17	-0.291452	7.379579	7.549029	8.322849	1.891702	1.223541	4.611061	0.824091	-0.239335	-8.667884	11.122962	6.870211	8.232155
83	4	22	7.239303	1.655647	6.277440	5.428276	5.499647	4.328233	-6.866252	5.082948	5.339663	7.246084	-12.742395	0.131439	-10.408966
83	4	11	7.239303	1.655647	6.277440	5.428276	5.499647	4.328233	5.270228	-0.572134	-2.918171	-11.026030	9.528940	5.726040	5.990648
83	4	19	2.917076	7.067556	1.800130	-3.660823	-3.978677	-3.571852	5.270228	-0.572134	-2.918171	-11.026030	9.528940	5.726040	5.990648
83	4	48	2.917076	7.067556	1.800130	-3.660823	-3.978677	-3.571852	-6.866252	5.082948	5.339663	7.246084	-12.742395	0.131439	-10.408966
84	4	49	0.331229	8.085816	7.572029	1.093881	0.877125	2.848883	-9.059260	7.432809	8.788937	6.901473	-20.521325	-2.470792	-11.744128
84	4	40	0.331229	8.085816	7.572029	1.093881	0.877125	2.848883	6.525510	1.155742	-3.765019	-6.761038	9.440707	8.400697	6.535444
84	4	2	0.205135	8.085831	2.409881	-3.026018	-4.876626	2.750507	6.525510	1.155742	-3.765019	-6.761038	9.440707	8.400697	6.535444
84	4	9	0.205135	8.085831	2.409881	-3.026018	-4.876626	2.750507	-9.059260	7.432809	8.788937	6.901473	-20.521323	-2.470736	-11.744116
85	6	4	6.272556	3.920305	6.123547	5.694930	7.003351	8.158396	-6.293704	7.749277	6.647002	4.676786	-10.696585	1.080656	-11.706489
85	6	48	0.472087	7.980817	1.384555	-6.452308	-4.446078	-2.330027	7.023906	3.464112	-3.093058	-12.071484	10.005997	8.690618	6.115721
85	6	16	0.472087	7.980817	1.384555	-6.452308	-4.446078	-2.330027	-6.293704	7.749277	6.647002	4.676786	-10.696585	1.080656	-11.706489
85	6	15	2.916749	7.977854	6.122724	5.690229	1.633906	3.023338	7.023906	3.464112	-3.093058	-12.071484	10.005997	8.690618	6.115721
85	6	15	6.272556	3.920305	6.123547	5.694930	7.003351	8.158396	7.023906	3.464112	-3.093058	-12.071484	10.005997	8.690618	6.115721
85	6	2	2.916749	7.977854	6.122724	5.690229	1.633906	3.023338	-6.293704	7.749277	6.647002	4.676786	-10.696585	1.080656	-11.706489
86	3	77	-0.268638	1.010385	0.467658	-7.255055	-0.756741	-3.754791	-11.854381	4.967293	4.861722	8.150433	-11.137075	-5.031371	-8.110044
86	3	22	-0.268638	1.010385	0.467658	-7.255055	-0.756741	-3.754791	6.230500	0.002599	-4.926834	-3.914282	9.026184	5.180638	9.288888
86	3	1	-0.268638	1.010385	0.467658	-7.255055	-0.756741	-3.754791	4.778638	0.002613	-1.452600	0.641866	-1.308889	-0.139500	4.042279
87	3	63	6.549334	-0.344152	1.090412	0.289210	4.429878	-1.363427	-10.433211	5.692354	6.655857	5.347221	-12.886720	-6.206832	-9.991674
87	3	32	6.549334	-0.344152	1.090412	0.289210	4.429878	-1.363427	6.726299	-0.745563	-3.887441	-12.885277	9.544160	4.998748	6.594199
87	3	5	6.549335	-0.344154	6.393789	5.895736	7.651132	4.696640	-10.433211	5.692354	6.655857	5.347221	-12.886720	-6.206832	-9.991674
88	6	37	-1.047600	8.178335	7.337459	6.426658	2.383341	2.544823	6.449651	0.553064	-1.279223	-8.979344	8.629215	6.929627	7.166918
88	6	24	-1.047600	8.178335	7.337459	6.426658	2.383341	2.544823	-4.979125	6.281458	7.150782	6.894625	-10.927332	0.409496	2.689943
88	6	35	-1.047600	8.178335	7.337459	6.426658	2.383341	2.544823	-9.835925	6.281458	7.300087	6.896452	-15.804951	-2.127772	-5.488006
88	6	1	-1.728420	8.182846	3.466002	-3.696847	-0.646082	-1.790780	-4.979125	6.281458	7.150782	6.894625	-10.927332	0.409496	2.689943
88	6	2	-1.728420	8.182846	3.466002	-3.696847	-0.646082	-1.790780	6.449651	0.553064	-1.279223	-8.979344	8.629215	6.929627	7.166918
88	6	1	-1.728420	8.182846	3.466002	-3.696847	-0.646082	-1.790780	-9.835925	6.281458	7.300087	6.896452	-15.804951	-2.127771	-5.488006
89	6	50	8.447816	2.528127	7.878544	6.327772	6.971064	7.480148	4.698355	1.661572	-5.905788	-16.034090	8.625070	6.053974	8.531143
89	6	11	8.447816	2.528129	7.878544	6.327772	6.971064	7.480148	-7.862502	6.450101	6.164165	3.259594	-13.667118	-1.267113	-5.857039
89	6	27	3.372448	8.165595	3.664162	-0.532702	-4.479956	4.483220	4.698355	1.661572	-5.905788	-16.034090	8.625070	6.053974	8.531143
89	6	9	3.372448	8.165595	3.664162	-0.532702	-4.479956	4.483220	-7.862502	6.450101	6.164165	3.259594	-13.667118	-1.267113	-5.857039
89	6	2	3.372448	8.165595	3.664162	-0.532702	-4.479956	4.483220	-4.456900	6.450092	6.164163	3.259594	-7.357659	2.514170	3.454301
89	6	1	8.447816	2.528128	7.878544	6.327772	6.971064	7.480148	-4.456901	6.450092	6.164163	3.259594	-7.357660	2.514170	3.454300
90	9	24	2.016223	7.190416	1.132776	-5.839532	-3.889270	-0.499561	-5.356625	6.210739	4.696992	5.640892	-15.968570	-2.172321	-5.868552
90	9	4	2.016223	7.190416	1.132776	-5.839532	-3.889269	-0.499561	-1.928787	5.942270	4.692219	5.634228	-8.361622	2.852327	3.111768
90	9	11	2.016223	7.190416	1.132776	-5.839532	-3.889271	-0.499562	3.008535	3.484958	0.265599	-2.294822	1.341084	0.254152	-2.379183
90	9	41	2.016223	7.190416	1.132776	-5.839532	-3.889270	-0.499561	6.744191	1.664119	-5.481078	-11.135640	8.323973	5.380272	6.728447
90	9	1	7.410313	2.755126	6.524412	6.009986	8.065404	4.989500	3.008534	3.484958	0.265600	-2.294821	1.341083	0.254151	-2.379183
90	9	4	7.410313	2.755126	6.524412	6.009986	8.065404	4.989500	-5.356625	6.210739	4.696992	5.640892	-15.968570	-2.172321	-5.868552
90	9	2	2.016223	7.190416	1.132776	-5.839532	-3.889269	-0.499561	2.794319	3.633259	1.141238	-1.651381	-4.553642	0.201391	-2.462423
90	9	2	7.410313	2.755126	6.524412	6.009986	8.065404	4.989500	2.794319	3.633259	1.141238	-1.651381	-4.553642	0.201391	-2.462423
90	9	11	7.410313	2.755126	6.524412	6.009986	8.065404	4.989500	6.744191	1.664119	-5.481078	-11.135640	8.323973	5.380272	6.728447
91	2	92	-1.848898	6.028612	1.335147	-6.978193	-4.265827	-4.250552	-10.862612	5.872048	7.224582	6.169652	-19.817894	-3.329620	-10.476591
91	2	8	-1.848898	6.028612	1.335147	-6.978193	-4.265827	-4.250557	3.643568	3.702135	1.924312	-4.149755	9.486712	4.970121	6.899992
92	4	70	0.626684	6.024371	3.188044	3.189677	-3.907172	-1.614225	-10.622171	8.250220	6.110792	7.856802	-14.559358	-5.871167	-9.884838
92	4	4	0.626684	6.024371	-0.827842	-2.405394	-4.042161	-4.009490	7.695173	2.094965	-6.669295	-5.759435	10.443200	5.604072	6.119843
92	4	11	0.626684	6.024371	3.188044	3.189677	-3.907172	-1.614225	7.695173	2.094965	-6.669295	-5.759435	10.443200	5.604072	6.119843
92	4	15	0.626684	6.024371	-0.827842	-2.405394	-4.042161	-4.009490	-10.622171	8.250220	6.110792	7.856802	-14.559358	-5.871167	-9.884838
93	2	42	-1.348312	0.914919	1.476130	-6.670485	0.707825	1.136573	-10.188185	4.831178	7.559124	6.475134	-17.658396	-0.702758	-10.307658
93	2	58	-1.348312	0.914919	1.476130	-6.670485	0.707825	1.136573	7.729529	-1.567506	-1.203070	-12.666660	9.467163	8.496214	5.933996
94	3	14	0.286202	6.984978	1.227688	-3.755006	-5.853437	-3.594608	7.743519	0.389787	-7.088564	-7.619754	8.472273	6.262911	5.469760
94	3	74	0.286202	6.984978	1.227688	-3.755006	-5.853437	-3.594549	-4.221391	6.482073	5.364987	7.953134	-10.990668	-5.067799	-10.447352
94	3	12	0.286202	6.984978	1.227688	-3.755006	-5.853437	-3.594556	6.287708	0.390172	-6.884182	-7.616696	6.166582	4.544683	-0.256586
95	3	36	6.946418	-0.573446	8.836705	5.093699	7.418641	5.162755	6.490330	3.970250	-2.989729	-4.522222	9.323913	5.554093	8.672101
95	3	54	6.946418	-0.573446	8.836705	5.093699	7.418641	5.162755	-6.322275	5.946723	5.317196	7.665111	-13.001545	-3.683216	1.256991
95	3	10	6.946418	-0.573446	8.836705	5.093699	7.418641	5.162755	-9.713632	5.946723	5.317196	7.665111	-15.651282	-4.717408	-4.052545
96	2	85	6.976365	-0.093785	6.815165	4.347756	5.882123	5.121403	-7.855198	2.983805	5.639139	6.851891	-8.393689	-7.575421	-7.222616
96	2	15	6.976365	-0.093785	6.815165	4.347756	5.882123	5.121403	7.723716	-0.243755	-7.222508	-2.488589	7.110371	1.563187	3.337458
97	2	6	0.127093	6.492235	0.162762	-7.372791	-4.967323	-5.656201	7.508099	3.157294	-1.787369	-7.391306	7.851361	3.559259	7.180178
97	2	94	0.127093	6.492235	0.162762	-7.372791	-4.967323	-5.656201	-3.653169	6.975417	6.646042	7.919503	-16.949098	-4.714233	-7.081114
98	4	12	3.322934	6.485899	8.501622	8.371760	3.326575	2.540096	-7.611771	8.344342	4.741792	6.838301	-16.702806	-5.802447	-6.214831
98	4	37	5.723713	5.574187	8.501622	8.678156	6.845749	5.661512	-7.611771	8.344342	4.741792	6.838301	-16.702806	-5.802447	-6.214831
98	4	12	3.322934	6.485899	8.501622	8.371760	3.326575	2.540096	6.174185	2.428812	-6.603137	-4.828131	9.482068	5.742660	7.360605
98	4	39	5.723713	5.574187	8.501622	8.678156	6.845749	5.661512	6.174185	2.428812	-6.603137	-4.828131	9.482068	5.742660	7.360605
99	6	33	1.714654	7.593546	-0.202175	-2.914684	1.142135	-0.360979	-4.350713	8.753600	7.156793	1.643922	-13.199349	1.606105	-1.756571
99	6	12	6.567583	1.582189	-0.202175	-1.696044	3.237468	4.368227	-4.350713	8.753600	7.156793	1.643922	-13.199349	1.606105	-1.756571
99	6	15	6.567583	1.582189	-0.202175	-1.696044	3.237468	4.368227	6.684700	3.656353	-0.403873	-12.764534	8.072794	6.095572	6.078115
99	6	19	1.714654	7.593546	-0.202175	-2.914684	1.142135	-0.360979	6.684700	3.656353	-0.403873	-12.764534	8.072794	6.095572	6.078115
99	6	9	6.567583	1.582189	-0.202175	-1.696044	3.237468	4.368227	2.742174	6.494757	4.796452	-4.942635	-2.457159	6.095568	6.078044
99	6	12	1.714654	7.593546	-0.202175	-2.914684	1.142135	-0.360979	2.742174	6.494757	4.796452	-4.942635	-2.457159	6.095568	6.078044
100	4	43	3.848870	7.394892	7.291871	4.807291	2.286861	1.342005	-10.691811	5.711990	5.825302	4.299929	-12.526464	-4.736451	-11.658929
100	4	34	3.848871	7.394891	7.291871	4.807291	2.286861	1.342006	5.768215	-0.865756	-0.312125	-12.220972	10.150798	6.347348	6.541035
100	4	13	0.739417	7.588161	1.802256	-2.699824	-3.663825	-5.446869	5.768215	-0.865756	-0.312125	-12.220972	10.150798	6.347348	6.541035
100	4	10	0.739417	7.588161	1.802256	-2.699824	-3.663827	-5.446869	-10.691811	5.711990	5.825302	4.299929	-12.526452	-4.736451	-11.658929
