5	4	0.587377	3.592434	3.208611	2.105283	-2.482864	-0.955242	-7.474065	7.389153	7.407196	5.509487	-17.207924	-1.319721	-12.741317	5.841899	2.683409	7.023609	6.866888	3.247463	5.779585	-7.474065	7.389153	7.407196	5.509487	-17.207924	-1.319721	-12.741317	5.841899	2.683409	7.023609	6.866888	3.247463	5.779585	3.422757	1.812645	1.848161	-6.322829	9.205530	8.873738	4.904083	0.587377	3.592434	3.208611	2.105283	-2.482864	-0.955242	3.422757	1.812645	1.848161	-6.322829	9.205530	8.873738	4.904083
12	4	0.269527	5.918126	6.832564	6.806046	0.147612	-0.537611	7.512681	0.269360	-6.202232	-10.612775	8.142376	5.162280	6.304852	0.269527	5.918126	6.832564	6.806046	0.147612	-0.537611	-10.019745	6.730811	5.154275	4.403536	-14.697905	-4.820541	-10.006810	0.269517	5.918126	2.548203	0.838243	-3.718165	-4.752174	-10.019745	6.730811	5.154274	4.403536	-14.697905	-4.820541	-10.006810	0.269517	5.918126	2.548204	0.838244	-3.718163	-4.752168	7.512681	0.269360	-6.202203	-10.612775	8.142376	5.162280	6.304852
15	4	0.974359	6.875482	3.438792	-3.158881	-2.007848	-5.565305	4.844739	-2.678890	-0.158235	-10.268490	10.049285	6.556913	5.690334	7.042371	2.947741	7.678092	6.838316	6.556973	4.844823	4.844739	-2.678890	-0.158236	-10.268490	10.049285	6.556913	5.690334	0.974359	6.875482	3.438792	-3.158881	-2.007848	-5.565302	-7.431927	3.472743	6.554524	4.158155	-9.362136	-4.500690	-3.338680	7.042371	2.947741	7.678092	6.838316	6.556973	4.844823	-7.431927	3.472743	6.554524	4.158155	-9.362136	-4.500690	-3.338680
16	4	4.513696	6.033808	7.870523	5.458898	3.757180	4.205565	-4.797063	6.303215	2.948454	5.227115	-8.314365	-2.813829	-12.258881	0.442286	6.929681	2.947838	-3.824799	-3.086007	-2.439754	-4.797063	6.303215	2.948454	5.227115	-8.311628	-2.813829	-12.258881	4.513696	6.033808	7.870523	5.458898	3.757180	4.205565	6.536775	3.427522	-8.803632	-8.995225	9.384473	6.820500	5.734752	0.442286	6.929681	2.947838	-3.824799	-3.086007	-2.439754	6.536775	3.427522	-8.803632	-8.995225	9.384473	6.820500	5.734752
22	4	5.095360	1.510691	-0.777585	0.757488	2.456448	3.564890	7.637394	0.561887	-5.273785	-10.683902	8.676621	7.291251	4.847060	1.152021	7.313662	-2.997147	-2.317567	-3.515390	2.142789	7.637394	0.561887	-5.273785	-10.683902	8.676621	7.291251	4.847060	5.095360	1.510691	-0.777599	0.757473	2.456448	3.564889	-5.854578	6.982993	6.911634	5.031712	-14.621059	-1.914740	-13.633563	1.152021	7.313662	-2.997148	-2.317567	-3.515390	2.142789	-5.854578	6.982993	6.911634	5.031712	-14.621059	-1.914740	-13.633563
24	4	-0.133553	5.431521	0.229180	-3.083600	-0.690803	-4.889229	5.373312	6.490126	-5.390862	-9.594906	7.092056	7.145951	7.007746	-0.133553	5.431521	0.229180	-3.083600	-0.690803	-4.889229	-10.370575	8.193458	4.697469	8.144567	-16.079565	-0.993690	-9.876107	6.070884	1.040921	6.072771	7.408654	6.800426	6.401507	-10.370575	8.193458	4.697469	8.144567	-16.079565	-0.993690	-9.876107	6.070884	1.040921	6.072771	7.408654	6.800426	6.401507	5.373312	6.490126	-5.390862	-9.594905	7.092056	7.145951	7.007746
26	4	5.104551	4.403271	6.213474	7.724952	5.796354	5.479477	-4.656263	6.578718	8.172208	7.978418	-15.147422	-5.297937	-7.398409	3.559145	5.073166	4.240335	0.812650	1.719070	-4.496014	-4.656263	6.578718	8.172208	7.978418	-15.147422	-5.297937	-7.398409	5.104551	4.403271	6.213474	7.724952	5.796354	5.479477	8.873554	1.159187	-3.452855	-9.649793	11.130100	4.670077	5.530857	3.559145	5.073166	4.240335	0.812650	1.719070	-4.496014	8.873554	1.159187	-3.452855	-9.649793	11.130100	4.670077	5.530857
30	4	6.437136	3.760681	7.246948	6.900366	6.102868	7.076986	6.606699	0.861260	0.526887	-9.348410	10.361023	5.294717	3.250323	1.926316	5.956482	1.044985	-4.115915	-1.667936	1.287935	-9.312435	6.554326	7.685958	6.381022	-16.849701	-0.412954	-12.022509	1.926315	5.956482	1.044985	-4.115916	-1.667936	1.287935	6.606699	0.861260	0.526887	-9.348410	10.361023	5.294717	3.250323	6.437136	3.760681	7.246948	6.900366	6.102868	7.076986	-9.312435	6.554326	7.685958	6.381022	-16.960847	-0.412954	-12.022509
31	4	2.905272	0.414377	1.213223	-1.085628	0.831582	-2.339020	6.206955	-2.418675	-5.199782	-12.444935	8.423807	5.544630	6.768382	8.555206	-3.153297	6.801112	7.426216	6.591084	6.389977	6.206955	-2.418675	-5.199782	-12.451203	8.423807	5.544630	6.768382	8.555206	-3.153297	6.801112	7.426216	6.591084	6.389977	-5.286785	2.144218	4.823819	4.494947	-6.994027	-4.139795	-8.866475	2.905272	0.414377	1.213223	-1.085628	0.831582	-2.339020	-5.286785	2.144218	4.823819	4.494947	-6.994027	-4.139795	-8.866475
37	4	3.623950	4.258217	5.112077	6.981132	6.318975	1.644844	-7.954353	6.238975	5.147810	5.537285	-9.674230	-1.211860	-7.603508	-0.622155	4.757366	-0.720046	0.605227	1.982031	-4.872494	6.744685	2.595897	-5.773744	-11.256973	7.999674	3.867028	7.091125	3.623950	4.258217	5.112077	6.981132	6.318975	1.644844	6.744685	2.595897	-5.773744	-11.256973	7.999674	3.867028	7.091125	-0.622155	4.757366	-0.720046	0.605227	1.982031	-4.872494	-7.954353	6.238975	5.147810	5.537285	-9.674230	-1.211860	-7.603508
39	4	5.541751	3.951624	2.163509	-7.067106	2.196218	0.144729	-6.483440	4.640964	5.299460	6.963211	-0.542195	-3.832541	-8.286625	5.541751	3.951624	2.163509	-7.067106	2.196218	0.144729	6.596875	-1.051773	-5.459230	-11.503969	10.812699	6.980975	7.986205	5.541751	3.951624	2.163509	-7.067106	2.196218	0.144729	0.719073	4.226194	0.282846	-5.889764	4.482761	0.831240	-1.758538	5.541751	3.951624	2.163509	-7.067106	2.196218	0.144729	-6.825381	4.640973	5.757393	6.984769	-4.206626	-3.832543	-8.286884
42	4	5.492577	3.847182	7.402373	6.449497	5.213073	3.251277	4.961153	1.332773	-6.384734	-7.178347	10.397365	5.266971	6.668181	5.492577	3.847182	7.402373	6.449497	5.213073	3.251277	-5.605257	4.730426	5.339797	9.203918	-6.166658	-2.337836	-3.010660	-0.802594	4.913878	1.508539	-1.031399	-3.929162	-4.361428	4.961153	1.332773	-6.384734	-7.178343	10.397365	5.266971	6.668181	-0.802594	4.913878	1.508539	-1.031399	-3.929162	-4.361428	-5.605257	4.730426	5.339797	9.203918	-6.166658	-2.337836	-3.010660
44	4	0.546453	6.270922	6.779797	6.719814	2.738700	4.162771	-6.407606	6.731076	6.023207	9.366253	-15.679613	-3.737499	-12.594209	0.546453	6.270922	6.779797	6.719814	2.738700	4.162771	7.905200	1.777667	-1.923920	-6.693800	9.181668	6.751694	6.360431	-2.798128	6.272367	0.373292	-4.123984	-1.245212	-4.251837	-6.407606	6.731076	6.023207	9.366253	-15.679613	-3.737499	-12.594209	-2.798128	6.272367	0.373292	-4.123984	-1.245212	-4.251837	7.905200	1.777667	-1.923920	-6.693800	9.181668	6.751694	6.360431
45	4	6.748530	5.385625	1.467962	1.353962	5.025653	0.222397	7.314187	2.448914	-3.130831	-8.363551	8.839916	6.918842	4.811157	6.748530	5.385625	1.467962	1.353962	5.025653	0.222397	5.105733	4.145016	3.428869	2.446707	-11.492740	-2.830279	-6.849268	6.792653	5.354032	6.755470	4.879623	7.175872	5.815546	7.314187	2.448915	-3.130830	-8.363551	8.839916	6.918842	4.811157	6.792653	5.354032	6.755470	4.879623	7.175872	5.815546	5.105733	4.145016	3.428869	2.446707	-11.492740	-2.830279	-6.849268
49	4	0.244754	6.915350	6.055211	4.399185	2.449935	0.798992	8.464686	1.529188	-4.709347	-4.296866	9.038948	5.858694	6.584669	0.244754	6.915350	6.055211	4.399185	2.449935	0.798992	-8.513544	6.693130	5.569125	8.274035	-11.011673	-5.747366	-10.927825	-1.791520	6.976556	-0.529207	-3.160847	-1.323406	-5.369266	-8.513588	6.693130	5.569125	8.274035	-11.011673	-5.747366	-10.927825	-1.791520	6.976556	-0.529207	-3.160847	-1.323406	-5.369266	8.464686	1.529188	-4.709347	-4.296866	9.038948	5.858694	6.584669
60	4	3.788064	5.923959	1.557687	-6.177664	-2.045822	-2.202352	-8.934381	6.903577	7.955127	6.499844	-6.468750	-3.844739	-7.302981	7.346566	0.498716	6.690237	2.293013	7.466627	4.271715	0.232954	6.791891	0.309463	-0.736122	7.736482	5.888030	5.881247	7.346566	0.498716	6.690237	2.293013	7.466627	4.271715	-8.934381	6.903577	7.955127	6.499844	-6.468750	-3.844739	-7.302981	3.788064	5.923959	1.557687	-6.177664	-2.045822	-2.202352	0.232954	6.791891	0.309463	-0.736122	7.736482	5.888030	5.881247
61	4	1.100287	7.202719	3.449758	-1.683787	-4.875932	-3.269588	5.191757	0.019773	-1.298114	-9.471265	8.830566	7.150930	5.888553	7.256454	5.654844	6.774331	3.914144	0.868168	3.074444	-7.217589	4.314882	5.680205	5.496699	-14.561033	-4.901149	-4.867038	7.256454	5.654844	6.774331	3.914144	0.868168	3.074444	5.191757	0.019773	-1.298114	-9.471265	8.830566	7.150930	5.888553	1.100287	7.202719	3.449758	-1.683787	-4.875932	-3.269588	-7.217589	4.314882	5.680205	5.496699	-14.561033	-4.901149	-4.867038
64	4	7.957399	3.126837	7.095155	7.687030	5.171385	7.515451	-3.436479	7.366462	5.273208	8.410346	-12.706630	-4.608449	-10.982024	7.957399	3.126837	7.095155	7.687030	5.171385	7.515451	7.304778	1.686842	-6.346610	-7.923080	10.570944	5.819045	3.928644	3.337641	6.969766	3.497945	-2.106170	-3.775679	6.481622	-3.436479	7.366462	5.273208	8.410346	-12.706630	-4.608449	-10.982024	3.337641	6.969766	3.497945	-2.106170	-3.775679	6.481622	7.304778	1.686842	-6.346615	-7.923080	10.570944	5.819045	3.928644
68	4	4.378574	5.824490	-1.925201	-1.677892	-7.596991	1.230910	6.418734	0.412848	-3.714675	-11.788074	11.075550	7.583005	8.048433	4.378574	5.824490	-1.925201	-1.677892	-7.596991	1.230908	-7.691104	6.856712	5.692389	6.686162	-10.467319	-4.668916	-8.949497	7.420712	0.549551	3.114894	4.681795	3.160947	6.353499	-7.691104	6.856712	5.692389	6.686162	-10.467319	-4.668916	-8.949497	7.420712	0.549551	3.114894	4.681795	3.160947	6.353499	6.418734	0.412848	-3.714675	-11.787417	11.075550	7.583005	8.048433
71	4	1.386648	6.232110	1.256282	-6.583400	-1.761664	-4.619892	6.339298	2.054506	-2.582308	-9.509357	9.414378	6.332209	6.465205	6.455590	1.510151	6.276628	4.925746	6.788545	2.339888	-0.498701	7.592530	7.552935	1.807346	-8.873143	-4.769149	-7.150731	1.386648	6.232110	1.256282	-6.583392	-1.761627	-4.619899	-0.498701	7.592530	7.552935	1.807346	-8.873143	-4.769149	-7.150731	6.455590	1.510151	6.276628	4.925746	6.788545	2.339888	6.339298	2.054506	-2.582308	-9.509357	9.414378	6.332209	6.465205
78	4	-2.451444	9.366784	0.956407	-5.613983	-1.385796	2.342576	-11.366371	6.740793	8.761059	5.735880	-16.539666	-5.094643	-10.659479	-1.089771	9.366784	7.372182	6.286192	1.700388	3.173933	-11.366371	6.740793	8.761059	5.735880	-16.539666	-5.094643	-10.659479	-2.451444	9.366784	0.956407	-5.613983	-1.385796	2.342576	5.731371	1.054861	0.571441	-3.366178	8.474853	4.519684	5.776583	-1.089771	9.366784	7.372182	6.286192	1.700388	3.173933	5.731371	1.054861	0.571441	-3.366178	8.474853	4.519684	5.776583
82	4	-0.306927	7.379579	1.090658	-4.243522	-4.724736	-5.193488	-7.733855	5.361576	8.596911	6.589529	-7.690181	-5.608082	-7.731666	-0.291452	7.379579	7.549029	8.322849	1.891702	1.223541	-7.733855	5.361576	8.596911	6.589529	-7.690181	-5.608082	-7.731667	-0.306927	7.379579	1.090658	-4.243522	-4.724736	-5.193488	4.611061	0.824091	-0.239335	-8.667884	11.122962	6.870211	8.232155	-0.291452	7.379579	7.549029	8.322849	1.891702	1.223541	4.611061	0.824091	-0.239335	-8.667884	11.122962	6.870211	8.232155
83	4	7.239303	1.655647	6.277440	5.428276	5.499647	4.328233	-6.866252	5.082948	5.339663	7.246084	-12.742395	0.131439	-10.408966	7.239303	1.655647	6.277440	5.428276	5.499647	4.328233	5.270228	-0.572134	-2.918171	-11.026030	9.528940	5.726040	5.990648	2.917076	7.067556	1.800130	-3.660823	-3.978677	-3.571852	5.270228	-0.572134	-2.918171	-11.026030	9.528940	5.726040	5.990648	2.917076	7.067556	1.800130	-3.660823	-3.978677	-3.571852	-6.866252	5.082948	5.339663	7.246084	-12.742395	0.131439	-10.408966
84	4	0.331229	8.085816	7.572029	1.093881	0.877125	2.848883	-9.059260	7.432809	8.788937	6.901473	-20.521325	-2.470792	-11.744128	0.331229	8.085816	7.572029	1.093881	0.877125	2.848883	6.525510	1.155742	-3.765019	-6.761038	9.440707	8.400697	6.535444	0.205135	8.085831	2.409881	-3.026018	-4.876626	2.750507	6.525510	1.155742	-3.765019	-6.761038	9.440707	8.400697	6.535444	0.205135	8.085831	2.409881	-3.026018	-4.876626	2.750507	-9.059260	7.432809	8.788937	6.901473	-20.521323	-2.470736	-11.744116
92	4	0.626684	6.024371	3.188044	3.189677	-3.907172	-1.614225	-10.622171	8.250220	6.110792	7.856802	-14.559358	-5.871167	-9.884838	0.626684	6.024371	-0.827842	-2.405394	-4.042161	-4.009490	7.695173	2.094965	-6.669295	-5.759435	10.443200	5.604072	6.119843	0.626684	6.024371	3.188044	3.189677	-3.907172	-1.614225	7.695173	2.094965	-6.669295	-5.759435	10.443200	5.604072	6.119843	0.626684	6.024371	-0.827842	-2.405394	-4.042161	-4.009490	-10.622171	8.250220	6.110792	7.856802	-14.559358	-5.871167	-9.884838
98	4	3.322934	6.485899	8.501622	8.371760	3.326575	2.540096	-7.611771	8.344342	4.741792	6.838301	-16.702806	-5.802447	-6.214831	5.723713	5.574187	8.501622	8.678156	6.845749	5.661512	-7.611771	8.344342	4.741792	6.838301	-16.702806	-5.802447	-6.214831	3.322934	6.485899	8.501622	8.371760	3.326575	2.540096	6.174185	2.428812	-6.603137	-4.828131	9.482068	5.742660	7.360605	5.723713	5.574187	8.501622	8.678156	6.845749	5.661512	6.174185	2.428812	-6.603137	-4.828131	9.482068	5.742660	7.360605
100	4	3.848870	7.394892	7.291871	4.807291	2.286861	1.342005	-10.691811	5.711990	5.825302	4.299929	-12.526464	-4.736451	-11.658929	3.848871	7.394891	7.291871	4.807291	2.286861	1.342006	5.768215	-0.865756	-0.312125	-12.220972	10.150798	6.347348	6.541035	0.739417	7.588161	1.802256	-2.699824	-3.663825	-5.446869	5.768215	-0.865756	-0.312125	-12.220972	10.150798	6.347348	6.541035	0.739417	7.588161	1.802256	-2.699824	-3.663827	-5.446869	-10.691811	5.711990	5.825302	4.299929	-12.526452	-4.736451	-11.658929
