2	2	-7.074783	2.808024	5.213657	6.775326	8.333336	7.487281	3.256169	5.836341	-8.659822	2.200386	7.002912	4.471829	6.808649	-15.425775	0.300469	9.426142	1.385621	3.205904	6.948934	10.085078	6.562293	-1.032378	-10.570604	-6.487462	-17.318673	-20.448763	-15.307348	-4.996458	-5.240713	7.365468	-12.108478	-7.074783	2.808024	5.213657	6.775326	8.333336	7.487281	3.256169	5.836341	-8.659822	2.200386	7.002912	4.471829	6.808649	3.632112	-2.281623	9.426142	7.474702	8.648744	-3.406742	-25.627831	-17.649889	7.606533	7.407510	6.754315	9.033036	8.348148	11.098612	6.883640	5.220473	1.607386	5.496032
5	2	1.415464	1.954174	2.833216	2.823619	1.086283	4.716656	1.839488	7.240193	3.003862	5.617389	1.890621	4.235273	1.896491	-16.314449	6.989924	8.497126	-0.777398	2.924497	4.969963	9.819799	5.642582	-2.079635	-8.549634	-9.803338	-9.845279	-20.428612	-20.710831	-2.079526	-3.963730	7.491018	-10.837180	1.415464	1.954174	2.833216	2.823619	1.086283	4.716656	1.839488	7.240193	3.003862	5.617389	1.890621	4.235273	1.896491	5.835725	1.565913	8.497126	5.831327	8.876569	-6.175307	-22.783631	-13.637680	6.756984	5.754865	6.515716	10.435484	10.028796	9.420355	4.533384	6.824987	2.212193	3.244187
7	2	10.572828	5.639602	6.343319	-0.801285	2.736948	2.918544	7.029434	6.731393	4.063161	-3.741085	-0.401556	6.854423	2.809443	6.291020	0.414335	7.097425	5.295795	6.618599	-3.230295	-16.849706	-13.289982	4.828259	6.290454	5.839750	11.808196	10.872782	10.015740	7.154826	3.599962	5.124166	7.849716	10.572828	5.639602	6.343319	-0.801285	2.736948	2.918544	7.029434	6.731393	4.063161	-3.741085	-0.401556	6.854423	2.809443	-13.186454	5.854819	7.097425	0.235699	2.048254	8.257145	9.584551	5.588966	-4.758106	-9.118801	-8.028280	-9.583168	-20.977849	-21.102114	-3.684486	-5.374315	6.691947	-1.566490
10	2	-5.678972	1.565571	5.985651	5.816763	6.916209	6.971420	1.795692	-0.646998	-7.913774	5.703401	6.986506	-0.346877	8.666647	7.305532	-0.008641	7.931030	7.339110	4.250646	1.595123	-17.446404	-12.845852	7.050444	0.779974	6.658015	4.159118	8.081397	9.527400	8.376093	7.837983	2.832588	6.914099	-5.678972	1.565571	5.985651	5.816763	6.916209	6.971420	1.795692	-0.646998	-7.913775	5.703401	6.986506	-0.346877	8.666647	-7.004674	5.961261	7.931030	1.349946	-2.251901	6.017269	7.897638	5.289695	-2.759078	-11.929512	-5.119528	-14.555010	-17.842116	-14.020623	3.860880	-4.338354	6.414712	-0.296418
11	2	-10.028710	-0.145028	-1.411761	7.260281	5.905056	4.821814	0.676218	2.736433	-5.067799	7.076281	6.283072	1.018882	5.308995	-15.816232	0.559137	7.047448	0.979953	-0.086240	7.150752	10.567239	3.460392	-7.429589	-5.526422	-9.383443	-9.223533	-25.744711	-9.225538	-6.328836	-4.406819	8.500128	-13.535388	5.629091	4.236502	4.805138	1.032558	4.117567	4.821637	6.495867	9.285423	4.670800	-1.840734	3.390109	3.522274	4.810809	-15.816232	6.719783	7.047448	0.979953	-0.086240	7.150752	10.567239	3.460392	-7.429589	-5.526434	-9.383443	-9.217002	-25.744711	-9.225538	-6.328836	-4.406819	8.500128	-13.535388
12	2	-7.409110	0.965881	0.685244	8.162898	4.148533	3.883859	-1.863327	1.399317	-3.180149	3.849571	5.420345	5.571809	5.788529	-9.824856	4.794448	7.132295	1.970101	-1.324414	8.113106	10.343342	6.963925	-3.912203	-9.666839	-11.074329	-14.096832	-17.463625	-23.699751	-4.455688	-4.773176	6.850515	-10.056191	-7.411457	0.965881	0.685244	8.162898	4.148533	3.883859	-1.863327	1.399317	-3.180150	3.849571	5.420345	5.571809	5.788529	6.883871	-0.636150	7.132295	6.998730	4.890702	1.661228	-16.759382	-14.763308	7.224463	6.623098	4.926402	9.531356	3.895371	7.446537	4.767629	6.232303	1.461792	6.104633
14	2	10.464813	6.800254	7.791036	0.158410	0.010330	-1.678809	7.649528	4.704571	5.511340	1.154246	0.172179	6.177274	-1.570880	-16.147754	6.701521	8.870260	2.538083	4.445333	7.312713	9.950793	6.554410	1.597460	-6.464953	-9.981903	-3.139392	-18.861071	-23.300513	-2.740807	-1.759654	8.004471	-8.833278	10.464813	6.800254	7.791036	0.158410	0.010330	-1.678809	7.649528	4.704571	5.511340	1.154246	0.172179	6.177274	-1.570880	4.951059	2.920497	8.870260	6.937571	7.756448	-2.900577	-18.832733	-13.555312	8.011098	7.625192	6.222919	11.173935	8.044877	10.307802	6.473732	8.457899	2.367924	5.811035
17	2	-0.923636	1.192827	1.878199	6.321921	0.429536	5.207220	-2.211683	3.297542	-1.608669	6.312398	4.340376	5.158326	4.428823	5.696554	-6.610253	5.555334	2.710331	6.225370	-5.477523	-11.532389	-3.516508	1.915534	7.244752	6.287301	9.574701	9.450270	10.018495	6.634546	6.729311	1.788580	6.475506	-0.923636	1.192827	1.878199	6.321921	0.429536	5.207220	-2.211683	3.297542	-1.608669	6.312398	4.340376	5.158326	4.428822	-10.813478	-0.154332	5.555334	-0.330036	-0.136502	7.131527	7.920496	7.732768	-8.738584	-7.605397	-7.748427	-12.075236	-17.506558	-21.521085	-1.735876	-5.877147	6.580794	-8.705763
23	2	8.656421	6.577129	4.766331	0.210068	0.895403	0.551713	6.675926	7.699782	6.567529	-4.863035	2.923095	9.039282	0.543038	-11.990386	5.447982	4.590993	-7.063873	-1.155792	5.241814	12.378150	4.608016	-2.240366	-7.102285	-10.275688	-19.920769	-24.043304	-20.920444	-3.334866	-4.928979	6.933092	-3.113506	-9.036332	1.447120	0.632577	6.501366	5.118145	7.093890	0.817986	1.058239	-5.013651	7.401697	6.247665	2.751723	6.011397	-11.990386	3.620291	4.590993	-7.063873	-1.155792	5.241814	12.378150	4.608016	-2.240366	-7.102285	-10.275688	-19.920769	-24.043304	-20.920444	-3.334866	-4.928979	6.933092	-3.113506
26	2	8.661713	7.280182	6.723619	0.859400	2.389714	-0.750711	6.486813	5.002181	3.027025	0.743979	2.059186	5.209581	3.500363	7.005039	3.019812	5.327402	5.704051	4.532051	-0.662895	-26.379636	-14.104546	6.335927	6.193618	6.848428	6.438801	7.334120	10.326244	7.612729	7.500095	1.243245	4.947787	8.661713	7.280182	6.723619	0.859400	2.389714	-0.750711	6.486813	5.002181	3.027025	0.743979	2.059186	5.209581	3.500363	-13.003479	6.871680	5.327402	0.423378	1.840088	4.585113	9.488694	5.613860	-3.056235	-3.538025	-11.949338	-16.460150	-16.347178	-20.596908	-3.524211	-2.997181	6.826350	-10.402321
28	2	-8.484528	-3.066570	0.710723	7.249025	7.348015	3.708547	-1.665375	-1.668282	-7.703812	6.934951	5.651805	1.472731	5.554527	-16.599303	5.778726	3.378659	-3.199149	3.010052	4.998605	8.261601	7.023027	-6.232933	-10.751617	-6.106500	-10.869790	-19.717274	-15.387943	-3.902818	-1.287020	7.455885	-10.329486	-8.484528	-3.066570	0.710723	7.249025	7.348015	3.708547	-1.665375	-1.668282	-7.703812	6.934951	5.651805	1.472731	5.554527	5.016853	0.739061	3.378659	3.096822	7.493059	-3.034687	-15.273604	-10.586428	3.720936	5.133646	6.769947	9.671395	10.138643	9.424697	6.796518	6.694847	1.769583	5.492357
30	2	-10.487632	1.854020	-0.227392	7.624289	7.086262	6.610929	1.139267	-0.163250	-18.129358	4.942211	7.342524	2.545996	7.569220	6.124158	-7.244745	7.188345	5.382647	7.563120	-0.671221	-26.855448	-19.729285	7.815947	5.993044	7.297297	10.222668	9.604711	10.710436	8.856400	8.560069	4.158944	6.298472	-10.482200	1.854020	-0.227391	7.624289	7.086262	6.610929	1.139267	-0.163250	-18.129357	4.942211	7.342524	2.545996	7.569220	-9.584421	-0.627761	7.188345	-0.333308	3.253754	6.725169	5.335330	0.644584	-3.258824	-6.632439	-8.983887	-7.692823	-15.818430	-24.665243	-0.635858	-0.693792	4.821876	-2.332104
31	2	-14.748071	-1.133422	0.968603	5.522268	6.332229	7.923335	3.061513	3.063041	-5.689449	7.044579	7.826325	2.932753	3.923806	-13.947160	4.093873	5.963375	1.522429	-1.649032	5.099964	10.527818	4.407627	-7.705335	-15.274043	-10.121771	-16.377337	-20.730008	-21.577741	-6.110639	-6.684723	7.937084	-8.922063	-14.748071	-1.133422	0.968603	5.522268	6.332229	7.923335	3.061513	3.063041	-5.689449	7.044579	7.826325	2.932753	3.923806	1.968064	-0.323799	5.963375	7.867875	4.641004	3.891195	-5.771373	-9.678852	5.020154	-4.229386	4.936378	4.490728	3.409554	2.118487	5.576583	1.956076	6.254227	3.985634
32	2	-14.007913	-0.633976	0.044996	5.613336	6.558513	6.391813	2.434447	0.521786	-3.803452	5.990045	6.978584	1.712179	9.759784	-15.739558	0.270804	6.902804	1.382229	1.183705	6.999147	11.899840	7.076331	-7.022392	-11.084597	-8.128220	-12.058135	-22.431644	-21.652703	-5.949711	-1.896756	6.068484	-8.087791	-14.007913	-0.633976	0.044996	5.613336	6.558513	6.391813	2.434447	0.521786	-3.803452	5.990045	6.978584	1.712179	9.759784	4.532011	-5.845540	6.902804	7.762151	7.159978	-4.857743	-18.594396	-14.673008	5.408288	7.402345	7.893693	10.587267	10.848973	10.169163	5.928547	6.469083	-0.421153	2.210571
35	2	-21.339268	2.074648	0.061760	7.082767	6.911599	7.607472	2.900555	1.178507	-10.344459	5.843737	5.465468	6.739662	5.749315	9.043116	-0.492813	7.957588	6.999518	4.890830	0.024980	-18.075542	-17.368184	6.787197	6.358937	8.194516	6.648531	11.720809	12.909063	8.593561	6.163928	0.837108	7.519395	-21.339268	2.074648	0.061760	7.082767	6.911599	7.607472	2.900555	1.178507	-10.344459	5.843737	5.465468	6.739662	5.749315	-14.644247	3.721234	7.957588	1.316434	-1.407693	6.089607	10.637196	4.331512	0.171207	-9.559934	-7.617687	-20.385423	-16.248211	-16.719613	0.916539	-2.439005	6.344770	-6.288415
37	2	-9.477952	-0.221202	-0.050688	6.252439	7.229785	7.005676	1.900519	1.354392	-11.080967	6.817227	6.465632	2.135321	6.424726	-12.281496	6.651173	4.548962	-3.927801	1.990757	7.056913	7.936927	8.943780	-4.726258	-10.117728	-10.310787	-15.835902	-19.373341	-16.411537	-7.774860	-5.693078	2.885037	-4.625294	7.267469	5.702781	3.779254	1.536707	5.184995	5.380326	6.238639	6.564819	-0.722493	-4.995700	2.712343	5.696901	4.911643	-12.281496	7.665221	4.548962	-3.927801	1.990757	7.056913	7.936927	8.943780	-4.726258	-10.117728	-10.310787	-15.835902	-19.373062	-16.411537	-7.774860	-5.693078	2.885037	-4.625294
40	2	-10.889270	3.410737	0.089122	5.338583	6.273765	8.091882	-0.361516	0.912207	-14.103446	8.660406	5.580392	0.543185	6.004545	8.058319	-0.465007	6.294505	5.921575	5.379634	1.934445	-11.058665	-6.791750	6.721745	7.036461	3.861700	8.155237	8.444006	9.256884	5.568696	7.571524	-0.954904	8.033396	-10.889270	3.410737	0.089122	5.338583	6.273765	8.091882	-0.361516	0.912207	-14.103446	8.660406	5.580392	0.543185	6.004545	-10.079950	5.754445	6.294505	-0.655492	-0.887886	4.495811	8.391242	3.873391	-0.627096	-4.449276	-11.000615	-14.591774	-19.392042	-21.571535	-5.970773	-2.671241	3.553912	-1.723557
46	2	-8.759505	2.068119	2.070371	6.505671	7.982739	6.994295	6.332746	-1.633674	-12.150737	7.448934	4.962193	1.816788	6.363058	4.919062	-2.262325	2.284628	2.406736	6.929042	0.427185	-10.535576	-4.839586	2.006957	6.863588	5.811422	7.045507	9.791884	10.399058	2.105050	6.252081	0.343128	3.929064	-8.759505	2.068119	2.070371	6.505671	7.982739	6.994295	6.332746	-1.633674	-12.150737	7.448934	4.962193	1.816788	6.363058	-9.797926	3.269267	2.284628	-2.567262	1.814433	6.771543	12.928170	6.781259	-7.453993	-6.655083	-12.138273	-20.603692	-20.466581	-15.633484	-5.870290	-6.191933	2.972873	-6.290341
47	2	2.691505	4.609504	6.565894	5.984539	3.169494	7.306264	7.632394	4.102064	0.271390	4.814139	6.086222	8.660894	-2.919576	-13.936764	4.129940	6.449928	2.582464	1.966605	4.554432	11.218020	6.916556	-2.210977	-13.837444	-9.665887	-11.569244	-16.609599	-18.968588	-6.190349	-3.783533	8.326607	-7.219805	2.691504	4.609504	6.565894	5.984539	3.169494	7.306264	7.632394	4.102064	0.271390	4.814139	6.086222	8.660894	-2.919576	1.964357	-1.240583	6.449928	7.011143	6.197928	-0.712502	-16.518261	-9.250186	6.791903	2.737517	7.402406	9.481177	10.418782	9.424994	5.139138	7.372553	2.072289	6.842814
48	2	-13.995325	2.771286	1.582681	6.556674	6.538075	8.627348	1.715879	1.696214	-7.828270	6.598557	7.277950	0.000004	6.375333	4.787031	-1.307114	5.384819	5.081272	6.525501	-0.193696	-11.808382	-7.817174	1.186620	7.022126	2.255647	6.372237	4.009706	9.125172	7.874031	3.839234	5.618267	1.965881	-13.841246	2.771287	1.582682	6.556674	6.538075	8.627348	1.715879	1.696214	-7.828269	6.598557	7.277950	0.000004	6.375333	-9.026007	4.654962	5.384819	-1.376406	0.861512	6.859575	8.682451	8.021337	-10.802306	-10.010301	-15.391571	-14.540422	-31.538487	-18.527902	0.286740	-5.128741	6.030406	-10.517584
52	2	11.349470	7.062896	6.572333	4.571470	9.367024	2.421174	7.072635	7.269468	4.549118	-0.276509	5.600182	7.417759	2.152331	-18.235841	-0.613911	9.370533	2.178152	-3.515598	6.961863	10.608513	6.596596	0.323012	-7.498950	-6.518888	-12.818074	-22.034186	-20.859325	-5.111414	-1.371514	4.089534	-7.473724	11.349470	7.062896	6.572333	4.571470	9.367024	2.421174	7.072635	7.269468	4.549118	-0.276509	5.600182	7.417759	2.152331	2.251839	-3.203145	9.370533	8.481056	2.393421	1.143490	-21.957903	-8.890682	5.893932	7.461372	8.219399	7.003418	11.501212	9.231682	6.234974	8.192629	-1.248211	4.878482
54	2	-7.482508	2.886934	0.890242	7.263520	7.252283	6.397022	4.066444	0.891319	-12.568293	6.373031	5.447413	2.205330	2.103029	-13.336058	5.205357	5.968069	-4.020766	0.777792	5.250250	9.605353	6.861128	-5.784502	-10.680238	-11.416712	-10.951087	-15.778925	-23.920413	-6.591515	-4.972518	7.661192	-8.935224	-7.482508	2.886935	0.890242	7.263520	7.252283	6.397022	4.066444	0.891319	-12.568293	6.373031	5.447413	2.205330	2.103029	0.647452	3.852904	5.968069	1.608989	6.553501	-0.699889	-13.460665	-9.000717	0.511188	6.312696	4.566955	9.412664	9.233686	10.665197	5.510551	7.120387	4.003866	4.326399
56	2	-1.785508	-1.243136	0.738832	3.785863	3.196931	5.002897	6.329466	4.986984	3.129581	4.133096	1.047104	3.485942	5.054311	-11.051707	5.966797	8.423620	-0.644685	4.715615	6.145213	8.869031	6.662419	-4.861156	-9.981575	-11.376527	-10.514639	-12.835320	-25.552280	-4.463054	-4.672686	6.390174	-10.065071	-1.785508	-1.243136	0.738832	3.785863	3.196931	5.002897	6.329466	4.986984	3.129581	4.133096	1.047104	3.485942	5.054311	4.823496	0.596366	8.423620	5.574252	7.040223	-1.102094	-26.085002	-14.944497	6.490055	6.111598	6.054089	8.223236	9.129014	10.105923	7.310707	7.336520	2.817088	4.748657
57	2	-8.805141	0.080730	-0.511053	6.529927	2.668306	3.359245	1.224540	1.270617	-0.745530	4.419354	3.583651	1.595719	2.025718	-14.523276	0.523177	5.502505	-3.808314	1.905186	5.725681	12.026426	9.281866	-3.071344	-7.971550	-9.739766	-11.736596	-18.205228	-20.564890	-1.998657	-4.804339	8.285125	-4.419987	3.324034	4.887430	5.737444	2.522298	2.484549	3.357842	7.462506	6.792514	5.961719	-2.871299	-2.514905	7.819217	0.036716	-14.523276	5.587717	5.502505	-3.808314	1.905186	5.725681	12.026426	9.281866	-3.071344	-7.971550	-9.739766	-11.736596	-18.205228	-20.564890	-1.998657	-4.804339	8.285125	-4.419987
58	2	-1.343514	-6.080967	-3.864177	2.044291	6.704748	6.729678	3.340429	0.996617	-10.837394	3.572623	2.194412	3.606270	5.659519	4.342953	0.391695	6.963827	5.340491	4.530646	3.133004	-17.590790	-12.253904	9.332427	5.486745	1.481023	8.654660	6.521387	9.841722	2.133360	3.270915	6.467793	-1.283792	-1.343514	-6.080967	-3.864177	2.044291	6.704748	6.729678	3.340429	0.996617	-10.837394	3.572623	2.194412	3.606270	5.659519	-2.935562	6.468692	6.963827	2.620422	-2.065409	8.567675	10.295050	5.876572	1.182776	-9.236795	-8.358560	-13.680288	-23.086095	-23.861436	-9.853813	-9.495088	6.858249	-8.898745
59	2	-14.616655	0.353274	1.693408	7.044305	8.141631	8.372745	-0.029089	-0.897675	-12.669713	6.281154	7.426339	0.202240	4.398227	5.953181	-3.226189	6.762900	4.919378	8.061781	-1.438903	-14.282256	-15.364072	7.708277	6.348771	7.070392	9.532728	9.986432	10.392606	5.170433	6.187814	4.440928	5.541594	-14.616655	0.353274	1.693408	7.044305	8.141631	8.372745	-0.029089	-0.897675	-12.669713	6.281154	7.426339	0.202240	4.398227	-8.971421	1.302236	6.762900	0.417466	3.431727	6.716700	10.165214	7.411855	-3.137735	-6.410501	-8.651138	-15.200917	-22.145667	-18.613506	-3.577994	-5.301264	7.041114	-5.987367
61	2	10.323722	6.327660	6.690168	-4.015174	1.624984	-1.016043	6.811439	2.878282	3.213779	-5.944076	1.901152	7.561676	3.424895	7.382507	0.809853	6.779713	2.845660	6.415896	0.031277	-13.353549	-11.383146	0.526092	4.984531	3.354426	6.542476	9.010390	9.345951	7.121717	5.258287	0.814687	6.621220	10.323722	6.327660	6.690168	-4.015174	1.624984	-1.016043	6.811439	2.878282	3.213779	-5.944076	1.901152	7.561676	3.424895	2.216125	4.426960	6.779713	2.785660	6.186917	3.888783	3.103227	-1.320936	0.431298	-5.890838	-6.158734	-6.263019	-15.139249	-15.989438	-3.504613	-6.436067	6.578384	-4.979192
65	2	6.237658	6.445282	6.018225	2.519809	3.700299	6.048405	4.546125	2.326055	4.663177	4.953003	2.575234	8.350914	2.987964	-8.501583	5.095281	7.333009	2.621260	1.234626	3.944487	10.469717	7.044694	-4.452362	-7.784122	-10.178090	-10.240894	-19.718447	-25.774171	-3.850743	-7.279810	6.107581	-8.196431	6.237658	6.445282	6.018225	2.519809	3.700299	6.048405	4.546125	2.326055	4.663177	4.953003	2.575234	8.350914	2.987964	5.098329	0.374863	7.333009	6.867227	7.774230	-7.616149	-22.113577	-8.799363	5.200678	6.743523	5.835868	8.488482	9.849446	9.960738	4.075133	4.801689	4.296823	4.071476
66	2	-2.703388	0.980568	-0.272875	6.326657	0.640370	-0.440531	-0.374502	0.800964	-6.202512	6.472556	1.718734	1.123574	6.029332	-12.176463	4.544747	9.449914	-2.753763	0.442763	4.934101	9.467116	7.293525	-3.699919	-10.643788	-11.275091	-16.217670	-9.882942	-19.715988	-0.805176	-6.304779	8.742516	-3.697709	-2.703388	0.980568	-0.272875	6.326657	0.640370	-0.440531	-0.374502	0.800964	-6.202512	6.472556	1.718734	1.123574	6.029332	2.568391	-1.668743	9.449914	3.055657	5.611582	-3.946456	-24.436682	-15.570720	5.919984	5.341624	6.578431	3.516671	9.132570	11.720114	8.031781	5.251624	3.445151	8.188137
71	2	-12.817327	-0.358843	0.873528	8.658026	7.152945	8.024353	-0.162940	-1.059642	-10.473215	7.724807	6.150125	1.148083	5.515226	-9.035955	0.890653	6.517063	1.417973	2.334526	6.777886	10.589613	8.669543	1.297002	-10.083716	-11.909070	-16.016297	-26.600818	-20.595970	0.484229	-4.315558	5.181879	-5.133116	-12.817327	-0.358843	0.873528	8.658026	7.152945	8.024353	-0.162940	-1.059642	-10.473215	7.724807	6.150125	1.148083	5.515226	8.733492	-5.065677	6.517063	7.384017	7.384713	-3.282997	-16.272918	-11.594123	6.640808	3.826334	5.363816	8.177909	6.436765	9.839454	8.948646	6.848491	-1.232244	6.104034
72	2	-6.729864	1.420919	1.396362	9.400562	3.613406	2.901093	-0.129502	0.479381	-6.292297	7.906629	6.771725	-2.326687	8.270407	-15.024524	1.404247	4.383150	-3.688840	-0.625420	6.480845	7.265846	5.482628	-0.014976	-10.428174	-13.860633	-11.268103	-25.426117	-22.104752	-4.382551	-5.576695	6.262240	-12.932953	2.537256	7.108454	6.127295	9.392048	3.613405	2.901092	5.401858	6.388710	0.030868	4.731223	6.771709	3.859960	8.263578	-15.024524	1.409434	4.383150	-3.688840	-0.625420	6.480845	7.265846	5.482628	-0.014976	-10.428174	-13.860633	-11.268103	-25.426117	-16.762129	-4.382551	-5.576695	6.262240	-12.932953
73	2	8.635707	9.009201	7.194428	0.566621	-0.885548	0.500715	7.859929	6.150991	3.194037	-3.918408	0.745992	6.061929	5.513333	-16.480721	5.607918	5.659763	-4.386842	5.491849	6.932529	10.727292	6.407069	-0.228399	-6.819852	-11.095715	-12.703049	-15.571638	-16.796259	-3.527704	-1.668711	8.566781	-12.941780	8.635707	9.009201	7.194428	0.566621	-0.885548	0.500715	7.859929	6.150991	3.194037	-3.918408	0.745992	6.061929	5.513333	2.075127	1.473097	5.659763	0.141616	6.970903	2.201966	-6.018609	-8.070297	4.279595	7.387987	6.316234	1.829819	8.954069	9.463257	6.875814	2.557190	2.469755	5.503274
74	2	-11.640551	0.285842	1.658265	7.883368	9.056664	9.728425	0.738117	2.228787	-8.356840	7.806232	7.484755	1.838012	8.808032	-17.425023	-0.815959	4.637771	-2.790492	3.373427	8.692822	9.411385	7.125107	-5.815104	-9.096423	-13.170425	-19.524709	-18.169228	-20.289357	-3.157782	-5.703370	7.744084	-8.228136	-11.640551	0.285842	1.658265	7.883368	9.056664	9.728425	0.738117	2.228787	-8.356840	7.806232	7.484755	1.838012	8.808032	6.500003	-2.986503	4.637771	3.722124	7.078172	-2.738811	-18.639520	-14.678127	4.395054	7.097705	5.151983	6.625900	11.848860	9.301259	6.771252	5.220105	1.456212	5.214092
75	2	4.845183	5.568277	5.328830	2.294076	2.425109	-2.236066	9.160112	4.797528	6.695150	0.195905	-0.990127	6.876297	8.525553	-14.016286	6.419367	7.136444	-0.205416	1.716061	6.871797	7.825672	6.000548	-5.603818	-9.108036	-11.268293	-12.479648	-19.381070	-27.396611	-4.440091	-5.807715	6.446791	-2.733294	4.845183	5.568277	5.328830	2.294076	2.425109	-2.236066	9.160112	4.797528	6.695150	0.195905	-0.990127	6.876297	8.525553	5.203161	1.992151	7.136444	5.854614	8.218889	-2.014577	-21.589296	-11.480713	5.271247	7.100913	4.643165	10.254486	10.660815	9.330217	5.670719	4.024363	4.973800	6.551681
76	2	6.642140	7.129342	8.424623	1.026756	-0.271336	3.680791	4.252573	7.893212	5.516325	-1.943852	-1.303401	5.753218	4.960563	-9.230381	6.454275	5.316297	-0.769040	0.600044	8.003984	7.698948	8.423896	-4.262438	-6.245830	-8.022022	-9.707624	-26.286256	-19.619177	-0.068766	-2.280830	6.260053	-5.306720	6.642140	7.129342	8.424623	1.026756	-0.271336	3.680791	4.252573	7.893212	5.516325	-1.943852	-1.303401	5.753218	4.960563	5.021824	0.927050	5.316297	5.197417	6.375493	-1.704559	-17.291883	-15.191630	7.221200	8.325886	5.529861	8.979389	10.795694	11.395810	7.867592	7.278254	1.607453	6.459300
78	2	6.166068	6.274966	7.342719	-2.053889	7.211603	6.003842	7.791320	6.179359	1.209453	1.136118	1.393619	6.962045	3.881999	-8.568916	3.653200	5.126508	3.696044	1.369829	3.281987	12.183569	7.301231	1.706580	-1.672292	-7.916915	-13.138453	-11.065882	-20.993811	0.185348	-4.362700	4.878869	-8.747379	6.166068	6.274966	7.342719	-2.053889	7.211603	6.003842	7.791320	6.179359	1.209453	1.136118	1.393619	6.962045	3.881999	5.627057	-0.535412	5.126508	7.067030	7.152342	-6.146798	-14.106160	-16.426849	6.794579	6.513690	6.145347	10.617028	7.381467	10.799371	6.835342	6.065929	-0.853401	4.997997
80	2	8.832050	7.345886	5.426475	1.166458	0.113185	1.809141	4.866933	6.415681	6.761853	-3.351430	0.414254	7.200806	1.567710	-16.542414	5.018573	2.902848	-6.228402	1.505559	4.306119	7.400089	7.625930	-4.476542	-3.251687	-6.766224	-11.514936	-14.872103	-24.694169	-3.273207	-3.110009	7.745165	-8.309290	-9.935998	0.752213	-0.542904	6.687508	5.934205	6.228744	-1.383248	3.990250	-6.911732	6.850108	6.026813	1.245019	7.413246	-16.542414	2.556452	2.902848	-6.228402	1.505559	4.306119	7.400089	7.625930	-4.476542	-3.251690	-6.766224	-11.514936	-14.872103	-24.694169	-3.273207	-3.110009	7.745165	-8.308559
85	2	-14.453345	1.702427	0.330239	5.997882	5.778721	6.760093	1.859986	2.772148	-6.883454	6.643242	9.243495	-0.448456	3.939638	8.273271	3.944348	6.925965	6.922480	7.026724	1.080750	-20.970051	-9.215348	5.571702	6.496600	6.283517	11.529471	8.633447	9.525088	7.770377	7.875456	-1.066676	6.642917	-14.453345	1.702427	0.330239	5.997882	5.778721	6.760093	1.859986	2.772148	-6.883454	6.643242	9.243495	-0.448456	3.939638	-10.714786	6.641229	6.925965	1.383937	3.643234	7.700678	9.981666	6.881013	-6.845897	-9.819905	-11.675017	-6.456717	-21.744421	-24.480332	-4.881711	-1.424421	5.168986	-3.751090
86	2	4.618941	6.716333	6.185958	-1.271073	7.296590	7.611826	5.933795	7.221828	-1.955463	-1.808742	-2.347822	6.008592	6.079552	4.186109	2.612829	6.277669	6.637651	5.937635	-1.160177	-26.823245	-15.756945	6.633791	6.831290	6.207327	11.283767	11.201837	9.645936	6.365411	4.936328	1.498577	6.408089	4.618941	6.716333	6.185958	-1.271073	7.296590	7.611826	5.933795	7.221828	-1.955463	-1.808742	-2.347822	6.008592	6.079552	-13.424564	7.791695	6.277669	1.661214	-0.040104	6.779326	8.892427	7.180783	-1.194243	-8.412712	-9.402637	-12.559461	-19.696431	-23.464164	-6.159729	-6.535722	5.841085	-10.768559
87	2	8.233312	7.631615	7.892605	0.665144	0.600604	0.441585	7.091483	7.099450	7.707265	-2.019685	3.758915	8.413553	2.372080	-11.249284	7.956447	6.078974	0.336264	-1.145720	8.288833	11.667659	5.962853	-3.122635	-7.256273	-7.139368	-17.497219	-19.869186	-19.593021	-2.980663	-0.319186	2.963984	-5.023382	8.233312	7.631615	7.892605	0.665144	0.600604	0.441585	7.091483	7.099450	7.707265	-2.019685	3.758915	8.413553	2.372080	5.911101	2.142506	6.078974	3.347680	4.393865	5.586007	-8.074076	-6.876727	5.565288	5.076163	0.508020	3.500273	4.803039	7.056427	5.203103	8.236933	-3.167571	6.988848
90	2	4.438007	3.679045	3.626506	0.719465	-1.456650	1.995664	6.625461	6.014649	2.619398	-1.379568	0.793342	7.199968	2.830160	-17.414835	5.295734	6.385207	-4.707932	-2.519989	6.110674	10.851043	5.375695	-6.277134	-3.739317	-10.520492	-13.962404	-21.669973	-16.401500	-5.504642	-3.409781	2.312828	-3.858627	-1.813791	1.373276	2.658501	6.470440	4.863668	4.150768	0.819085	1.486807	-9.836046	6.871292	7.338393	5.164090	6.642516	-17.414835	2.421357	6.385207	-4.707932	-2.519989	6.110674	10.851043	5.375695	-6.277134	-3.739317	-10.520492	-13.962404	-21.664954	-16.401500	-5.504642	-3.409781	2.312828	-3.858627
91	2	6.067012	6.373265	4.938247	0.343000	1.353861	0.727115	6.469811	4.805692	5.328569	-2.985043	-2.389972	6.933234	1.355142	6.681485	5.319842	7.527517	7.036302	8.419746	-0.905461	-20.613257	-14.682473	7.534335	8.163611	6.848260	8.581427	10.866696	5.802371	6.352981	7.027607	5.430448	4.703933	6.067012	6.373265	4.938247	0.343000	1.353861	0.727115	6.469811	4.805692	5.328569	-2.985043	-2.389972	6.933234	1.355142	-6.548895	7.975385	7.527517	4.645748	1.877544	8.718653	10.233984	6.286581	1.091109	-7.083988	-8.695751	-13.801367	-24.452606	-22.468420	-5.814291	-2.115282	8.305979	-6.141171
94	2	8.500175	8.851296	7.414219	4.581497	1.149137	-0.501480	8.549042	5.218973	4.173709	3.440933	4.554696	8.361354	3.196818	-9.318221	8.340696	8.453464	3.450650	1.825426	5.661001	9.201647	7.700223	-5.083011	-12.206019	-6.321828	-12.407509	-21.907383	-23.828880	-6.577475	-2.837666	6.167505	-9.442429	8.500175	8.851296	7.414219	4.581497	1.149137	-0.501480	8.549042	5.218973	4.173709	3.440933	4.554696	8.361354	3.196818	7.893663	2.670689	8.453464	6.234745	7.997826	-6.722268	-17.832362	-15.463768	3.370236	4.030067	5.078690	10.659381	9.034995	9.801336	5.993300	6.577749	1.620560	6.982236
95	2	-13.584572	1.395733	-2.212431	6.504468	8.750171	6.757176	2.200203	0.054691	-10.530956	9.415844	7.495752	-0.715351	7.297421	-7.228053	2.427473	9.096761	4.022538	1.535891	4.146599	9.649466	6.333458	0.954166	-7.514592	-6.580149	-11.906431	-22.397482	-15.770791	-3.250912	-7.152328	8.199164	-10.781764	-13.584572	1.395733	-2.212431	6.504468	8.750171	6.757176	2.200203	0.054691	-10.530956	9.415844	7.495752	-0.715351	7.297421	5.059990	-3.632821	9.096761	8.158032	6.754037	-8.882689	-14.275236	-12.428762	5.579080	6.772110	8.657119	8.583287	9.346518	11.023970	7.596368	5.253713	5.000205	4.220892
96	2	4.454563	6.256010	6.703132	4.113281	5.862483	6.688775	4.569520	6.473219	-0.772278	-0.783150	4.373728	5.798351	2.065303	-17.176963	5.823833	5.873652	-1.378874	1.855687	6.602185	13.042449	3.290084	-5.787538	-5.518594	-9.427934	-14.415664	-18.895875	-19.837828	-3.734373	-4.445305	5.279874	-1.616817	-7.808899	-0.337098	2.363935	7.275129	5.862794	6.688923	-1.062433	0.803388	-3.134630	5.625136	6.382120	-0.268683	6.701705	-17.176963	1.351015	5.873652	-1.378874	1.855687	6.602185	13.042449	3.290084	-5.787538	-5.518594	-9.427934	-14.415664	-18.895875	-19.837828	-3.734373	-4.445305	5.279874	-1.616817
97	2	5.991138	7.132402	7.707360	1.126113	0.474878	0.766941	6.075669	8.002621	5.922203	-3.669090	4.428614	5.602114	3.783214	-12.993736	5.805073	7.162050	0.346335	1.363872	1.939384	9.071404	5.067554	-5.696943	-7.384941	-3.377463	-9.906977	-19.745511	-10.075437	-3.542160	-3.010915	7.811555	-8.299196	5.991138	7.132402	7.707360	1.126113	0.474877	0.766941	6.075669	8.002621	5.922203	-3.669090	4.428613	5.602114	3.783214	5.579106	0.522777	7.162050	6.787343	6.278285	-2.645449	-16.826529	-14.388261	6.338650	6.827826	6.693293	7.666970	7.681351	12.599768	7.062797	7.006046	2.297868	7.227213
100	2	9.527041	7.563295	9.132371	-1.044317	-3.004166	0.918863	6.906463	6.613127	6.045505	-5.400780	2.280559	4.856615	7.679770	-13.962355	6.898247	6.244384	1.346300	3.171203	7.695804	7.859304	2.692973	-4.590174	-7.611922	-12.370330	-17.150083	-22.561224	-18.731023	-5.064962	-3.692271	9.172149	-11.393506	-2.182418	1.635830	2.587316	5.403809	3.368247	0.993451	1.582264	0.435575	2.899914	5.651456	8.440577	3.277196	7.915023	-13.962355	6.623026	6.244384	1.346300	3.171203	7.695804	7.859304	2.692973	-4.590174	-7.611922	-12.370330	-17.150083	-22.561226	-18.731023	-5.064962	-3.692271	9.172149	-11.393506
