1	4	80	-1.031658	6.108333	6.298625	6.744229	6.632327	6.245165	0.350925	-1.954761	-2.245096	8.451354	7.702504	2.805047	4.844348	-14.449607	1.882346	5.902146	0.916912	1.598613	6.312371	9.296018	8.338196	-0.513279	-8.181665	-9.488815	-16.756253	-18.820843	-27.449028	3.883430	-3.667302	6.665868	-4.337091
1	4	2	-6.965698	1.242620	1.302385	6.744460	6.632327	6.245165	0.324118	-1.956117	-5.156609	8.495601	7.702524	2.804549	4.844429	-14.449607	1.881942	5.902146	0.916912	1.598613	6.312371	9.296018	8.338196	-0.513279	-8.181665	-9.488810	-16.756281	-19.946165	-27.449028	3.883430	-3.667329	6.665868	-4.337091
1	4	16	-1.031658	6.108333	6.298625	6.744229	6.632327	6.245165	0.350925	-1.954761	-2.245096	8.451354	7.702504	2.805047	4.844348	5.413574	-4.062140	5.902146	4.777385	6.869190	-0.549897	-16.266890	-10.796830	6.253306	5.724280	6.255412	11.296700	9.334906	9.662272	8.021904	7.718083	1.318529	4.119088
1	4	2	-6.965698	1.242620	1.302385	6.744460	6.632327	6.245165	0.324118	-1.956117	-5.156609	8.495601	7.702524	2.804549	4.844429	5.413574	-4.062543	5.902146	4.777385	6.869190	-0.549897	-16.266890	-10.796830	6.253306	5.724280	6.255412	11.296700	9.334906	9.662272	8.021904	7.718083	1.318529	4.119088
2	2	95	-7.074783	2.808024	5.213657	6.775326	8.333336	7.487281	3.256169	5.836341	-8.659822	2.200386	7.002912	4.471829	6.808649	-15.425775	0.300469	9.426142	1.385621	3.205904	6.948934	10.085078	6.562293	-1.032378	-10.570604	-6.487462	-17.318673	-20.448763	-15.307348	-4.996458	-5.240713	7.365468	-12.108478
2	2	5	-7.074783	2.808024	5.213657	6.775326	8.333336	7.487281	3.256169	5.836341	-8.659822	2.200386	7.002912	4.471829	6.808649	3.632112	-2.281623	9.426142	7.474702	8.648744	-3.406742	-25.627831	-17.649889	7.606533	7.407510	6.754315	9.033036	8.348148	11.098612	6.883640	5.220473	1.607386	5.496032
3	3	80	-14.995558	0.369635	-1.026119	8.641245	7.308398	6.713264	1.296340	2.096283	-15.590408	5.660789	7.092231	2.616190	7.282235	-10.336323	1.049627	4.683016	-3.042704	1.944467	6.332714	11.460530	8.836892	-2.629725	-14.151750	-9.900585	-17.551336	-14.893860	-24.957145	-3.606667	-5.087104	7.242947	-12.791609
3	3	14	6.872068	6.785383	5.283036	2.138927	0.900122	1.266867	6.601288	8.349614	3.702618	-4.096335	1.519643	8.313114	2.493231	-10.336323	6.617096	4.683016	-3.042704	1.944467	6.332714	11.460530	8.836892	-2.629725	-14.151750	-9.900585	-17.551336	-14.893860	-24.957140	-3.606667	-5.087104	7.242947	-12.791609
3	3	6	-14.995558	0.369635	-1.026119	8.641245	7.308398	6.713264	1.296340	2.096283	-15.590408	5.660789	7.092231	2.616190	7.282235	5.890506	-3.249241	4.683016	2.990044	5.875136	-2.759712	-16.022117	-8.564284	4.562892	4.055443	5.799662	5.901725	10.052902	8.563476	6.164028	5.438634	2.909749	0.605057
4	3	78	-13.438262	2.892885	2.768043	6.544673	8.551380	6.826201	1.465578	0.802059	-9.697911	6.950598	6.441868	3.760733	4.354247	-13.292431	3.532972	5.395992	-4.466998	1.195784	5.954595	10.879363	5.570326	0.115678	-8.457191	-8.502897	-15.093179	-18.667243	-23.939547	-3.537480	-3.648412	6.972875	-10.158486
4	3	20	-13.438262	2.892885	2.768043	6.544673	8.551380	6.826201	1.465578	0.802059	-9.697911	6.950598	6.441868	3.760733	4.354247	4.272045	-2.204737	5.395992	1.436536	4.733926	-1.787527	-16.880493	-14.648728	5.082723	7.973588	7.023469	7.833552	7.614080	5.688359	6.799921	5.953906	2.256747	1.816919
4	3	2	7.525191	8.564686	7.307382	1.999769	3.774120	4.476438	6.544098	6.803834	5.340751	0.104959	3.954544	8.763095	0.822853	4.272045	0.982157	5.395992	1.436536	4.733926	-1.787527	-16.880493	-14.648728	5.082723	7.973588	7.023469	7.833552	7.614080	5.688359	6.799921	5.953906	2.256747	1.816919
5	2	81	1.415464	1.954174	2.833216	2.823619	1.086283	4.716656	1.839488	7.240193	3.003862	5.617389	1.890621	4.235273	1.896491	-16.314449	6.989924	8.497126	-0.777398	2.924497	4.969963	9.819799	5.642582	-2.079635	-8.549634	-9.803338	-9.845279	-20.428612	-20.710831	-2.079526	-3.963730	7.491018	-10.837180
5	2	19	1.415464	1.954174	2.833216	2.823619	1.086283	4.716656	1.839488	7.240193	3.003862	5.617389	1.890621	4.235273	1.896491	5.835725	1.565913	8.497126	5.831327	8.876569	-6.175307	-22.783631	-13.637680	6.756984	5.754865	6.515716	10.435484	10.028796	9.420355	4.533384	6.824987	2.212193	3.244187
6	3	36	2.054103	6.535730	6.419039	9.031135	7.495783	4.877735	7.324178	5.877401	-5.345397	4.860774	7.223141	3.438821	5.937397	-14.898350	0.569332	6.736551	4.235463	0.354104	8.375782	10.518034	6.187426	-0.750042	-8.503135	-7.836103	-9.276208	-12.233696	-20.572499	0.028683	-2.220929	8.653200	-9.998276
6	3	51	-7.081257	0.872659	-0.092848	9.032264	7.495789	4.877736	1.348326	-0.683769	-8.826951	6.627884	7.223246	-2.047996	5.991505	-14.898350	0.568645	6.736551	4.235463	0.354104	8.375782	10.518034	6.187426	-0.750042	-8.503135	-7.836103	-9.276208	-12.233696	-20.572499	0.028683	-2.220929	8.653200	-9.998276
6	3	13	3.731107	6.648409	6.419845	4.742736	7.289213	4.836451	7.848990	5.877602	0.490671	-0.445299	5.798984	4.188853	5.751461	-14.898350	5.810216	6.736551	4.235464	0.354104	8.375782	10.518034	6.187426	-0.750042	-8.503135	-7.836103	-9.276206	-12.233696	-20.572499	0.028683	-2.220929	8.653200	-9.998276
7	2	34	10.572828	5.639602	6.343319	-0.801285	2.736948	2.918544	7.029434	6.731393	4.063161	-3.741085	-0.401556	6.854423	2.809443	6.291020	0.414335	7.097425	5.295795	6.618599	-3.230295	-16.849706	-13.289982	4.828259	6.290454	5.839750	11.808196	10.872782	10.015740	7.154826	3.599962	5.124166	7.849716
7	2	66	10.572828	5.639602	6.343319	-0.801285	2.736948	2.918544	7.029434	6.731393	4.063161	-3.741085	-0.401556	6.854423	2.809443	-13.186454	5.854819	7.097425	0.235699	2.048254	8.257145	9.584551	5.588966	-4.758106	-9.118801	-8.028280	-9.583168	-20.977849	-21.102114	-3.684486	-5.374315	6.691947	-1.566490
8	1	100	-19.085336	0.059234	0.943209	7.288657	8.340262	6.445145	2.731159	2.370583	-7.081662	6.135828	7.354847	3.505612	8.026412	6.864953	-4.345788	7.940932	6.486789	8.162867	-3.766664	-18.848589	-15.776025	6.150609	5.804292	1.650247	9.109183	11.021095	6.595094	6.148762	6.845571	0.678342	6.632566
9	4	36	-7.103798	0.215168	4.839637	7.123107	4.574235	7.185688	4.179560	1.084735	-2.568778	6.734397	3.212715	0.731465	6.909225	7.655656	-3.503248	6.956622	3.593876	6.775685	-6.531028	-23.006608	-7.533112	5.942645	7.681947	7.756976	10.440240	6.872282	11.247508	6.192522	7.861542	0.963574	6.408405
9	4	42	-7.103798	0.215168	4.839637	7.123107	4.574235	7.185688	4.179560	1.084735	-2.568778	6.734397	3.212715	0.731465	6.909225	-9.246411	1.627792	6.956622	-1.274895	3.679973	5.405096	9.353824	7.996819	-5.019085	-4.736127	-7.462501	-16.808836	-19.046947	-17.161374	-3.817897	0.468512	7.110560	-7.605830
9	4	11	1.409878	5.002320	6.063930	1.985052	4.566119	7.178707	5.861634	6.600242	-0.210583	-2.774132	-3.202335	6.075975	6.136195	7.655656	1.520214	6.956622	3.593876	6.775685	-6.531028	-23.006608	-7.533112	5.942645	7.681947	7.756976	10.440240	6.872282	11.247508	6.192522	7.861542	0.963574	6.408405
9	4	11	1.409878	5.002320	6.063930	1.985052	4.566119	7.178707	5.861634	6.600242	-0.210583	-2.774132	-3.202335	6.075975	6.136195	-9.246411	6.651254	6.956622	-1.274895	3.679973	5.405096	9.353824	7.996819	-5.019085	-4.736127	-7.462501	-16.808836	-19.046947	-17.161374	-3.817897	0.468512	7.110560	-7.605830
10	2	99	-5.678972	1.565571	5.985651	5.816763	6.916209	6.971420	1.795692	-0.646998	-7.913774	5.703401	6.986506	-0.346877	8.666647	7.305532	-0.008641	7.931030	7.339110	4.250646	1.595123	-17.446404	-12.845852	7.050444	0.779974	6.658015	4.159118	8.081397	9.527400	8.376093	7.837983	2.832588	6.914099
10	2	1	-5.678972	1.565571	5.985651	5.816763	6.916209	6.971420	1.795692	-0.646998	-7.913775	5.703401	6.986506	-0.346877	8.666647	-7.004674	5.961261	7.931030	1.349946	-2.251901	6.017269	7.897638	5.289695	-2.759078	-11.929512	-5.119528	-14.555010	-17.842116	-14.020623	3.860880	-4.338354	6.414712	-0.296418
11	2	94	-10.028710	-0.145028	-1.411761	7.260281	5.905056	4.821814	0.676218	2.736433	-5.067799	7.076281	6.283072	1.018882	5.308995	-15.816232	0.559137	7.047448	0.979953	-0.086240	7.150752	10.567239	3.460392	-7.429589	-5.526422	-9.383443	-9.223533	-25.744711	-9.225538	-6.328836	-4.406819	8.500128	-13.535388
11	2	6	5.629091	4.236502	4.805138	1.032558	4.117567	4.821637	6.495867	9.285423	4.670800	-1.840734	3.390109	3.522274	4.810809	-15.816232	6.719783	7.047448	0.979953	-0.086240	7.150752	10.567239	3.460392	-7.429589	-5.526434	-9.383443	-9.217002	-25.744711	-9.225538	-6.328836	-4.406819	8.500128	-13.535388
12	2	53	-7.409110	0.965881	0.685244	8.162898	4.148533	3.883859	-1.863327	1.399317	-3.180149	3.849571	5.420345	5.571809	5.788529	-9.824856	4.794448	7.132295	1.970101	-1.324414	8.113106	10.343342	6.963925	-3.912203	-9.666839	-11.074329	-14.096832	-17.463625	-23.699751	-4.455688	-4.773176	6.850515	-10.056191
12	2	47	-7.411457	0.965881	0.685244	8.162898	4.148533	3.883859	-1.863327	1.399317	-3.180150	3.849571	5.420345	5.571809	5.788529	6.883871	-0.636150	7.132295	6.998730	4.890702	1.661228	-16.759382	-14.763308	7.224463	6.623098	4.926402	9.531356	3.895371	7.446537	4.767629	6.232303	1.461792	6.104633
13	3	89	8.626376	7.156835	7.030227	0.834248	5.662089	4.936687	4.429129	6.723844	8.754041	-3.731146	2.514965	4.447291	4.782203	5.561987	3.356685	8.201318	4.656937	1.221266	1.181518	-23.368700	-12.135448	6.919404	7.318267	6.337541	3.417213	10.918152	10.648807	7.715051	5.762560	2.493727	8.058002
13	3	10	-2.084409	0.565589	2.999228	1.762221	5.813644	5.101183	-0.537743	5.336769	7.563166	2.306275	4.201266	-1.103002	4.833874	5.561987	3.356672	8.201318	4.656937	1.221266	1.181518	-23.368700	-12.135448	6.919404	7.318267	6.337541	3.417213	10.918152	10.648807	7.715051	5.762560	2.493727	8.058002
13	3	1	8.626376	7.156835	7.030227	0.834248	5.662089	4.936687	4.429129	6.723844	8.754041	-3.731146	2.514965	4.447291	4.782203	-4.981694	7.343411	8.201318	-1.841390	-5.082384	5.897139	6.883040	4.447638	1.731003	-8.464177	-5.829500	-11.498389	-20.050624	-18.494806	-4.409641	-4.714999	6.710589	0.309520
14	2	85	10.464813	6.800254	7.791036	0.158410	0.010330	-1.678809	7.649528	4.704571	5.511340	1.154246	0.172179	6.177274	-1.570880	-16.147754	6.701521	8.870260	2.538083	4.445333	7.312713	9.950793	6.554410	1.597460	-6.464953	-9.981903	-3.139392	-18.861071	-23.300513	-2.740807	-1.759654	8.004471	-8.833278
14	2	15	10.464813	6.800254	7.791036	0.158410	0.010330	-1.678809	7.649528	4.704571	5.511340	1.154246	0.172179	6.177274	-1.570880	4.951059	2.920497	8.870260	6.937571	7.756448	-2.900577	-18.832733	-13.555312	8.011098	7.625192	6.222919	11.173935	8.044877	10.307802	6.473732	8.457899	2.367924	5.811035
15	4	43	9.997303	6.335292	8.688430	0.963388	0.150123	5.890140	6.360213	1.092123	1.348040	1.515953	3.792343	6.327184	1.554503	-7.341266	5.095757	7.500374	-4.120998	-0.293191	7.713239	10.643148	4.791668	-4.936299	-9.749401	-5.074965	-15.026375	-18.056933	-23.678547	-5.209644	-4.900637	5.673374	-3.372340
15	4	48	9.997303	6.335292	8.688430	0.963388	0.150123	5.890140	6.360213	1.092123	1.348040	1.515953	3.792343	6.327184	1.554503	1.994324	2.626712	7.500374	2.478281	5.959078	-2.624308	-12.769533	-12.597610	4.478817	7.703030	8.763212	9.714645	10.455026	9.779278	5.041557	5.611710	0.272887	6.865030
15	4	6	-1.735642	1.571165	2.843008	6.159730	6.159970	7.275633	1.363914	-2.147026	-7.260908	7.061700	7.365675	2.783858	7.238358	-7.341266	3.977090	7.500374	-4.120998	-0.293191	7.713239	10.643148	4.791668	-4.936299	-9.749401	-5.074965	-15.026375	-18.056933	-23.678547	-5.209644	-4.900637	5.673374	-3.372340
15	4	3	-1.735642	1.571165	2.843008	6.159730	6.159970	7.275633	1.363914	-2.147026	-7.260908	7.061700	7.365675	2.783858	7.238358	1.994324	1.508046	7.500374	2.478281	5.959078	-2.624308	-12.769533	-12.597610	4.478817	7.703030	8.763212	9.714645	10.455026	9.779278	5.041557	5.611710	0.272887	6.865030
16	4	64	-11.056717	1.122195	2.819978	6.875824	6.731288	7.196560	1.689740	-0.934587	-7.413623	6.912852	6.222581	-3.656573	6.895439	-10.429409	6.579618	6.494300	1.392436	0.999228	6.350669	9.592512	6.617064	-3.099126	-8.930215	-9.010458	-17.282449	-23.260464	-23.385865	-2.019849	-1.196591	2.560769	-6.662791
16	4	31	-11.056717	1.122195	2.819978	6.875824	6.731288	7.196560	1.689740	-0.934587	-7.413623	6.912852	6.222581	-3.656573	6.895439	5.355117	0.883832	6.494300	7.902183	7.438106	-0.317280	-13.940699	-12.948680	8.407514	7.106536	0.565632	8.235998	9.805849	8.605092	6.839327	8.761145	-4.078673	5.651142
16	4	4	7.691327	5.733914	6.581107	1.477109	3.467848	1.813028	7.884077	5.501438	7.579483	-5.057648	3.148610	2.944509	6.895225	5.355117	3.398921	6.494300	7.902183	7.438106	-0.317280	-13.940699	-12.948708	8.407514	7.106536	0.565632	8.235998	9.805849	8.605092	6.839327	8.761145	-4.078673	5.651142
16	4	1	7.691327	5.733914	6.581107	1.477109	3.467848	1.813028	7.884077	5.501438	7.579483	-5.057648	3.148610	2.944509	6.895225	-10.429409	9.094707	6.494300	1.392436	0.999228	6.350669	9.592512	6.617064	-3.099126	-8.930215	-9.010458	-17.282449	-23.233218	-23.385865	-2.019849	-1.196590	2.560769	-6.662791
17	2	66	-0.923636	1.192827	1.878199	6.321921	0.429536	5.207220	-2.211683	3.297542	-1.608669	6.312398	4.340376	5.158326	4.428823	5.696554	-6.610253	5.555334	2.710331	6.225370	-5.477523	-11.532389	-3.516508	1.915534	7.244752	6.287301	9.574701	9.450270	10.018495	6.634546	6.729311	1.788580	6.475506
17	2	34	-0.923636	1.192827	1.878199	6.321921	0.429536	5.207220	-2.211683	3.297542	-1.608669	6.312398	4.340376	5.158326	4.428822	-10.813478	-0.154332	5.555334	-0.330036	-0.136502	7.131527	7.920496	7.732768	-8.738584	-7.605397	-7.748427	-12.075236	-17.506558	-21.521085	-1.735876	-5.877147	6.580794	-8.705763
18	4	43	-11.033435	0.790044	-0.084573	6.263327	7.044783	4.938540	4.452798	1.709218	-10.661732	6.865191	6.206765	3.103906	5.536647	-18.465911	5.618045	6.708133	-1.795730	1.672008	6.691953	9.766898	4.842813	-1.878096	-9.595526	-9.447107	-15.986227	-22.340791	-23.568282	-6.139753	-4.996719	6.187761	-8.712305
18	4	36	6.246895	6.045366	6.150805	2.253500	6.964162	4.899402	6.705616	6.730118	-2.500748	-1.954634	1.735269	6.022026	0.421984	-18.465911	6.900770	6.708133	-1.795730	1.672008	6.691953	9.766898	4.842813	-1.878096	-9.595526	-9.447107	-15.986227	-22.340791	-23.568282	-6.139753	-4.996720	6.187761	-8.712305
18	4	16	-11.033435	0.790044	-0.084573	6.263327	7.044783	4.938540	4.452798	1.709218	-10.661732	6.865191	6.206765	3.103906	5.536647	5.684766	1.248246	6.708133	3.973018	6.143487	0.583140	-18.302233	-13.973115	4.737716	6.724045	6.414151	8.217576	10.100613	6.744270	6.838852	7.416296	2.832266	5.910493
18	4	5	6.246895	6.045366	6.150805	2.253500	6.964162	4.899402	6.705616	6.730118	-2.500748	-1.954634	1.735269	6.022026	0.421984	5.684766	2.530971	6.708133	3.973018	6.143487	0.583140	-18.302233	-13.973115	4.737716	6.724045	6.414151	8.217576	10.100613	6.744270	6.838852	7.416296	2.832266	5.910493
19	5	24	0.805512	5.989678	4.940321	6.245116	6.667069	6.832969	8.057614	4.379956	-5.091025	6.540112	4.734371	4.724666	6.344868	-13.378123	-3.037413	7.602248	-1.790080	2.114924	6.168714	6.559562	3.573531	-0.159651	-7.463870	-10.154662	-15.542528	-25.647830	-19.791416	-3.643450	-4.329336	5.380298	-8.518672
19	5	36	4.337006	6.917133	4.997742	3.973929	1.701402	6.210827	8.328125	6.493110	2.532896	-0.495339	0.285932	8.876930	1.534878	-13.378123	-1.952231	7.602248	-1.790080	2.114924	6.168714	6.559562	3.573531	-0.159648	-7.463844	-10.154662	-15.542528	-25.647825	-19.791416	-3.643450	-4.329336	5.380298	-8.518672
19	5	38	-6.819804	0.592069	3.049528	6.246264	6.669600	6.833190	3.555756	0.622882	-6.139676	6.577836	4.736628	3.005896	6.618785	-13.378123	-3.037422	7.602248	-1.790080	2.114924	6.168714	6.559562	3.573531	-0.159651	-7.463842	-10.154662	-15.542528	-25.647825	-19.791416	-3.643450	-4.329336	5.380298	-8.518672
19	5	1	4.337006	6.917133	4.997742	3.973929	1.701402	6.210827	8.328125	6.493110	2.532896	-0.495339	0.285932	8.876930	1.534878	1.722141	-5.605241	7.602248	4.047228	5.724476	-3.366022	-24.378957	-18.026575	8.613186	7.908819	7.531204	6.757324	10.640776	10.737698	6.458683	6.476627	2.713728	4.294030
19	5	1	-6.819804	0.592069	3.049528	6.246264	6.669600	6.833190	3.555756	0.622882	-6.139676	6.577836	4.736628	3.005896	6.618785	1.722141	-6.690432	7.602248	4.047228	5.724476	-3.366022	-24.378957	-18.026575	8.613186	7.908819	7.531204	6.757324	10.640776	10.737698	6.458683	6.476627	2.713728	4.294030
20	1	100	-1.447047	2.822392	1.497162	4.040642	3.569729	5.130894	4.340805	1.171879	-4.488442	6.890421	2.983235	3.588010	6.091437	-18.367544	5.261228	6.328447	0.569500	0.069565	5.649651	8.260244	5.730902	1.624045	-9.155271	-14.744214	-12.739911	-22.094243	-24.178128	-6.119807	-12.351628	7.792438	-10.688510
21	4	31	11.241064	6.931588	6.369473	1.458254	3.088558	1.041625	6.888591	7.316281	6.141577	-3.793547	-0.091263	3.946561	0.852411	-15.561293	6.913951	6.209163	-3.539596	1.005376	6.363748	10.668007	6.277598	-2.314075	-10.159334	-11.057661	-10.326696	-9.085989	-21.490148	-1.940197	-2.179081	7.059093	-9.200160
21	4	47	-14.208281	1.017589	-0.255286	6.480280	7.606062	6.441454	2.174437	2.763243	-8.595304	4.586306	6.338814	-1.742744	6.047104	-15.561293	4.826322	6.209163	-3.539596	1.005376	6.363748	10.668007	6.277598	-2.314075	-10.159334	-11.057661	-10.326696	-9.085989	-21.490148	-1.940196	-2.179081	7.059093	-9.200155
21	4	20	-14.208281	1.017589	-0.255286	6.480280	7.606062	6.441454	2.174437	2.763243	-8.595304	4.586306	6.338814	-1.742744	6.047104	4.280518	-0.480673	6.209163	2.250008	6.148011	0.279456	-16.590438	-15.250900	4.761819	6.613213	7.197734	9.255303	11.989885	5.981090	8.621600	6.636644	2.142381	8.793880
21	4	2	11.241064	6.931588	6.369473	1.458254	3.088558	1.041625	6.888591	7.316281	6.141577	-3.793547	-0.091263	3.946561	0.852411	4.280518	1.606957	6.209163	2.250008	6.148011	0.279456	-16.590438	-15.250900	4.761819	6.613213	7.197734	9.255303	11.989885	5.981090	8.621600	6.636644	2.142381	8.793880
22	6	12	4.333291	6.463132	6.782948	0.479617	5.562084	4.497331	6.901113	9.115343	5.730991	-3.722898	0.931763	6.501754	2.438834	-1.021658	7.205243	6.400216	5.067887	5.017658	6.241401	10.296148	6.086688	3.555438	-4.172145	-7.210717	-8.950007	-13.511148	-21.519080	-9.850340	-3.543112	5.933947	-7.222983
22	6	26	-10.797961	2.369291	2.106979	6.949849	8.796153	6.612305	0.385146	3.111683	-15.746446	6.554012	6.588866	0.055825	5.622572	-9.809647	4.592002	6.400216	-1.105338	1.400362	9.004716	10.624174	6.345236	-3.733885	-4.186455	-9.203293	-16.700136	-13.548010	-21.595012	-9.850340	-3.543112	5.933947	-7.457338
22	6	23	-10.797961	2.369291	2.106979	6.949849	8.796153	6.612305	0.385146	3.111683	-15.746446	6.554012	6.588866	0.055825	5.622572	6.043097	-2.027945	6.400216	5.098940	7.157606	-1.334329	-18.322592	-10.134057	5.134154	7.343406	5.238020	9.792597	11.575373	8.147554	2.559493	6.522266	-0.231062	4.158114
22	6	7	4.333291	6.463132	6.782948	0.479617	5.562084	4.497331	6.901113	9.115343	5.730991	-3.722898	0.931763	6.501754	2.438834	6.043097	0.610993	6.400216	5.098940	7.157606	-1.334329	-18.322592	-10.134057	5.134154	7.343406	5.238020	9.792597	11.575373	8.147554	2.559493	6.522266	-0.231062	4.158114
22	6	26	-10.797961	2.369291	2.106979	6.949849	8.796153	6.612305	0.385146	3.111683	-15.746446	6.554012	6.588866	0.055825	5.622572	-1.021658	4.566306	6.400216	5.067887	5.017658	6.241401	10.296148	6.086688	3.555438	-4.172145	-7.210717	-8.950007	-13.511148	-21.519080	-9.850340	-3.543112	5.933947	-7.222983
22	6	6	4.333291	6.463132	6.782948	0.479617	5.562084	4.497331	6.901113	9.115343	5.730991	-3.722898	0.931763	6.501754	2.438834	-9.809647	7.230939	6.400216	-1.105338	1.400362	9.004716	10.624174	6.345236	-3.733885	-4.186455	-9.203293	-16.700136	-13.548010	-21.595012	-9.850340	-3.543112	5.933947	-7.457338
23	2	72	8.656421	6.577129	4.766331	0.210068	0.895403	0.551713	6.675926	7.699782	6.567529	-4.863035	2.923095	9.039282	0.543038	-11.990386	5.447982	4.590993	-7.063873	-1.155792	5.241814	12.378150	4.608016	-2.240366	-7.102285	-10.275688	-19.920769	-24.043304	-20.920444	-3.334866	-4.928979	6.933092	-3.113506
23	2	28	-9.036332	1.447120	0.632577	6.501366	5.118145	7.093890	0.817986	1.058239	-5.013651	7.401697	6.247665	2.751723	6.011397	-11.990386	3.620291	4.590993	-7.063873	-1.155792	5.241814	12.378150	4.608016	-2.240366	-7.102285	-10.275688	-19.920769	-24.043304	-20.920444	-3.334866	-4.928979	6.933092	-3.113506
24	4	28	-7.559239	0.154122	0.020895	4.810296	6.153921	6.155559	-3.004679	1.070445	-5.523201	6.839973	6.277232	3.118882	5.514056	2.221708	-0.369039	3.022395	-0.081812	7.301009	1.071217	-17.740668	-10.926193	1.761805	6.755028	3.675356	2.437957	7.240455	10.635250	5.792243	6.743304	1.713453	9.055945
24	4	11	9.537136	6.235812	6.316532	-1.775500	1.624880	1.300324	3.574617	7.512619	5.553066	-1.742501	3.762390	5.382347	5.031406	2.221708	0.394708	3.022395	-0.081812	7.301009	1.071217	-17.740668	-10.926193	1.761805	6.755028	3.675356	2.437957	7.240455	10.635250	5.792243	6.743304	1.713453	9.055945
24	4	42	-7.559239	0.154122	0.020895	4.810296	6.153921	6.155559	-3.004679	1.070445	-5.523201	6.839973	6.277232	3.118882	5.514056	-9.494692	5.996203	3.022395	-6.236646	2.469269	8.224603	5.314748	4.861227	-4.022571	-8.856899	-10.442562	-12.985430	-15.541282	-18.897598	-5.810779	-4.838929	6.590774	0.253986
24	4	19	9.537136	6.235812	6.316532	-1.775500	1.624880	1.300324	3.574617	7.512619	5.553066	-1.742501	3.762390	5.382347	5.031406	-9.494692	6.759950	3.022395	-6.236646	2.469269	8.224603	5.314748	4.861227	-4.022571	-8.856834	-10.442562	-12.985430	-15.541282	-18.897598	-5.810779	-4.838929	6.590774	0.253986
25	1	100	10.139911	9.157396	6.159287	0.910734	2.829598	1.522014	9.325990	7.223430	6.719005	-6.914102	-0.259788	4.860091	4.000303	-5.883494	8.919090	6.754717	-2.021497	1.080561	6.975976	6.361755	9.705402	-6.059380	-6.813426	-7.744797	-14.927834	-20.256056	-16.585320	-6.217754	-5.729823	1.130403	-0.201738
26	2	46	8.661713	7.280182	6.723619	0.859400	2.389714	-0.750711	6.486813	5.002181	3.027025	0.743979	2.059186	5.209581	3.500363	7.005039	3.019812	5.327402	5.704051	4.532051	-0.662895	-26.379636	-14.104546	6.335927	6.193618	6.848428	6.438801	7.334120	10.326244	7.612729	7.500095	1.243245	4.947787
26	2	54	8.661713	7.280182	6.723619	0.859400	2.389714	-0.750711	6.486813	5.002181	3.027025	0.743979	2.059186	5.209581	3.500363	-13.003479	6.871680	5.327402	0.423378	1.840088	4.585113	9.488694	5.613860	-3.056235	-3.538025	-11.949338	-16.460150	-16.347178	-20.596908	-3.524211	-2.997181	6.826350	-10.402321
27	8	29	8.767986	6.133598	6.616914	2.955032	3.624564	1.828166	5.406306	6.473774	5.647054	-5.055787	0.955378	4.441894	-1.077960	-11.529255	4.211754	8.119850	3.086809	1.109191	6.943184	-1.417350	4.978456	3.113481	-0.194209	0.251936	-8.041052	-11.482126	-11.595364	-2.389015	-2.835285	6.145988	-5.944559
27	8	9	0.491301	6.095626	6.593770	8.716275	7.045656	4.481279	1.301123	4.399151	-1.428729	5.178486	7.114155	4.357331	-1.077440	-11.529255	-0.497276	8.119850	3.086809	1.109191	6.943184	-1.417350	4.978456	3.113481	-0.194209	0.251936	-8.041052	-11.482126	-11.595365	-2.389015	-2.835285	6.145988	-5.944559
27	8	4	0.491301	6.095626	6.593770	8.716275	7.045656	4.481279	1.301123	4.399151	-1.428729	5.178486	7.114155	4.357331	-1.077440	7.550322	-4.784481	8.119850	6.281627	6.064380	-3.616207	-21.411130	-14.151553	6.057611	7.685572	7.694410	9.571173	8.784843	9.908496	6.410996	6.441286	3.166995	4.859776
27	8	21	-10.377620	-0.301701	0.418997	8.716352	7.045656	4.481279	0.937758	0.047852	-7.454895	6.630393	7.114155	4.278866	-1.076801	7.550322	-4.784481	8.119850	6.281627	6.064380	-3.616207	-21.411130	-14.151553	6.057611	7.685572	7.694410	9.571173	8.784843	9.908496	6.410996	6.441286	3.166995	4.859776
27	8	19	-10.377620	-0.301701	0.418997	8.716352	7.045656	4.481279	0.937758	0.047852	-7.454895	6.630393	7.114155	4.278866	-1.076801	-11.529255	-0.497276	8.119850	3.086809	1.109191	6.943184	-1.417350	4.978456	3.113481	-0.194209	0.251936	-8.041052	-11.482126	-11.595365	-2.389015	-2.835285	6.145988	-5.944559
27	8	11	8.767986	6.133598	6.616914	2.955032	3.624564	1.828166	5.406306	6.473774	5.647054	-5.055787	0.955378	4.441894	-1.077960	7.550322	-0.075451	8.119850	6.281627	6.064380	-3.616207	-21.411130	-14.151553	6.057611	7.685572	7.694410	9.571173	8.784843	9.908496	6.410996	6.441286	3.166995	4.859776
27	8	5	8.767986	6.133598	6.616914	2.955032	3.624564	1.828166	5.406306	6.473774	5.647054	-5.055787	0.955378	4.441894	-1.077960	-11.538862	4.211762	8.119850	3.086809	1.109191	6.943184	4.503452	5.427076	3.113481	-6.301913	-4.147066	-11.697423	-22.982133	-20.499010	-2.394893	-3.253530	6.151392	-5.956593
27	8	2	-10.377620	-0.301701	0.418997	8.716352	7.045656	4.481279	0.937758	0.047852	-7.454895	6.630393	7.114155	4.278866	-1.076801	-11.538862	-0.497268	8.119850	3.086809	1.109191	6.943184	4.503452	5.427076	3.113481	-6.301913	-4.147066	-11.697423	-22.982133	-20.499010	-2.394893	-3.253530	6.151392	-5.956593
28	2	91	-8.484528	-3.066570	0.710723	7.249025	7.348015	3.708547	-1.665375	-1.668282	-7.703812	6.934951	5.651805	1.472731	5.554527	-16.599303	5.778726	3.378659	-3.199149	3.010052	4.998605	8.261601	7.023027	-6.232933	-10.751617	-6.106500	-10.869790	-19.717274	-15.387943	-3.902818	-1.287020	7.455885	-10.329486
28	2	9	-8.484528	-3.066570	0.710723	7.249025	7.348015	3.708547	-1.665375	-1.668282	-7.703812	6.934951	5.651805	1.472731	5.554527	5.016853	0.739061	3.378659	3.096822	7.493059	-3.034687	-15.273604	-10.586428	3.720936	5.133646	6.769947	9.671395	10.138643	9.424697	6.796518	6.694847	1.769583	5.492357
29	3	65	5.114944	6.965946	6.320201	4.837959	4.741868	3.391919	4.943152	0.661488	4.434832	0.683988	5.745533	3.500669	6.841875	7.438100	-1.707044	4.075275	1.689681	5.323767	-0.850789	-17.886049	-14.754244	1.631188	7.139897	5.459632	5.887809	9.473112	11.051270	6.230155	5.589612	2.362876	5.672531
29	3	6	-0.448861	1.182126	1.015079	5.608810	4.820666	3.497634	-0.507605	-2.498037	1.401989	6.956433	6.335500	-2.332996	6.844453	7.438100	-3.128263	4.075275	1.689681	5.323767	-0.850789	-17.886049	-14.754244	1.631188	7.139897	5.459632	5.887809	9.473112	11.051270	6.230155	5.589612	2.362876	5.672531
29	3	29	5.114944	6.965946	6.320201	4.837959	4.741868	3.391919	4.943152	0.661488	4.434832	0.683988	5.745533	3.500669	6.841875	-12.465967	3.746447	4.075275	-3.655904	1.840389	5.907136	11.919102	5.881429	-4.706131	-6.343922	-12.273399	-12.240379	-18.631205	-22.155641	-4.972656	-5.460751	8.705933	-9.709086
30	2	44	-10.487632	1.854020	-0.227392	7.624289	7.086262	6.610929	1.139267	-0.163250	-18.129358	4.942211	7.342524	2.545996	7.569220	6.124158	-7.244745	7.188345	5.382647	7.563120	-0.671221	-26.855448	-19.729285	7.815947	5.993044	7.297297	10.222668	9.604711	10.710436	8.856400	8.560069	4.158944	6.298472
30	2	56	-10.482200	1.854020	-0.227391	7.624289	7.086262	6.610929	1.139267	-0.163250	-18.129357	4.942211	7.342524	2.545996	7.569220	-9.584421	-0.627761	7.188345	-0.333308	3.253754	6.725169	5.335330	0.644584	-3.258824	-6.632439	-8.983887	-7.692823	-15.818430	-24.665243	-0.635858	-0.693792	4.821876	-2.332104
31	2	97	-14.748071	-1.133422	0.968603	5.522268	6.332229	7.923335	3.061513	3.063041	-5.689449	7.044579	7.826325	2.932753	3.923806	-13.947160	4.093873	5.963375	1.522429	-1.649032	5.099964	10.527818	4.407627	-7.705335	-15.274043	-10.121771	-16.377337	-20.730008	-21.577741	-6.110639	-6.684723	7.937084	-8.922063
31	2	3	-14.748071	-1.133422	0.968603	5.522268	6.332229	7.923335	3.061513	3.063041	-5.689449	7.044579	7.826325	2.932753	3.923806	1.968064	-0.323799	5.963375	7.867875	4.641004	3.891195	-5.771373	-9.678852	5.020154	-4.229386	4.936378	4.490728	3.409554	2.118487	5.576583	1.956076	6.254227	3.985634
32	2	87	-14.007913	-0.633976	0.044996	5.613336	6.558513	6.391813	2.434447	0.521786	-3.803452	5.990045	6.978584	1.712179	9.759784	-15.739558	0.270804	6.902804	1.382229	1.183705	6.999147	11.899840	7.076331	-7.022392	-11.084597	-8.128220	-12.058135	-22.431644	-21.652703	-5.949711	-1.896756	6.068484	-8.087791
32	2	13	-14.007913	-0.633976	0.044996	5.613336	6.558513	6.391813	2.434447	0.521786	-3.803452	5.990045	6.978584	1.712179	9.759784	4.532011	-5.845540	6.902804	7.762151	7.159978	-4.857743	-18.594396	-14.673008	5.408288	7.402345	7.893693	10.587267	10.848973	10.169163	5.928547	6.469083	-0.421153	2.210571
33	4	27	-9.546232	0.572693	-0.356245	7.238862	6.283872	6.209749	-0.742225	1.469453	-2.513111	7.468703	6.654949	-1.148865	7.390232	5.326988	-0.822128	3.734550	5.984235	6.240914	0.884288	-15.070745	-5.043680	8.531373	6.214738	7.676975	10.105887	9.285998	9.774732	6.622672	7.093092	6.986138	4.997146
33	4	56	-9.546232	0.572693	-0.356245	7.238862	6.283872	6.209749	-0.742225	1.469453	-2.513112	7.468703	6.654949	-1.148865	7.390232	-12.837726	5.151582	3.734550	-0.395425	0.275260	6.703580	8.590566	8.584959	2.498879	-10.759162	-3.179216	-8.982219	-14.661191	-21.790344	-1.047386	-2.121933	7.621401	-7.429688
33	4	13	5.769125	6.902990	5.636089	3.329828	4.134474	6.209431	5.306512	6.468880	6.651574	-2.193437	4.185469	4.241110	6.709781	-12.837726	8.896012	3.734550	-0.395425	0.275260	6.703580	8.590566	8.584959	2.498879	-10.759162	-3.179216	-8.982219	-14.661191	-21.790344	-1.047386	-2.121933	7.621401	-7.429688
33	4	4	5.769125	6.902990	5.636089	3.329828	4.134474	6.209431	5.306512	6.468880	6.651574	-2.193437	4.185469	4.241110	6.709781	5.326988	2.922302	3.734550	5.984235	6.240914	0.884288	-15.070745	-5.043680	8.531373	6.214738	7.676975	10.105887	9.285998	9.774732	6.622672	7.093092	6.986138	4.997146
34	4	59	-2.397447	2.764750	-2.225458	5.630018	4.703619	6.768515	2.350929	-0.169729	-3.031055	5.537822	5.269093	0.370582	4.560319	-14.767122	6.941884	6.713294	-1.005515	5.273183	2.072102	7.197097	2.588136	-0.697163	-4.146363	-4.802818	-6.410018	-12.967709	-15.031274	-5.666146	-3.954730	8.820999	-12.519101
34	4	37	4.390484	4.755029	-0.232247	1.148928	0.211252	1.802513	3.694181	5.606676	1.821284	-0.775210	3.303440	6.304276	2.152987	-14.767122	7.654106	6.713294	-1.005515	5.273183	2.072102	7.197097	2.588136	-0.697163	-4.146367	-4.802818	-6.410018	-12.967707	-15.031278	-5.666146	-3.954730	8.820999	-12.519101
34	4	2	-2.397447	2.764750	-2.225458	5.630018	4.703619	6.768515	2.350929	-0.169729	-3.031055	5.537822	5.269093	0.370582	4.560319	4.247703	0.492835	6.713294	5.557707	7.385514	-0.173074	-24.719341	-13.551279	6.049728	5.771505	6.178783	10.948961	12.485634	10.183174	6.681633	8.633024	4.456580	2.326586
34	4	2	4.390484	4.755029	-0.232247	1.148928	0.211252	1.802513	3.694181	5.606676	1.821284	-0.775210	3.303440	6.304276	2.152987	4.247703	1.205057	6.713294	5.557707	7.385514	-0.173074	-24.719341	-13.551279	6.049728	5.771505	6.178783	10.948961	12.485634	10.183174	6.681633	8.633024	4.456580	2.326586
35	2	84	-21.339268	2.074648	0.061760	7.082767	6.911599	7.607472	2.900555	1.178507	-10.344459	5.843737	5.465468	6.739662	5.749315	9.043116	-0.492813	7.957588	6.999518	4.890830	0.024980	-18.075542	-17.368184	6.787197	6.358937	8.194516	6.648531	11.720809	12.909063	8.593561	6.163928	0.837108	7.519395
35	2	16	-21.339268	2.074648	0.061760	7.082767	6.911599	7.607472	2.900555	1.178507	-10.344459	5.843737	5.465468	6.739662	5.749315	-14.644247	3.721234	7.957588	1.316434	-1.407693	6.089607	10.637196	4.331512	0.171207	-9.559934	-7.617687	-20.385423	-16.248211	-16.719613	0.916539	-2.439005	6.344770	-6.288415
36	3	49	-16.779973	-0.056854	-3.125561	7.018893	4.718403	7.255888	0.827278	1.114041	-6.917608	4.254498	4.971791	0.986830	7.260315	5.236012	-1.073658	8.437443	6.184781	7.001656	-7.559242	-19.424381	-10.994775	4.650887	7.163243	4.309152	10.066550	7.755311	11.709804	6.566893	6.532163	0.931585	9.304804
36	3	47	-16.779973	-0.056854	-3.125561	7.018893	4.718403	7.255888	0.827278	1.114041	-6.917608	4.254498	4.971791	0.986830	7.260315	-9.162927	3.661018	8.437443	0.160634	2.542210	3.879993	8.836562	6.098448	-4.208144	-8.230044	-8.831426	-8.058609	-21.962014	-20.871134	-1.093830	-3.735035	6.033128	-2.718418
36	3	4	-16.779973	-0.056854	-3.125561	7.018893	4.718403	7.255888	0.827278	1.114041	-6.917608	4.254498	4.971791	0.986830	7.260315	-3.688936	3.661018	8.437443	1.504189	6.002490	2.349937	-10.582028	-4.536520	-2.762801	4.439168	4.217673	4.837932	7.384989	10.787827	6.566417	6.532134	0.931602	3.036438
37	2	64	-9.477952	-0.221202	-0.050688	6.252439	7.229785	7.005676	1.900519	1.354392	-11.080967	6.817227	6.465632	2.135321	6.424726	-12.281496	6.651173	4.548962	-3.927801	1.990757	7.056913	7.936927	8.943780	-4.726258	-10.117728	-10.310787	-15.835902	-19.373341	-16.411537	-7.774860	-5.693078	2.885037	-4.625294
37	2	36	7.267469	5.702781	3.779254	1.536707	5.184995	5.380326	6.238639	6.564819	-0.722493	-4.995700	2.712343	5.696901	4.911643	-12.281496	7.665221	4.548962	-3.927801	1.990757	7.056913	7.936927	8.943780	-4.726258	-10.117728	-10.310787	-15.835902	-19.373062	-16.411537	-7.774860	-5.693078	2.885037	-4.625294
38	4	11	-4.508719	-0.067652	-4.089958	6.376458	7.474392	3.637812	1.481333	-2.555984	-12.575520	8.141644	6.390464	1.048088	4.037257	-7.909591	1.728629	6.275833	1.375645	4.632039	3.078512	9.384948	4.839449	-2.214215	-9.923590	-5.509766	-7.976380	-20.465104	-18.533949	-6.684955	-1.388947	4.181187	-8.995715
38	4	34	2.942155	5.906594	1.552295	6.375331	7.474385	3.637812	6.101069	3.175654	-6.307706	5.226958	6.389457	6.987379	-1.299086	6.629524	-1.785208	6.275833	5.951936	9.169430	-6.694275	-21.422727	-11.477224	4.704799	3.538065	5.918249	10.836124	6.671171	9.339606	5.130481	4.960248	2.626750	2.232430
38	4	7	-4.508719	-0.067652	-4.089958	6.376458	7.474392	3.637812	1.481333	-2.555984	-12.575520	8.141644	6.390464	1.048088	4.037257	6.629524	-1.787841	6.275833	5.951936	9.169430	-6.694275	-21.422727	-11.477224	4.704799	3.538065	5.918249	10.836124	6.671171	9.339606	5.130481	4.960248	2.626750	2.232430
38	4	48	2.942155	5.906594	1.552295	6.375331	7.474385	3.637812	6.101069	3.175654	-6.307706	5.226958	6.389457	6.987379	-1.299086	-7.909591	1.731262	6.275833	1.375645	4.632039	3.078512	9.384948	4.839449	-2.214215	-9.923590	-5.509766	-7.976380	-20.465104	-18.533949	-6.684955	-1.388947	4.181187	-8.995715
39	4	14	9.013186	5.608131	9.163954	1.488202	0.854864	3.129590	9.146853	9.326152	6.825277	-4.744463	-0.369366	5.919193	6.472086	5.706060	0.938448	7.542582	5.324743	6.393234	-4.371921	-22.520215	-16.434928	7.601266	7.798742	6.653270	11.494896	10.613459	11.767220	5.301930	6.290531	1.838001	3.797771
39	4	77	9.013186	5.608131	9.163954	1.488202	0.854864	3.129590	9.146853	9.326152	6.825277	-4.744463	-0.369366	5.919193	6.472086	-17.564618	7.067778	7.542582	0.233771	1.046094	5.214500	10.221938	5.642238	0.781240	-10.107647	-8.330465	-13.794064	-18.962244	-21.733870	-5.915844	-2.848305	7.945402	-11.888149
39	4	8	-0.482220	2.176989	2.814550	5.964459	2.322255	5.299755	3.681194	2.919575	-5.355492	6.505656	4.122205	-0.105848	7.390512	-17.564618	6.405896	7.542582	0.233771	1.046094	5.214500	10.221938	5.642238	0.781240	-10.107647	-8.330465	-13.794064	-18.962244	-21.733870	-5.915844	-2.848305	7.945402	-11.888149
39	4	1	-0.482220	2.176989	2.814549	5.964459	2.322255	5.299755	3.681194	2.919575	-5.355492	6.505656	4.122205	-0.105848	7.390512	5.706060	0.276566	7.542582	5.324743	6.393234	-4.371921	-22.520215	-16.434928	7.601266	7.798742	6.653270	11.494896	10.613459	11.767220	5.301930	6.290531	1.838001	3.797771
40	2	38	-10.889270	3.410737	0.089122	5.338583	6.273765	8.091882	-0.361516	0.912207	-14.103446	8.660406	5.580392	0.543185	6.004545	8.058319	-0.465007	6.294505	5.921575	5.379634	1.934445	-11.058665	-6.791750	6.721745	7.036461	3.861700	8.155237	8.444006	9.256884	5.568696	7.571524	-0.954904	8.033396
40	2	62	-10.889270	3.410737	0.089122	5.338583	6.273765	8.091882	-0.361516	0.912207	-14.103446	8.660406	5.580392	0.543185	6.004545	-10.079950	5.754445	6.294505	-0.655492	-0.887886	4.495811	8.391242	3.873391	-0.627096	-4.449276	-11.000615	-14.591774	-19.392042	-21.571535	-5.970773	-2.671241	3.553912	-1.723557
41	3	78	-8.220955	3.021142	1.892242	7.334627	7.474923	5.632904	0.188559	3.784561	-17.211890	4.769856	7.673880	1.138398	6.368892	6.385945	-3.940591	7.482329	7.901679	6.572857	3.589835	-21.092499	-9.858227	8.696493	2.256730	2.342574	2.641223	6.773688	8.592719	6.202272	6.905022	1.428488	5.024996
41	3	20	-8.220955	3.021142	1.892242	7.334627	7.474923	5.632904	0.188559	3.784561	-17.211890	4.769856	7.673880	1.138398	6.368892	-9.589494	2.335917	7.482329	2.096216	-0.010226	8.700598	8.277892	6.870312	-1.947780	-13.241433	-9.783584	-14.663691	-21.680662	-19.906569	-1.457488	-3.997870	4.767454	-7.082829
41	3	2	-8.220955	3.021142	1.892242	7.334627	7.474923	5.632904	0.188559	3.784561	-17.211890	4.769856	7.673880	1.138398	6.368892	-0.777032	2.154884	7.482329	5.398929	6.545369	5.636667	1.859472	-0.159496	8.024598	-10.516315	-4.108499	-4.577902	-13.798888	-14.512666	-1.457488	-3.997870	4.767454	-4.024791
42	1	100	8.358643	6.560327	7.086175	3.142853	5.005250	3.922989	6.970469	6.798038	4.780323	-1.620647	4.707516	6.115852	1.411999	-15.328365	6.436442	5.974407	-5.103356	4.654536	5.274668	10.833449	5.728402	-6.658001	-8.761394	-12.114669	-19.249682	-18.357104	-18.546492	-4.747445	-0.323335	7.542421	-7.627694
43	4	58	9.478936	6.290577	5.887365	4.031833	0.652222	3.747611	8.075768	4.139517	5.605754	2.109292	1.817646	4.802940	4.919180	-13.137893	0.662158	7.110986	-1.208298	-0.270196	7.710207	9.879857	6.683480	-3.301223	-11.375597	-8.480426	-14.102137	-23.600756	-18.465779	-6.812210	-5.191127	1.803774	-3.632822
43	4	27	9.478936	6.290577	5.887365	4.031833	0.652222	3.747611	8.075768	4.139517	5.605754	2.109292	1.817646	4.802940	4.919180	6.144459	-4.247445	7.110986	5.100676	5.988640	1.104536	-19.048142	-8.714135	6.430630	6.436238	9.337592	7.970720	10.458308	9.810283	5.658979	7.166442	-4.211769	6.367239
43	4	12	-7.177153	-0.206348	1.922594	5.920384	6.970464	8.201173	3.765147	-2.210692	-9.760477	5.425132	4.690758	-0.817623	6.434560	-13.137893	0.618369	7.110986	-1.208298	-0.270196	7.710207	9.879857	6.683480	-3.301223	-11.375597	-8.479098	-14.102137	-23.600613	-18.465699	-6.812210	-5.191127	1.803774	-3.632822
43	4	3	-7.177153	-0.206348	1.922594	5.920384	6.970464	8.201173	3.765147	-2.210692	-9.760477	5.425132	4.690758	-0.817623	6.434560	6.144459	-4.291234	7.110986	5.100676	5.988640	1.104536	-19.048142	-8.714135	6.430630	6.436238	9.337592	7.970720	10.458308	9.810283	5.658979	7.166442	-4.211769	6.367239
44	1	100	-15.989347	2.189097	4.093742	6.514431	8.495209	7.675943	0.081251	2.389959	-4.458721	5.693943	5.803190	2.790788	7.078792	-9.987875	1.341152	4.241184	-6.148973	3.211899	5.623210	9.741779	3.816163	-4.152857	-9.402490	-10.197111	-15.283419	-24.965773	-23.760946	-4.045988	-4.682523	7.087344	-9.708732
45	1	100	-6.475440	3.039630	0.099692	7.233669	6.685503	6.332163	0.195784	1.730826	-8.440957	6.506591	7.039404	0.449945	6.869234	-6.732574	2.332591	3.686689	-6.047797	-3.039790	7.263242	11.190981	4.192868	-8.862628	-9.614535	-4.617010	-15.569221	-26.818409	-18.880608	-8.310182	-3.023523	5.511547	-11.428710
46	2	20	-8.759505	2.068119	2.070371	6.505671	7.982739	6.994295	6.332746	-1.633674	-12.150737	7.448934	4.962193	1.816788	6.363058	4.919062	-2.262325	2.284628	2.406736	6.929042	0.427185	-10.535576	-4.839586	2.006957	6.863588	5.811422	7.045507	9.791884	10.399058	2.105050	6.252081	0.343128	3.929064
46	2	80	-8.759505	2.068119	2.070371	6.505671	7.982739	6.994295	6.332746	-1.633674	-12.150737	7.448934	4.962193	1.816788	6.363058	-9.797926	3.269267	2.284628	-2.567262	1.814433	6.771543	12.928170	6.781259	-7.453993	-6.655083	-12.138273	-20.603692	-20.466581	-15.633484	-5.870290	-6.191933	2.972873	-6.290341
47	2	81	2.691505	4.609504	6.565894	5.984539	3.169494	7.306264	7.632394	4.102064	0.271390	4.814139	6.086222	8.660894	-2.919576	-13.936764	4.129940	6.449928	2.582464	1.966605	4.554432	11.218020	6.916556	-2.210977	-13.837444	-9.665887	-11.569244	-16.609599	-18.968588	-6.190349	-3.783533	8.326607	-7.219805
47	2	19	2.691504	4.609504	6.565894	5.984539	3.169494	7.306264	7.632394	4.102064	0.271390	4.814139	6.086222	8.660894	-2.919576	1.964357	-1.240583	6.449928	7.011143	6.197928	-0.712502	-16.518261	-9.250186	6.791903	2.737517	7.402406	9.481177	10.418782	9.424994	5.139138	7.372553	2.072289	6.842814
48	2	14	-13.995325	2.771286	1.582681	6.556674	6.538075	8.627348	1.715879	1.696214	-7.828270	6.598557	7.277950	0.000004	6.375333	4.787031	-1.307114	5.384819	5.081272	6.525501	-0.193696	-11.808382	-7.817174	1.186620	7.022126	2.255647	6.372237	4.009706	9.125172	7.874031	3.839234	5.618267	1.965881
48	2	86	-13.841246	2.771287	1.582682	6.556674	6.538075	8.627348	1.715879	1.696214	-7.828269	6.598557	7.277950	0.000004	6.375333	-9.026007	4.654962	5.384819	-1.376406	0.861512	6.859575	8.682451	8.021337	-10.802306	-10.010301	-15.391571	-14.540422	-31.538487	-18.527902	0.286740	-5.128741	6.030406	-10.517584
49	3	93	10.747354	4.527193	6.589534	-1.829791	-0.984549	1.829385	6.236856	5.685106	6.017694	-1.909663	2.818165	6.605684	1.492803	6.866457	0.972932	5.652622	5.924381	6.907822	-2.928555	-26.182389	-16.850113	6.728586	6.762103	8.463804	8.473326	8.894157	9.267171	5.129465	5.626974	4.546583	5.146826
49	3	6	10.747354	4.527193	6.589534	-1.829791	-0.984549	1.829385	6.236856	5.685106	6.017694	-1.909663	2.818165	6.605684	1.492803	-6.925274	7.212524	5.652622	0.617468	2.794784	3.963599	9.166691	3.746476	-1.531633	-5.122501	-1.737681	-11.775281	-19.542422	-18.549899	-7.105612	-4.009570	7.984959	-8.784472
49	3	1	10.747354	4.527193	6.589534	-1.829791	-0.984549	1.829385	6.236856	5.685106	6.017694	-1.909663	2.818165	6.605684	1.492803	-4.616523	7.212524	5.652622	0.617471	2.796500	3.963477	-4.164292	0.333935	-1.531627	3.247351	6.098054	-5.341019	-9.280367	-0.582952	-2.007478	1.220130	6.122140	-7.383494
50	1	100	9.693453	7.480985	3.378613	0.414223	-0.048701	-3.642411	8.462269	9.682159	0.508125	-8.273236	0.328035	6.600000	-0.177831	-7.852192	6.537856	4.837717	-3.353479	0.342387	8.399068	10.452965	6.017497	-4.722801	-11.735432	-8.184963	-20.772713	-21.755442	-14.942457	-8.946865	-7.790706	6.283376	-9.129138
51	4	76	-4.508330	-3.737120	0.482902	9.094754	5.937473	4.307125	-2.531356	-0.068801	-7.952277	8.065099	7.016571	2.317476	5.302199	6.659452	-2.541688	6.507846	8.437650	6.121243	-5.323820	-22.045396	-16.002277	7.238112	5.148080	6.722713	10.558769	9.452841	12.260738	7.320214	7.494996	1.767671	6.114968
51	4	21	-4.508330	-3.737120	0.482902	9.094754	5.937473	4.307125	-2.531356	-0.068801	-7.952277	8.065099	7.016571	2.317476	5.302199	-13.641498	1.971876	6.507846	1.932332	-0.136780	3.403040	8.602395	6.187185	-1.926309	-11.116740	-6.805532	-11.187103	-21.456886	-18.261798	-2.966428	-4.710098	4.402256	-4.262796
51	4	2	3.126574	2.279404	0.482931	3.063097	0.048573	1.582857	3.948222	5.381513	-0.370315	-0.451660	1.766721	8.020103	-0.587763	6.659452	1.596813	6.507846	8.437650	6.121243	-5.323820	-22.045396	-16.002277	7.238112	5.148080	6.722713	10.558769	9.452841	12.260738	7.320214	7.494996	1.767671	6.114968
51	4	1	3.126574	2.279404	0.482931	3.063098	0.048573	1.582857	3.948222	5.381513	-0.370315	-0.451660	1.766721	8.020103	-0.587763	-13.641498	6.110377	6.507846	1.932332	-0.136780	3.403040	8.602395	6.187185	-1.926309	-11.116740	-6.805532	-11.187103	-21.456886	-18.265609	-2.966428	-4.710105	4.402256	-4.262796
52	2	96	11.349470	7.062896	6.572333	4.571470	9.367024	2.421174	7.072635	7.269468	4.549118	-0.276509	5.600182	7.417759	2.152331	-18.235841	-0.613911	9.370533	2.178152	-3.515598	6.961863	10.608513	6.596596	0.323012	-7.498950	-6.518888	-12.818074	-22.034186	-20.859325	-5.111414	-1.371514	4.089534	-7.473724
52	2	4	11.349470	7.062896	6.572333	4.571470	9.367024	2.421174	7.072635	7.269468	4.549118	-0.276509	5.600182	7.417759	2.152331	2.251839	-3.203145	9.370533	8.481056	2.393421	1.143490	-21.957903	-8.890682	5.893932	7.461372	8.219399	7.003418	11.501212	9.231682	6.234974	8.192629	-1.248211	4.878482
53	4	80	7.875603	8.022901	6.794686	6.359256	3.186000	5.949007	6.055891	2.085478	-3.493628	0.913684	1.903441	8.430473	1.561295	8.038688	4.393576	6.446394	6.219830	8.179646	-6.498906	-20.366718	-9.962340	4.772877	4.371371	2.867885	7.003348	9.712870	5.824018	6.027384	7.541094	-0.662416	5.320277
53	4	11	7.875603	8.022901	6.794686	6.359256	3.186000	5.949007	6.055891	2.085478	-3.493628	0.913684	1.903441	8.430473	1.561295	-8.118656	5.569446	6.446394	0.753570	4.302173	6.004482	10.235651	6.443183	0.522035	-12.727253	-12.814625	-13.206264	-7.576577	-28.764010	-6.368856	-0.537196	4.719136	-5.330322
53	4	1	-2.425195	1.647371	1.982209	6.359274	3.186000	5.949007	0.848686	-0.859485	-6.134338	6.402613	1.903441	1.847196	8.062252	-8.118656	5.569438	6.446394	0.753570	4.302173	6.004482	10.235651	6.443183	0.522035	-12.727253	-12.814625	-13.206264	-7.576577	-28.764010	-6.368856	-0.537196	4.719136	-5.330322
53	4	8	-2.425195	1.647371	1.982209	6.359274	3.186000	5.949007	0.848686	-0.859485	-6.134338	6.402613	1.903441	1.847196	8.062252	8.038688	4.393567	6.446394	6.219830	8.179646	-6.498906	-20.366718	-9.962340	4.772877	4.371371	2.867885	7.003348	9.712870	5.824018	6.027384	7.541094	-0.662416	5.320277
54	2	89	-7.482508	2.886934	0.890242	7.263520	7.252283	6.397022	4.066444	0.891319	-12.568293	6.373031	5.447413	2.205330	2.103029	-13.336058	5.205357	5.968069	-4.020766	0.777792	5.250250	9.605353	6.861128	-5.784502	-10.680238	-11.416712	-10.951087	-15.778925	-23.920413	-6.591515	-4.972518	7.661192	-8.935224
54	2	11	-7.482508	2.886935	0.890242	7.263520	7.252283	6.397022	4.066444	0.891319	-12.568293	6.373031	5.447413	2.205330	2.103029	0.647452	3.852904	5.968069	1.608989	6.553501	-0.699889	-13.460665	-9.000717	0.511188	6.312696	4.566955	9.412664	9.233686	10.665197	5.510551	7.120387	4.003866	4.326399
55	6	27	-11.151408	2.235438	-1.541159	6.199740	6.193704	7.073224	2.773336	2.660497	-6.304723	8.798352	6.628665	1.535723	7.045285	-5.309476	3.653700	6.554977	0.772679	-1.199222	3.479302	-6.922952	-0.644932	-1.823518	1.531187	4.394315	-6.186280	5.057815	1.869411	6.072626	7.721196	0.438150	0.701275
55	6	14	8.094894	8.368277	4.364460	1.842807	1.665416	3.833615	6.543125	7.320010	2.625127	-1.066238	0.471494	7.064905	4.521571	5.568480	0.485917	6.554977	3.394177	5.351953	-2.602244	-24.307514	-16.341174	6.104756	6.851138	8.313266	3.553868	10.965127	10.581477	6.083043	7.723115	0.438150	6.831522
55	6	47	-11.151408	2.235437	-1.541159	6.199740	6.193704	7.073224	2.773336	2.660497	-6.304723	8.798352	6.628665	1.535723	7.045285	5.568480	-1.491129	6.554977	3.394177	5.351953	-2.602244	-24.307514	-16.341174	6.104756	6.851138	8.313266	3.553867	10.965127	10.581477	6.083043	7.723115	0.438150	6.831522
55	6	7	8.094894	8.368277	4.364460	1.842807	1.665416	3.833615	6.543125	7.320010	2.625127	-1.066238	0.471494	7.064905	4.521571	-5.309476	5.630746	6.554977	0.772679	-1.199222	3.479302	-6.922952	-0.644932	-1.823518	1.531187	4.394315	-6.186280	5.057815	1.869411	6.072626	7.721196	0.438150	0.701275
55	6	3	8.094894	8.368277	4.364460	1.842807	1.665416	3.833615	6.543125	7.320010	2.625127	-1.066238	0.471494	7.064905	4.521571	-7.613417	5.630761	6.554977	0.772679	-1.199727	3.479302	4.126881	5.489223	-3.410620	-7.449943	-4.616579	-15.922308	-19.766279	-15.976598	-4.754792	-2.703252	6.223604	-7.770168
55	6	2	-11.151408	2.235438	-1.541159	6.199740	6.193704	7.073224	2.773336	2.660497	-6.304723	8.798352	6.628665	1.535723	7.045285	-7.613417	3.653715	6.554977	0.772679	-1.199727	3.479302	4.126881	5.489223	-3.410620	-7.449943	-4.616579	-15.922308	-19.766279	-15.976598	-4.754792	-2.703252	6.223604	-7.770168
56	2	64	-1.785508	-1.243136	0.738832	3.785863	3.196931	5.002897	6.329466	4.986984	3.129581	4.133096	1.047104	3.485942	5.054311	-11.051707	5.966797	8.423620	-0.644685	4.715615	6.145213	8.869031	6.662419	-4.861156	-9.981575	-11.376527	-10.514639	-12.835320	-25.552280	-4.463054	-4.672686	6.390174	-10.065071
56	2	36	-1.785508	-1.243136	0.738832	3.785863	3.196931	5.002897	6.329466	4.986984	3.129581	4.133096	1.047104	3.485942	5.054311	4.823496	0.596366	8.423620	5.574252	7.040223	-1.102094	-26.085002	-14.944497	6.490055	6.111598	6.054089	8.223236	9.129014	10.105923	7.310707	7.336520	2.817088	4.748657
57	2	91	-8.805141	0.080730	-0.511053	6.529927	2.668306	3.359245	1.224540	1.270617	-0.745530	4.419354	3.583651	1.595719	2.025718	-14.523276	0.523177	5.502505	-3.808314	1.905186	5.725681	12.026426	9.281866	-3.071344	-7.971550	-9.739766	-11.736596	-18.205228	-20.564890	-1.998657	-4.804339	8.285125	-4.419987
57	2	9	3.324034	4.887430	5.737444	2.522298	2.484549	3.357842	7.462506	6.792514	5.961719	-2.871299	-2.514905	7.819217	0.036716	-14.523276	5.587717	5.502505	-3.808314	1.905186	5.725681	12.026426	9.281866	-3.071344	-7.971550	-9.739766	-11.736596	-18.205228	-20.564890	-1.998657	-4.804339	8.285125	-4.419987
58	2	92	-1.343514	-6.080967	-3.864177	2.044291	6.704748	6.729678	3.340429	0.996617	-10.837394	3.572623	2.194412	3.606270	5.659519	4.342953	0.391695	6.963827	5.340491	4.530646	3.133004	-17.590790	-12.253904	9.332427	5.486745	1.481023	8.654660	6.521387	9.841722	2.133360	3.270915	6.467793	-1.283792
58	2	8	-1.343514	-6.080967	-3.864177	2.044291	6.704748	6.729678	3.340429	0.996617	-10.837394	3.572623	2.194412	3.606270	5.659519	-2.935562	6.468692	6.963827	2.620422	-2.065409	8.567675	10.295050	5.876572	1.182776	-9.236795	-8.358560	-13.680288	-23.086095	-23.861436	-9.853813	-9.495088	6.858249	-8.898745
59	2	73	-14.616655	0.353274	1.693408	7.044305	8.141631	8.372745	-0.029089	-0.897675	-12.669713	6.281154	7.426339	0.202240	4.398227	5.953181	-3.226189	6.762900	4.919378	8.061781	-1.438903	-14.282256	-15.364072	7.708277	6.348771	7.070392	9.532728	9.986432	10.392606	5.170433	6.187814	4.440928	5.541594
59	2	27	-14.616655	0.353274	1.693408	7.044305	8.141631	8.372745	-0.029089	-0.897675	-12.669713	6.281154	7.426339	0.202240	4.398227	-8.971421	1.302236	6.762900	0.417466	3.431727	6.716700	10.165214	7.411855	-3.137735	-6.410501	-8.651138	-15.200917	-22.145667	-18.613506	-3.577994	-5.301264	7.041114	-5.987367
60	3	94	6.239155	5.648991	5.467398	1.627375	-2.957542	0.131789	7.925420	7.600110	8.542469	-1.866137	0.580107	7.268557	1.039465	-14.940220	7.287674	6.926581	0.271246	-1.678961	6.245935	12.366743	8.307854	-3.119954	-11.077161	-12.051897	-15.120279	-23.139833	-17.578451	-2.229497	-8.065125	7.191800	-9.866863
60	3	5	-1.977481	1.685873	0.647186	6.413895	0.950961	0.131789	5.533001	0.991314	2.473714	6.284780	6.084164	2.808979	5.750769	-14.940220	1.458516	6.926581	0.271246	-1.678961	6.245935	12.366743	8.307854	-3.119954	-11.077161	-12.051897	-15.120279	-23.139833	-17.578451	-2.229497	-8.065125	7.191800	-9.866863
60	3	1	6.239155	5.648991	5.467398	1.627375	-2.957542	0.131789	7.925420	7.600110	8.542469	-1.866137	0.580107	7.268557	1.039465	5.633663	0.749763	6.926581	6.846957	4.239840	2.520151	-8.702370	-4.250238	6.218991	4.941618	5.428297	6.337085	7.457534	9.853582	7.670399	4.595929	4.777935	3.608909
61	2	46	10.323722	6.327660	6.690168	-4.015174	1.624984	-1.016043	6.811439	2.878282	3.213779	-5.944076	1.901152	7.561676	3.424895	7.382507	0.809853	6.779713	2.845660	6.415896	0.031277	-13.353549	-11.383146	0.526092	4.984531	3.354426	6.542476	9.010390	9.345951	7.121717	5.258287	0.814687	6.621220
61	2	54	10.323722	6.327660	6.690168	-4.015174	1.624984	-1.016043	6.811439	2.878282	3.213779	-5.944076	1.901152	7.561676	3.424895	2.216125	4.426960	6.779713	2.785660	6.186917	3.888783	3.103227	-1.320936	0.431298	-5.890838	-6.158734	-6.263019	-15.139249	-15.989438	-3.504613	-6.436067	6.578384	-4.979192
62	1	100	4.902512	7.484809	8.534896	-5.716771	-1.570134	3.617734	5.864118	5.507859	6.004140	-5.902401	0.144381	5.304085	5.600858	-13.225713	8.941063	3.415557	-8.623763	3.068161	6.558113	11.358084	9.685502	-7.838305	-8.783185	-8.659648	-14.032405	-17.559664	-20.847486	-6.142306	1.575613	2.640414	-6.037515
63	4	43	-0.100558	5.754332	5.316257	5.695330	3.886977	6.619961	3.426642	7.740179	2.205544	-2.210530	5.662002	6.647562	2.189706	-14.433590	5.984468	4.826780	-5.119753	-2.562050	7.940817	9.133959	3.991663	-4.699091	-6.017220	-6.538785	-12.226976	-21.038662	-21.303360	-2.290008	-2.376867	5.732442	-7.554589
63	4	9	-5.402723	1.893572	2.826396	5.695344	3.887002	6.619963	-0.280339	7.731610	1.171316	-2.204863	5.662013	3.595923	6.484583	7.402731	0.491939	4.826780	0.954261	2.795053	1.754657	-8.864685	-12.835976	4.505207	7.766261	8.423544	1.554787	9.602146	6.236778	6.965268	7.636358	-0.396347	6.176768
63	4	37	-0.100558	5.754332	5.316257	5.695330	3.886977	6.619961	3.426642	7.740179	2.205544	-2.210530	5.662002	6.647562	2.189706	7.402731	0.491969	4.826780	0.954261	2.795053	1.754657	-8.864685	-12.835976	4.505207	7.766261	8.423544	1.554787	9.602146	6.236778	6.965268	7.636358	-0.396347	6.176768
63	4	11	-5.402723	1.893572	2.826396	5.695344	3.887002	6.619963	-0.280339	7.731610	1.171316	-2.204863	5.662013	3.595923	6.484583	-14.433590	5.984439	4.826780	-5.119753	-2.562050	7.940817	9.133959	3.991663	-4.699091	-6.017220	-6.538786	-12.226976	-21.038662	-21.303360	-2.290008	-2.376867	5.732442	-7.554589
64	4	80	-16.653705	0.511762	-0.886129	6.576815	6.780229	5.845990	-0.603182	2.953387	-13.025483	5.899797	6.372443	4.581809	3.158098	-13.802918	4.011449	8.739225	-5.096866	-1.417114	6.148249	9.995796	7.385606	0.736385	-7.189206	-5.013389	-17.027705	-21.088258	-17.000679	-6.255521	-6.343110	6.627274	-9.791483
64	4	7	3.268297	6.278319	3.004650	2.667752	1.984053	0.851874	5.342594	7.974354	-1.029852	-2.704630	0.873878	6.743290	1.455434	-13.802918	7.008495	8.739225	-5.096866	-1.417114	6.148249	9.995796	7.385606	0.736385	-7.189206	-5.013389	-17.027705	-21.088258	-17.000679	-6.255521	-6.343110	6.627274	-9.790069
64	4	10	-16.653705	0.511762	-0.886129	6.576815	6.780229	5.845990	-0.603182	2.953387	-13.025483	5.899797	6.372443	4.581809	3.158098	2.170767	-1.183294	8.739225	1.460230	4.832890	-1.048588	-13.844247	-12.076223	5.774924	7.112304	6.202319	1.012838	6.576878	8.155628	5.377986	6.778573	0.181258	4.846165
64	4	3	3.268297	6.278319	3.004650	2.667752	1.984053	0.851874	5.342594	7.974354	-1.029852	-2.704630	0.873878	6.743290	1.455434	2.170767	1.813752	8.739225	1.460230	4.832890	-1.048588	-13.844247	-12.076223	5.774924	7.112304	6.202319	1.012838	6.576878	8.155628	5.377986	6.778573	0.181258	4.846165
65	2	58	6.237658	6.445282	6.018225	2.519809	3.700299	6.048405	4.546125	2.326055	4.663177	4.953003	2.575234	8.350914	2.987964	-8.501583	5.095281	7.333009	2.621260	1.234626	3.944487	10.469717	7.044694	-4.452362	-7.784122	-10.178090	-10.240894	-19.718447	-25.774171	-3.850743	-7.279810	6.107581	-8.196431
65	2	42	6.237658	6.445282	6.018225	2.519809	3.700299	6.048405	4.546125	2.326055	4.663177	4.953003	2.575234	8.350914	2.987964	5.098329	0.374863	7.333009	6.867227	7.774230	-7.616149	-22.113577	-8.799363	5.200678	6.743523	5.835868	8.488482	9.849446	9.960738	4.075133	4.801689	4.296823	4.071476
66	2	74	-2.703388	0.980568	-0.272875	6.326657	0.640370	-0.440531	-0.374502	0.800964	-6.202512	6.472556	1.718734	1.123574	6.029332	-12.176463	4.544747	9.449914	-2.753763	0.442763	4.934101	9.467116	7.293525	-3.699919	-10.643788	-11.275091	-16.217670	-9.882942	-19.715988	-0.805176	-6.304779	8.742516	-3.697709
66	2	26	-2.703388	0.980568	-0.272875	6.326657	0.640370	-0.440531	-0.374502	0.800964	-6.202512	6.472556	1.718734	1.123574	6.029332	2.568391	-1.668743	9.449914	3.055657	5.611582	-3.946456	-24.436682	-15.570720	5.919984	5.341624	6.578431	3.516671	9.132570	11.720114	8.031781	5.251624	3.445151	8.188137
67	3	70	-8.657113	-1.477736	1.240816	6.136715	5.402294	6.136306	-0.055621	0.456927	-4.528804	6.837978	4.640544	2.735887	6.232770	-16.853224	0.709629	2.235641	-3.208949	2.365345	3.551259	8.492209	6.006705	-5.775168	-3.558415	-5.337499	-18.294816	-13.892920	-17.573620	-4.381802	-5.044725	5.753288	-5.787367
67	3	24	3.971336	5.021190	2.128970	-0.388471	1.667410	0.621498	6.316767	6.872730	4.505638	-1.604307	0.148128	8.841492	0.127837	-16.853224	6.719156	2.235641	-3.208949	2.365345	3.551259	8.492209	6.006705	-5.775168	-3.558415	-5.337499	-18.294816	-13.892920	-17.573620	-4.381802	-5.044725	5.753288	-5.787367
67	3	6	-8.657113	-1.477736	1.240816	6.136715	5.402294	6.136306	-0.055621	0.456927	-4.528806	6.837978	4.640544	2.735887	6.232770	2.512412	-2.618831	2.235641	3.227754	8.200183	-3.301047	-22.189222	-10.806532	5.386479	7.777349	7.366611	8.030560	10.989704	11.525806	7.281330	6.797393	1.307214	6.090445
68	3	12	-8.390759	2.382664	1.788002	7.747870	4.860139	4.981090	3.843986	-0.403215	0.852437	6.243946	7.625506	0.534175	4.589066	-9.797120	0.829707	7.475591	-3.852980	2.158332	7.449695	11.272304	5.343052	-0.094747	-9.488661	-7.512284	-18.205220	-20.556819	-23.199871	-6.001886	-3.479333	3.709465	-9.905634
68	3	82	9.907371	8.343456	6.552064	2.488386	2.801913	1.897314	6.479183	6.184790	6.472980	-3.748783	2.318051	6.860043	2.821265	-9.797120	5.606236	7.475591	-3.852980	2.158332	7.449695	11.272304	5.343052	-0.094747	-9.488661	-7.512284	-18.205220	-20.556819	-23.199871	-6.001886	-3.479333	3.709465	-9.905634
68	3	6	9.907371	8.343456	6.552064	2.488386	2.801913	1.897314	6.479183	6.184790	6.472980	-3.748783	2.318051	6.860043	2.821265	2.506068	0.364313	7.475591	2.712770	7.213692	-0.167077	-9.307796	-8.854677	6.094650	5.509716	7.556722	6.151570	4.440170	6.844321	6.079345	6.813267	1.027316	6.308084
69	1	100	9.366241	8.779979	4.914833	0.658156	2.956883	6.004290	6.092397	6.945946	4.472744	-6.481124	4.126641	7.471500	3.167676	-14.338245	6.190764	5.649739	-1.663396	4.202889	5.790649	9.131098	6.923185	-2.111724	-9.192104	-12.911669	-14.548012	-22.429038	-21.762733	-7.888302	-9.329221	7.754177	-13.528782
70	4	72	-8.773192	-0.827757	-1.746689	8.642231	7.164727	6.863576	0.308792	4.493755	-15.102362	8.128352	6.934721	1.636940	4.069263	7.061790	-4.438011	6.937301	3.708773	5.217350	-2.324998	-21.148380	-14.052140	5.636195	4.693782	6.995721	10.038301	9.202433	9.002954	6.755605	5.206786	-2.235992	8.801770
70	4	16	-8.771997	-0.827757	-1.746689	8.642231	7.164727	6.863576	0.308792	4.493755	-15.101852	8.128352	6.934721	1.636940	4.069263	-10.534322	1.124451	6.937301	-0.520578	-1.047015	4.707734	8.920392	8.163128	-2.574074	-8.549507	-8.434234	-12.710285	-22.982514	-20.992180	-4.043922	-4.860238	3.331290	-1.325174
70	4	3	6.405334	5.317239	3.123359	4.175153	2.009474	1.272468	6.233808	7.655973	4.734595	-1.623611	3.464654	5.365452	2.426155	-10.534322	7.078294	6.937301	-0.520578	-1.047015	4.707734	8.920392	8.163128	-2.574074	-8.551081	-8.434234	-12.710285	-22.982792	-20.992383	-4.043922	-4.860238	3.331290	-1.325174
70	4	9	6.405334	5.317239	3.123359	4.175153	2.009474	1.272468	6.233808	7.655973	4.734595	-1.623611	3.464654	5.365452	2.426155	7.061790	1.515832	6.937301	3.708773	5.217350	-2.324998	-21.148380	-14.052140	5.636195	4.693782	6.995721	10.038301	9.202433	9.002954	6.755605	5.206786	-2.235992	8.801770
71	2	47	-12.817327	-0.358843	0.873528	8.658026	7.152945	8.024353	-0.162940	-1.059642	-10.473215	7.724807	6.150125	1.148083	5.515226	-9.035955	0.890653	6.517063	1.417973	2.334526	6.777886	10.589613	8.669543	1.297002	-10.083716	-11.909070	-16.016297	-26.600818	-20.595970	0.484229	-4.315558	5.181879	-5.133116
71	2	53	-12.817327	-0.358843	0.873528	8.658026	7.152945	8.024353	-0.162940	-1.059642	-10.473215	7.724807	6.150125	1.148083	5.515226	8.733492	-5.065677	6.517063	7.384017	7.384713	-3.282997	-16.272918	-11.594123	6.640808	3.826334	5.363816	8.177909	6.436765	9.839454	8.948646	6.848491	-1.232244	6.104034
72	2	42	-6.729864	1.420919	1.396362	9.400562	3.613406	2.901093	-0.129502	0.479381	-6.292297	7.906629	6.771725	-2.326687	8.270407	-15.024524	1.404247	4.383150	-3.688840	-0.625420	6.480845	7.265846	5.482628	-0.014976	-10.428174	-13.860633	-11.268103	-25.426117	-22.104752	-4.382551	-5.576695	6.262240	-12.932953
72	2	58	2.537256	7.108454	6.127295	9.392048	3.613405	2.901092	5.401858	6.388710	0.030868	4.731223	6.771709	3.859960	8.263578	-15.024524	1.409434	4.383150	-3.688840	-0.625420	6.480845	7.265846	5.482628	-0.014976	-10.428174	-13.860633	-11.268103	-25.426117	-16.762129	-4.382551	-5.576695	6.262240	-12.932953
73	2	98	8.635707	9.009201	7.194428	0.566621	-0.885548	0.500715	7.859929	6.150991	3.194037	-3.918408	0.745992	6.061929	5.513333	-16.480721	5.607918	5.659763	-4.386842	5.491849	6.932529	10.727292	6.407069	-0.228399	-6.819852	-11.095715	-12.703049	-15.571638	-16.796259	-3.527704	-1.668711	8.566781	-12.941780
73	2	2	8.635707	9.009201	7.194428	0.566621	-0.885548	0.500715	7.859929	6.150991	3.194037	-3.918408	0.745992	6.061929	5.513333	2.075127	1.473097	5.659763	0.141616	6.970903	2.201966	-6.018609	-8.070297	4.279595	7.387987	6.316234	1.829819	8.954069	9.463257	6.875814	2.557190	2.469755	5.503274
74	2	88	-11.640551	0.285842	1.658265	7.883368	9.056664	9.728425	0.738117	2.228787	-8.356840	7.806232	7.484755	1.838012	8.808032	-17.425023	-0.815959	4.637771	-2.790492	3.373427	8.692822	9.411385	7.125107	-5.815104	-9.096423	-13.170425	-19.524709	-18.169228	-20.289357	-3.157782	-5.703370	7.744084	-8.228136
74	2	12	-11.640551	0.285842	1.658265	7.883368	9.056664	9.728425	0.738117	2.228787	-8.356840	7.806232	7.484755	1.838012	8.808032	6.500003	-2.986503	4.637771	3.722124	7.078172	-2.738811	-18.639520	-14.678127	4.395054	7.097705	5.151983	6.625900	11.848860	9.301259	6.771252	5.220105	1.456212	5.214092
75	2	68	4.845183	5.568277	5.328830	2.294076	2.425109	-2.236066	9.160112	4.797528	6.695150	0.195905	-0.990127	6.876297	8.525553	-14.016286	6.419367	7.136444	-0.205416	1.716061	6.871797	7.825672	6.000548	-5.603818	-9.108036	-11.268293	-12.479648	-19.381070	-27.396611	-4.440091	-5.807715	6.446791	-2.733294
75	2	32	4.845183	5.568277	5.328830	2.294076	2.425109	-2.236066	9.160112	4.797528	6.695150	0.195905	-0.990127	6.876297	8.525553	5.203161	1.992151	7.136444	5.854614	8.218889	-2.014577	-21.589296	-11.480713	5.271247	7.100913	4.643165	10.254486	10.660815	9.330217	5.670719	4.024363	4.973800	6.551681
76	2	69	6.642140	7.129342	8.424623	1.026756	-0.271336	3.680791	4.252573	7.893212	5.516325	-1.943852	-1.303401	5.753218	4.960563	-9.230381	6.454275	5.316297	-0.769040	0.600044	8.003984	7.698948	8.423896	-4.262438	-6.245830	-8.022022	-9.707624	-26.286256	-19.619177	-0.068766	-2.280830	6.260053	-5.306720
76	2	31	6.642140	7.129342	8.424623	1.026756	-0.271336	3.680791	4.252573	7.893212	5.516325	-1.943852	-1.303401	5.753218	4.960563	5.021824	0.927050	5.316297	5.197417	6.375493	-1.704559	-17.291883	-15.191630	7.221200	8.325886	5.529861	8.979389	10.795694	11.395810	7.867592	7.278254	1.607453	6.459300
77	3	49	-4.710054	3.279623	-1.853356	8.519780	6.116470	6.723745	0.469950	-0.850723	-12.239411	6.494982	3.559322	-0.369503	4.996368	-15.585045	3.085180	6.938993	0.288188	-1.343757	6.608079	9.786046	7.330000	-1.223778	-7.185138	-11.526897	-14.751641	-16.420614	-23.478934	-6.060875	-3.408600	7.116433	-11.856317
77	3	47	9.298620	7.261871	4.512811	1.979963	1.341719	1.921071	5.204738	4.746123	7.012981	-1.076115	-1.199627	5.858150	3.755909	-15.585045	5.357168	6.938993	0.288188	-1.343757	6.608079	9.786046	7.330000	-1.223778	-7.185138	-11.526897	-14.751641	-16.420614	-23.478934	-6.060875	-3.408600	7.116433	-11.856317
77	3	4	9.298620	7.261871	4.512811	1.979963	1.341719	1.921071	5.204738	4.746123	7.012981	-1.076115	-1.199627	5.858150	3.755909	6.497665	-0.533203	6.938993	6.554293	5.149070	2.098967	-12.288592	-3.695032	7.657220	0.977366	2.963138	8.641198	6.516951	10.896385	6.585969	6.926869	1.775454	4.398676
78	2	60	6.166068	6.274966	7.342719	-2.053889	7.211603	6.003842	7.791320	6.179359	1.209453	1.136118	1.393619	6.962045	3.881999	-8.568916	3.653200	5.126508	3.696044	1.369829	3.281987	12.183569	7.301231	1.706580	-1.672292	-7.916915	-13.138453	-11.065882	-20.993811	0.185348	-4.362700	4.878869	-8.747379
78	2	40	6.166068	6.274966	7.342719	-2.053889	7.211603	6.003842	7.791320	6.179359	1.209453	1.136118	1.393619	6.962045	3.881999	5.627057	-0.535412	5.126508	7.067030	7.152342	-6.146798	-14.106160	-16.426849	6.794579	6.513690	6.145347	10.617028	7.381467	10.799371	6.835342	6.065929	-0.853401	4.997997
79	4	6	-9.923023	-0.537208	4.805226	7.287068	5.551181	3.932895	1.173031	1.346773	6.852219	6.640547	6.626098	0.828794	6.580647	0.962575	-0.396192	6.572429	0.161367	7.306042	-3.628970	-14.496629	-7.856735	0.770479	5.522846	7.277391	-1.214835	5.508220	7.709563	5.785989	6.986626	-0.310064	5.220634
79	4	11	9.503137	5.427335	6.623385	0.904211	0.536538	-1.308438	6.778801	7.257011	9.162901	-3.660705	0.423031	7.041926	3.857578	0.962575	5.754812	6.572429	0.161367	7.306042	-3.628970	-14.496629	-7.856735	0.770479	5.522846	7.277391	-1.214835	5.508220	7.709563	5.785989	6.986626	-0.310064	5.220634
79	4	28	-9.923023	-0.537208	4.805226	7.287068	5.551181	3.932895	1.173031	1.346773	6.852219	6.640547	6.626098	0.828794	6.580647	-17.408366	0.526777	6.572429	-3.683493	0.753320	5.481578	9.145710	4.213853	-3.926331	-11.392039	-3.753020	-24.209730	-19.838958	-17.431711	-5.084722	-3.641222	5.153497	-6.482702
79	4	55	9.503137	5.427335	6.623385	0.904211	0.536538	-1.308438	6.778801	7.257011	9.162901	-3.660705	0.423031	7.041926	3.857578	-17.408366	6.677781	6.572429	-3.683493	0.753320	5.481578	9.145710	4.213853	-3.926331	-11.392039	-3.753020	-24.209730	-19.838958	-17.431711	-5.084722	-3.641225	5.153497	-6.482702
80	2	39	8.832050	7.345886	5.426475	1.166458	0.113185	1.809141	4.866933	6.415681	6.761853	-3.351430	0.414254	7.200806	1.567710	-16.542414	5.018573	2.902848	-6.228402	1.505559	4.306119	7.400089	7.625930	-4.476542	-3.251687	-6.766224	-11.514936	-14.872103	-24.694169	-3.273207	-3.110009	7.745165	-8.309290
80	2	61	-9.935998	0.752213	-0.542904	6.687508	5.934205	6.228744	-1.383248	3.990250	-6.911732	6.850108	6.026813	1.245019	7.413246	-16.542414	2.556452	2.902848	-6.228402	1.505559	4.306119	7.400089	7.625930	-4.476542	-3.251690	-6.766224	-11.514936	-14.872103	-24.694169	-3.273207	-3.110009	7.745165	-8.308559
81	1	100	7.752302	5.814699	6.147693	-0.773934	2.028861	4.423274	5.827171	7.504042	-1.726471	-4.460703	0.439978	8.302279	4.098618	7.319604	1.592127	6.099058	6.365941	5.505586	-3.872776	-21.286541	-13.967214	7.003856	6.546921	6.734171	8.342353	8.805902	11.942308	1.283501	6.063491	0.281411	6.021200
82	3	69	-11.998168	-2.237443	-0.105839	5.805851	6.850563	7.462516	-0.311798	0.929532	-14.580734	4.981204	8.538223	-1.212392	6.799329	7.857726	-2.210035	6.931749	6.438672	7.140606	-5.630221	-21.953859	-14.250557	6.273976	7.168000	8.244085	10.595530	9.263803	12.388712	6.370434	6.617936	0.286729	3.557051
82	3	20	3.477985	4.267493	4.051249	1.942016	1.576053	1.264528	6.247914	4.722328	-0.959653	0.909306	4.045110	5.075136	6.639068	7.857726	0.137387	6.931749	6.438672	7.140606	-5.630221	-21.953859	-14.250557	6.273976	7.168000	8.244085	10.595530	9.263803	12.388712	6.370434	6.617936	0.286729	3.557051
82	3	11	-11.998168	-2.237443	-0.105839	5.805851	6.850563	7.462516	-0.311798	0.929532	-14.580734	4.981204	8.538223	-1.212392	6.799329	-6.985323	4.343481	6.931749	2.073559	1.179988	4.628373	10.257355	6.818528	-3.304575	-5.452510	-7.288689	-9.805118	-11.539311	-18.808651	-3.067032	-4.804518	5.698058	-11.005188
83	3	79	11.198052	7.019805	5.399399	1.651263	3.194689	4.734277	6.487177	7.765849	2.609103	-0.825483	1.096658	6.458997	6.240048	-8.068774	4.421989	5.254127	1.089395	0.785590	6.868272	11.929070	7.917564	-5.856703	-13.988313	-8.710022	-13.986371	-13.169701	-30.275291	-2.543389	-3.509087	8.500614	-11.390669
83	3	20	-10.269311	0.824604	-1.093434	6.517696	6.343734	8.500102	0.506943	2.154081	-6.677907	7.228421	6.254865	2.889056	7.288788	-8.068774	0.826913	5.254127	1.089395	0.785590	6.868272	11.929070	7.917564	-5.856703	-13.988313	-8.710022	-13.986371	-13.169702	-30.275291	-2.543389	-3.509088	8.500614	-11.390669
83	3	1	11.198052	7.019805	5.399399	1.651263	3.194689	4.734277	6.487177	7.765849	2.609102	-0.825484	1.096663	6.458997	6.240048	1.677512	-1.446970	5.254127	5.301089	7.273447	-3.197744	-16.317140	-7.566516	6.630289	3.404110	6.007225	9.554265	11.351224	7.832602	8.237264	6.401121	4.835304	4.124709
84	6	28	6.438210	7.575152	5.977080	1.921266	3.088970	0.507370	5.754102	5.285698	0.428654	0.627903	3.765169	8.931568	0.597093	-14.191683	4.126474	6.944318	1.839882	1.254779	6.488307	7.445256	6.026742	-5.121692	-9.057183	-9.540406	-8.281580	-19.838470	-20.782626	-1.106713	-4.532732	7.879565	-11.665334
84	6	9	1.427260	6.853852	5.825027	7.044888	4.600160	1.615958	5.753248	3.439677	-4.885410	7.224239	6.693847	8.475192	0.597572	-14.191683	1.354824	6.944318	1.839882	1.254779	6.488307	7.445256	6.026742	-5.121692	-9.057183	-9.540406	-8.281650	-19.838470	-20.782626	-1.106713	-4.532732	7.879565	-11.665334
84	6	3	1.427260	6.853852	5.825027	7.044888	4.600160	1.615958	5.753248	3.439677	-4.885410	7.224239	6.693847	8.475192	0.597572	6.183220	-4.025304	6.944318	8.430141	7.681193	-4.625784	-16.206237	-8.803474	4.682869	7.078009	7.856139	11.716793	9.793460	10.231061	6.806824	6.867929	2.702087	5.722635
84	6	53	-9.520691	1.276150	-0.041339	7.049445	4.600207	1.616085	0.174379	1.293819	-9.232195	7.582067	6.694003	2.358199	6.251129	-14.191683	1.352526	6.944318	1.839882	1.254779	6.488307	7.445256	6.026742	-5.121692	-9.057183	-9.540406	-8.281660	-19.838470	-20.782626	-1.106713	-4.532732	7.879565	-11.665334
84	6	3	-9.520691	1.276150	-0.041339	7.049445	4.600207	1.616085	0.174379	1.293819	-9.232195	7.582067	6.694003	2.358196	6.251129	6.183220	-4.027602	6.944318	8.430141	7.681193	-4.625784	-16.206237	-8.803474	4.682869	7.078009	7.856139	11.716793	9.793460	10.231061	6.806824	6.867929	2.702087	5.722635
84	6	4	6.438210	7.575152	5.977080	1.921266	3.088970	0.507370	5.754102	5.285698	0.428654	0.627903	3.765169	8.931568	0.597093	6.183220	-1.253654	6.944318	8.430141	7.681193	-4.625784	-16.206237	-8.803474	4.682869	7.078009	7.856139	11.716793	9.793460	10.231061	6.806824	6.867929	2.702087	5.722635
85	2	84	-14.453345	1.702427	0.330239	5.997882	5.778721	6.760093	1.859986	2.772148	-6.883454	6.643242	9.243495	-0.448456	3.939638	8.273271	3.944348	6.925965	6.922480	7.026724	1.080750	-20.970051	-9.215348	5.571702	6.496600	6.283517	11.529471	8.633447	9.525088	7.770377	7.875456	-1.066676	6.642917
85	2	16	-14.453345	1.702427	0.330239	5.997882	5.778721	6.760093	1.859986	2.772148	-6.883454	6.643242	9.243495	-0.448456	3.939638	-10.714786	6.641229	6.925965	1.383937	3.643234	7.700678	9.981666	6.881013	-6.845897	-9.819905	-11.675017	-6.456717	-21.744421	-24.480332	-4.881711	-1.424421	5.168986	-3.751090
86	2	26	4.618941	6.716333	6.185958	-1.271073	7.296590	7.611826	5.933795	7.221828	-1.955463	-1.808742	-2.347822	6.008592	6.079552	4.186109	2.612829	6.277669	6.637651	5.937635	-1.160177	-26.823245	-15.756945	6.633791	6.831290	6.207327	11.283767	11.201837	9.645936	6.365411	4.936328	1.498577	6.408089
86	2	74	4.618941	6.716333	6.185958	-1.271073	7.296590	7.611826	5.933795	7.221828	-1.955463	-1.808742	-2.347822	6.008592	6.079552	-13.424564	7.791695	6.277669	1.661214	-0.040104	6.779326	8.892427	7.180783	-1.194243	-8.412712	-9.402637	-12.559461	-19.696431	-23.464164	-6.159729	-6.535722	5.841085	-10.768559
87	2	71	8.233312	7.631615	7.892605	0.665144	0.600604	0.441585	7.091483	7.099450	7.707265	-2.019685	3.758915	8.413553	2.372080	-11.249284	7.956447	6.078974	0.336264	-1.145720	8.288833	11.667659	5.962853	-3.122635	-7.256273	-7.139368	-17.497219	-19.869186	-19.593021	-2.980663	-0.319186	2.963984	-5.023382
87	2	29	8.233312	7.631615	7.892605	0.665144	0.600604	0.441585	7.091483	7.099450	7.707265	-2.019685	3.758915	8.413553	2.372080	5.911101	2.142506	6.078974	3.347680	4.393865	5.586007	-8.074076	-6.876727	5.565288	5.076163	0.508020	3.500273	4.803039	7.056427	5.203103	8.236933	-3.167571	6.988848
88	3	53	-3.505122	-2.433647	-1.064290	1.739224	-3.391413	-0.846857	0.210214	1.793592	1.700480	5.300606	-0.146516	1.784955	5.549554	-12.310750	6.102987	5.654395	1.525734	1.686039	6.409883	9.629550	5.578445	-6.216459	-9.806656	-11.457240	-8.829477	-20.069877	-21.282785	-7.562647	-4.379094	6.712809	-9.788803
88	3	44	-3.505122	-2.433647	-1.064290	1.739224	-3.391413	-0.846857	0.210214	1.793592	1.700480	5.300606	-0.146516	1.784955	5.549554	6.473576	1.312119	5.654395	6.351050	7.656336	-1.043367	-24.100900	-14.135146	5.972645	7.879336	5.044522	11.519502	12.273040	9.149956	4.505906	7.715783	2.034556	6.841584
88	3	3	-3.505122	-2.433647	-1.064290	1.739224	-3.391413	-0.846857	0.210214	1.793592	1.700480	5.300606	-0.146516	1.784955	5.549554	-0.699432	5.234419	5.654395	5.678029	5.816719	3.581358	9.068519	4.704764	1.514649	-6.552732	-10.817432	0.271702	-15.513008	-15.694647	-7.562647	-4.379094	6.712809	-4.770400
89	3	80	6.861104	5.406658	2.097993	2.352314	-0.850841	1.586136	7.026102	5.079845	1.252670	-5.596678	0.236322	6.662539	5.165387	-13.438947	4.964587	8.491449	2.172653	-0.724444	6.851712	10.857513	8.369763	-1.948987	-8.355556	-13.983649	-12.315922	-21.033888	-23.271091	-3.320015	-1.810252	7.686870	-16.194202
89	3	19	-2.155877	2.511245	-0.029372	7.500091	2.856746	1.837372	0.444127	-0.431332	-2.345755	6.340606	5.515623	1.214142	7.227544	-13.438947	-0.721408	8.491449	2.172653	-0.724444	6.851712	10.857513	8.369763	-1.948987	-8.355556	-13.983649	-12.315922	-21.050349	-23.271091	-3.320015	-1.810252	7.686870	-16.194202
89	3	1	6.861104	5.406658	2.097993	2.352314	-0.850841	1.586136	7.026102	5.079845	1.252670	-5.596678	0.236322	6.662539	5.165387	2.710478	-0.300729	8.491449	7.702683	5.598365	-2.544078	-17.590182	-14.351324	7.142992	6.792779	4.195331	10.529228	10.816025	9.819630	5.299604	7.745599	1.966234	0.635860
90	2	96	4.438007	3.679045	3.626506	0.719465	-1.456650	1.995664	6.625461	6.014649	2.619398	-1.379568	0.793342	7.199968	2.830160	-17.414835	5.295734	6.385207	-4.707932	-2.519989	6.110674	10.851043	5.375695	-6.277134	-3.739317	-10.520492	-13.962404	-21.669973	-16.401500	-5.504642	-3.409781	2.312828	-3.858627
90	2	4	-1.813791	1.373276	2.658501	6.470440	4.863668	4.150768	0.819085	1.486807	-9.836046	6.871292	7.338393	5.164090	6.642516	-17.414835	2.421357	6.385207	-4.707932	-2.519989	6.110674	10.851043	5.375695	-6.277134	-3.739317	-10.520492	-13.962404	-21.664954	-16.401500	-5.504642	-3.409781	2.312828	-3.858627
91	2	63	6.067012	6.373265	4.938247	0.343000	1.353861	0.727115	6.469811	4.805692	5.328569	-2.985043	-2.389972	6.933234	1.355142	6.681485	5.319842	7.527517	7.036302	8.419746	-0.905461	-20.613257	-14.682473	7.534335	8.163611	6.848260	8.581427	10.866696	5.802371	6.352981	7.027607	5.430448	4.703933
91	2	37	6.067012	6.373265	4.938247	0.343000	1.353861	0.727115	6.469811	4.805692	5.328569	-2.985043	-2.389972	6.933234	1.355142	-6.548895	7.975385	7.527517	4.645748	1.877544	8.718653	10.233984	6.286581	1.091109	-7.083988	-8.695751	-13.801367	-24.452606	-22.468420	-5.814291	-2.115282	8.305979	-6.141171
92	4	70	-2.065630	-0.428338	-3.321675	3.408352	1.630970	1.736537	4.603207	4.491374	1.758895	0.816724	-0.383849	-2.319178	4.781884	-13.623323	8.492004	3.213572	-5.731051	-1.429176	5.955089	10.048872	5.369358	-4.805826	-6.452114	-6.799965	-19.373794	-21.220234	-15.893258	-4.443045	-3.713996	8.137888	-8.218860
92	4	17	3.045871	5.403369	0.287889	1.488301	1.630969	1.736537	5.339693	6.575340	5.349159	-3.283311	-0.421854	3.870840	4.764108	-13.623323	8.492051	3.213572	-5.731051	-1.429176	5.955089	10.048872	5.369358	-4.805826	-6.452114	-6.799965	-19.373794	-21.220234	-15.893258	-4.443045	-3.713996	8.137888	-8.218860
92	4	11	-2.065630	-0.428338	-3.321675	3.408352	1.630970	1.736537	4.603207	4.491374	1.758895	0.816724	-0.383849	-2.319178	4.781884	0.499653	4.330694	3.213572	0.050260	5.100222	4.695373	-6.143912	-1.947533	-0.451413	5.686462	5.348450	-6.785484	1.432462	3.085064	6.205411	6.938509	1.601766	7.348930
92	4	2	3.045871	5.403369	0.287889	1.488301	1.630969	1.736537	5.339693	6.575340	5.349159	-3.283311	-0.421854	3.870840	4.764108	0.499653	4.330741	3.213572	0.050260	5.100222	4.695373	-6.143912	-1.947533	-0.451413	5.686462	5.348450	-6.785484	1.432462	3.085064	6.205411	6.938509	1.601766	7.348930
93	3	53	-6.319229	0.097682	0.550820	6.316646	5.362126	3.342762	3.836086	3.045856	-1.647077	5.226505	7.100433	3.281406	4.532359	-12.851450	4.777134	8.231955	1.899599	-0.549141	5.295902	9.884142	4.672846	-1.363339	-12.152828	-5.774265	-21.280127	-18.044834	-23.892868	-4.198799	-1.201126	6.196164	-8.519511
93	3	23	-0.165761	0.120513	0.550820	0.130150	1.252282	2.057182	5.363885	8.039865	1.678169	-0.117447	3.706183	4.847378	2.437704	-12.851449	6.567797	8.231955	1.899599	-0.549141	5.295902	9.884142	4.672846	-1.363339	-12.152828	-5.774262	-21.280127	-18.044834	-23.892867	-4.198799	-1.201126	6.196164	-8.519511
93	3	24	5.778826	5.726976	5.120979	0.105580	1.252282	2.057182	6.563254	8.070636	6.067598	-5.698101	3.706183	6.858033	2.364774	-12.851450	6.567797	8.231955	1.899599	-0.549141	5.295902	9.884142	4.672846	-1.363339	-12.152828	-5.774280	-21.280127	-18.044834	-23.892869	-4.198799	-1.201126	6.196164	-8.519511
94	2	38	8.500175	8.851296	7.414219	4.581497	1.149137	-0.501480	8.549042	5.218973	4.173709	3.440933	4.554696	8.361354	3.196818	-9.318221	8.340696	8.453464	3.450650	1.825426	5.661001	9.201647	7.700223	-5.083011	-12.206019	-6.321828	-12.407509	-21.907383	-23.828880	-6.577475	-2.837666	6.167505	-9.442429
94	2	62	8.500175	8.851296	7.414219	4.581497	1.149137	-0.501480	8.549042	5.218973	4.173709	3.440933	4.554696	8.361354	3.196818	7.893663	2.670689	8.453464	6.234745	7.997826	-6.722268	-17.832362	-15.463768	3.370236	4.030067	5.078690	10.659381	9.034995	9.801336	5.993300	6.577749	1.620560	6.982236
95	2	51	-13.584572	1.395733	-2.212431	6.504468	8.750171	6.757176	2.200203	0.054691	-10.530956	9.415844	7.495752	-0.715351	7.297421	-7.228053	2.427473	9.096761	4.022538	1.535891	4.146599	9.649466	6.333458	0.954166	-7.514592	-6.580149	-11.906431	-22.397482	-15.770791	-3.250912	-7.152328	8.199164	-10.781764
95	2	49	-13.584572	1.395733	-2.212431	6.504468	8.750171	6.757176	2.200203	0.054691	-10.530956	9.415844	7.495752	-0.715351	7.297421	5.059990	-3.632821	9.096761	8.158032	6.754037	-8.882689	-14.275236	-12.428762	5.579080	6.772110	8.657119	8.583287	9.346518	11.023970	7.596368	5.253713	5.000205	4.220892
96	2	45	4.454563	6.256010	6.703132	4.113281	5.862483	6.688775	4.569520	6.473219	-0.772278	-0.783150	4.373728	5.798351	2.065303	-17.176963	5.823833	5.873652	-1.378874	1.855687	6.602185	13.042449	3.290084	-5.787538	-5.518594	-9.427934	-14.415664	-18.895875	-19.837828	-3.734373	-4.445305	5.279874	-1.616817
96	2	55	-7.808899	-0.337098	2.363935	7.275129	5.862794	6.688923	-1.062433	0.803388	-3.134630	5.625136	6.382120	-0.268683	6.701705	-17.176963	1.351015	5.873652	-1.378874	1.855687	6.602185	13.042449	3.290084	-5.787538	-5.518594	-9.427934	-14.415664	-18.895875	-19.837828	-3.734373	-4.445305	5.279874	-1.616817
97	2	77	5.991138	7.132402	7.707360	1.126113	0.474878	0.766941	6.075669	8.002621	5.922203	-3.669090	4.428614	5.602114	3.783214	-12.993736	5.805073	7.162050	0.346335	1.363872	1.939384	9.071404	5.067554	-5.696943	-7.384941	-3.377463	-9.906977	-19.745511	-10.075437	-3.542160	-3.010915	7.811555	-8.299196
97	2	23	5.991138	7.132402	7.707360	1.126113	0.474877	0.766941	6.075669	8.002621	5.922203	-3.669090	4.428613	5.602114	3.783214	5.579106	0.522777	7.162050	6.787343	6.278285	-2.645449	-16.826529	-14.388261	6.338650	6.827826	6.693293	7.666970	7.681351	12.599768	7.062797	7.006046	2.297868	7.227213
98	4	31	5.763289	8.621721	5.095470	4.800921	4.080970	4.758437	7.601470	7.995052	2.979377	-2.844829	4.220532	8.784968	2.870778	-16.361461	6.047569	3.979223	0.060252	-0.790482	3.223978	10.652427	8.916156	-1.581523	-7.719657	-8.621853	-14.970160	-13.476845	-18.632180	-1.909683	-5.099894	5.772347	-5.660994
98	4	61	-9.421793	2.403869	-0.846531	7.348377	7.874347	7.199879	2.978845	3.751713	-12.703802	3.872731	6.897644	2.180019	6.177203	-16.361461	5.005534	3.979223	0.060252	-0.790482	3.223978	10.652427	8.916156	-1.581523	-7.719657	-8.621853	-14.970160	-13.476845	-18.632180	-1.909683	-5.099894	5.772347	-5.660994
98	4	4	5.763289	8.621721	5.095470	4.800921	4.080970	4.758437	7.601470	7.995052	2.979377	-2.844829	4.220532	8.784968	2.870778	2.265154	1.042511	3.979223	6.641272	5.202289	-2.750170	-23.055248	-11.235850	7.441500	6.666506	7.298641	7.407961	9.922079	8.842662	8.002962	5.755465	0.384706	4.111636
98	4	4	-9.421793	2.403867	-0.846531	7.348377	7.874347	7.199879	2.978845	3.751713	-12.703802	3.872731	6.897644	2.180019	6.177203	2.265154	0.000476	3.979223	6.641272	5.202289	-2.750170	-23.055248	-11.235850	7.441500	6.666506	7.298641	7.407961	9.922079	8.842662	8.002962	5.755465	0.384706	4.111636
99	4	14	1.341354	7.460320	4.092390	2.621802	3.438951	3.866285	5.366210	7.837713	-8.263083	-3.472674	3.895905	5.771290	4.859121	-15.053283	6.209047	6.288462	-1.957593	0.534132	6.328547	5.021710	8.590480	-4.488084	-1.122216	-8.646763	-17.668789	-18.112461	-22.890366	-4.315187	-5.021891	6.258114	-7.861506
99	4	35	-18.331167	2.644140	-2.417052	7.521533	6.224375	8.768496	0.637363	2.442456	-16.566328	5.234920	6.476925	0.403625	6.958658	-15.053283	-0.087567	6.288462	-1.957593	0.534132	6.328547	5.021710	8.590480	-4.488084	-1.122218	-8.646763	-17.668811	-18.032032	-22.890370	-4.315187	-5.021891	6.258114	-7.861506
99	4	31	-18.331167	2.644140	-2.417052	7.521533	6.224375	8.768496	0.637363	2.442455	-16.566328	5.234920	6.476925	0.403625	6.958658	4.592953	-5.636698	6.288462	3.118668	6.831340	-4.089820	-21.122181	-7.024596	7.224534	9.755581	3.342811	12.396553	11.770780	8.017644	6.543449	6.949227	0.828984	6.973667
99	4	20	1.341354	7.460320	4.092390	2.621802	3.438951	3.866285	5.366210	7.837713	-8.263083	-3.472674	3.895905	5.771290	4.859121	4.592953	0.659916	6.288462	3.118668	6.831340	-4.089820	-21.122181	-7.024596	7.224534	9.755581	3.342811	12.396553	11.770780	8.017644	6.543449	6.949227	0.828984	6.973667
100	2	83	9.527041	7.563295	9.132371	-1.044317	-3.004166	0.918863	6.906463	6.613127	6.045505	-5.400780	2.280559	4.856615	7.679770	-13.962355	6.898247	6.244384	1.346300	3.171203	7.695804	7.859304	2.692973	-4.590174	-7.611922	-12.370330	-17.150083	-22.561224	-18.731023	-5.064962	-3.692271	9.172149	-11.393506
100	2	17	-2.182418	1.635830	2.587316	5.403809	3.368247	0.993451	1.582264	0.435575	2.899914	5.651456	8.440577	3.277196	7.915023	-13.962355	6.623026	6.244384	1.346300	3.171203	7.695804	7.859304	2.692973	-4.590174	-7.611922	-12.370330	-17.150083	-22.561226	-18.731023	-5.064962	-3.692271	9.172149	-11.393506
