4	2	7.324518	-10.620651	-12.108471	-4.994014	10.095036	-8.521649	-14.881571	-3.745498	-2.929980	-7.431081	-11.532110	9.324775	-2.791915	-14.423184	-1.493821	-24.545165	6.260544	-7.716693	-9.749285	-18.415501	4.986855	8.062863	10.215197	-13.369239	-18.266278	-12.616506	-2.542242	-7.388351	5.684317	11.269233	6.955240	-18.591574	6.808406	6.699970	5.300224	8.074322	7.969792	-11.532110	-8.335729	6.723565	-14.423184	-1.493821	-24.393628	6.260544	-7.716693	-9.749285	-18.415501	4.986855	8.062863	10.215197	-13.369239	-18.266273	-12.616506	-2.542242
10	2	-12.251014	4.669112	7.404100	7.275722	-11.011262	6.193413	7.860702	7.566205	6.090271	7.271171	-10.081052	-22.205979	7.045247	-13.546399	0.874364	-24.274435	6.580402	-7.012457	-19.434273	-18.689205	0.286962	6.765230	10.207631	-16.133120	-19.047262	-16.614502	-1.314383	5.647947	-13.473636	-18.958889	-11.366885	9.554061	-12.099362	-15.087152	-2.211140	-3.928944	-9.364674	-10.081051	9.160371	-6.020514	-13.546399	0.874364	-24.274435	6.580402	-7.012446	-19.434273	-18.689205	0.286962	6.765230	10.207631	-16.133120	-20.054647	-16.614502	-1.314383
20	2	5.674693	-12.633076	-17.955599	-9.038929	11.856487	-5.228366	-12.241393	-5.023592	-0.656497	-4.267043	-7.794812	9.875725	-1.395166	-20.103881	-2.390660	-22.206033	5.449371	-5.124397	-15.250576	-17.996581	1.932839	3.626912	9.264005	-17.149212	-21.656240	-12.458629	-4.620373	5.674693	-12.633076	-17.964110	-9.038929	11.856487	-5.228366	-12.244428	-5.023592	-0.658898	-4.268162	-2.253221	9.875725	-1.395166	6.436963	4.204251	7.918887	-10.873452	9.442629	7.797894	10.553185	6.493049	-5.719699	-7.053599	3.197994	-4.959315	7.208046	-3.693778
23	2	4.639895	-9.083571	-12.984810	-13.932969	11.526039	-8.682140	-17.064321	-5.078365	-5.849994	-6.583008	-5.379521	8.675739	-10.559486	-22.209126	2.421324	-28.592756	5.837661	-5.361412	-18.670497	-17.977439	0.452095	2.773606	11.867665	-9.658174	-16.123698	-11.167048	-5.769067	-11.320495	7.084911	9.177822	4.077886	-16.949633	5.298793	7.077337	6.148246	5.504800	7.886354	-5.379520	-15.500415	2.024800	-22.209126	2.421325	-28.592756	5.837661	-5.361412	-18.670497	-17.977439	0.452095	2.773606	11.867665	-9.658174	-16.123698	-11.167048	-5.769067
24	2	6.538100	-13.196109	-15.894824	-10.530511	10.431883	-11.852610	-13.649249	-4.084780	-5.731050	-10.049259	-9.451496	10.155332	-3.444058	-26.384380	1.845383	-28.853373	6.954764	-8.861499	-14.091364	-10.891395	1.172794	5.471130	9.151700	-17.345461	-16.644616	-10.483105	-4.885921	-7.405798	5.455747	8.956303	5.947541	-13.034233	4.707008	4.727123	3.951637	4.752319	7.468313	-9.451496	-14.963973	7.469343	-26.384370	1.845383	-28.853373	6.954764	-8.861499	-14.091331	-10.890672	1.172794	5.471130	9.151700	-17.345461	-16.644612	-10.482267	-4.885921
29	2	8.363565	-13.219046	-17.861433	-6.308763	7.927058	-9.261154	-18.389873	-1.123339	-3.958088	-10.723270	-10.780549	7.158654	-3.885564	-18.864261	3.473740	-19.545579	3.609703	-6.906846	-14.639261	-10.940692	1.560906	4.283931	10.378787	-12.390576	-15.685965	-15.678903	1.427492	-8.352961	4.052420	8.407853	8.433969	-20.439268	6.998645	4.902575	6.674681	5.712574	5.054989	-10.780549	-18.779326	7.029854	-18.864261	3.473740	-19.545579	3.609703	-6.906846	-14.639261	-10.940692	1.560906	4.283931	10.378787	-12.390576	-15.685965	-15.678903	1.427492
40	2	6.221784	-3.209107	-16.270828	-3.361525	10.578093	-10.270965	-14.569175	-4.526900	-2.284042	-8.410715	-7.678088	9.850653	-3.373173	-25.533787	0.499413	-16.836495	5.224943	-7.956028	-15.185355	-17.542044	0.364235	6.764681	8.003707	-9.242667	-22.662955	-15.287910	-8.401896	-8.416036	7.299936	9.743077	7.166989	-13.424370	4.359344	5.523099	7.558322	7.945007	6.963555	-7.678088	-14.198146	8.454648	-25.533787	0.499413	-16.861888	5.224943	-7.956028	-15.185075	-17.542044	0.364235	6.764681	8.003707	-9.242667	-22.662955	-15.287910	-8.401896
44	2	5.550930	-11.743802	-10.332434	-5.296011	10.916307	-9.666132	-18.174138	-1.892237	-1.510840	-12.177913	-9.492840	10.221187	-4.344783	-26.323689	0.285714	-29.644486	6.496379	-8.359927	-17.400542	-18.625939	-1.004687	5.029232	8.375943	-18.525896	-15.444290	-15.388510	-2.426866	-10.751484	6.015724	11.864901	6.852182	-17.269167	6.460895	5.179625	7.939370	5.161159	4.541608	-9.492840	-10.812792	5.265041	-26.323689	0.285714	-29.644486	6.496379	-8.359927	-17.400590	-18.625939	-1.004687	5.029232	8.375943	-18.525896	-15.444304	-15.388510	-2.426866
59	2	2.699529	-1.852545	-14.501332	-11.774026	11.362862	-10.935169	-15.724905	-1.288012	-2.642499	-10.474502	-8.319496	7.440957	0.075300	-27.195922	0.737082	-17.738035	8.373970	-5.405766	-16.717989	-12.583658	0.817380	4.703593	12.100997	-11.119244	-16.066172	-10.614592	0.171349	-10.633156	8.287424	10.743887	5.377518	-13.413235	6.745007	3.784092	5.311540	5.899873	4.309199	-8.319496	-18.272587	7.855220	-27.195922	0.737082	-17.738035	8.373970	-5.405766	-16.717989	-12.583658	0.817380	4.703593	12.100997	-11.119244	-16.066172	-10.614592	0.171349
61	2	-9.665010	7.350841	9.375907	5.031708	-22.702748	7.204430	8.293711	7.964526	6.276252	6.694454	-10.030102	-14.951734	8.095778	-22.639182	-0.598278	-18.498654	4.684852	-5.358572	-13.921888	-18.633300	1.466253	5.315976	8.521553	-16.808129	-11.256941	-15.104480	0.135230	7.348651	-9.845444	-19.301494	-9.387794	8.042602	-10.775718	-13.102506	-3.659817	-3.967287	-6.409019	-10.030102	7.582780	-2.610426	-22.639182	-0.598278	-18.498654	4.684852	-5.358572	-13.921888	-18.633300	1.466253	5.315976	8.521553	-16.808129	-11.256941	-15.104480	0.135230
71	2	6.244625	-9.188775	-19.641575	-6.313603	9.876788	-8.036764	-11.982120	-5.956442	-8.460419	-9.934829	1.600642	9.875168	-1.947666	-15.518170	1.597560	-23.095101	8.022949	-12.813160	-16.074774	-13.084892	0.711202	2.435332	9.067010	-11.263130	-17.386817	-6.589494	-4.113649	-9.298634	5.497209	10.384045	7.461519	-17.430496	9.171281	7.437436	6.092646	4.130127	6.083215	1.600642	-12.802264	6.865489	-15.518590	1.597560	-23.095101	8.022949	-12.813160	-16.074774	-13.084892	0.711202	2.435332	9.067010	-11.263130	-17.290536	-6.589494	-4.113649
74	2	6.652577	-10.232709	-17.285177	-6.807954	12.054001	-9.908112	-17.050957	-3.453395	-5.331592	-9.523300	-7.363041	11.027934	0.871250	-24.599618	3.425889	-25.693445	6.499246	-11.829764	-15.459099	-14.789278	-0.970509	3.218016	8.745203	-16.293832	-18.693066	-11.519506	-0.983919	-10.838589	8.698763	10.201394	6.377320	-17.261651	7.098440	6.278967	8.178980	6.092531	8.032896	-7.362417	-15.444475	7.330053	-24.599618	3.425889	-25.693444	6.499246	-11.829764	-15.459099	-14.789278	-0.970509	3.218015	8.745203	-16.293622	-18.693066	-11.519528	-0.983919
75	2	5.257220	-7.248474	-21.441703	-10.156621	10.173289	-9.380930	-12.162938	-3.893786	-1.721098	-11.271242	-4.192423	9.271795	-6.695841	-24.243452	0.186537	-20.556845	5.985216	-4.899045	-14.622077	-20.076764	-0.034751	6.698246	10.807593	-13.996702	-21.573665	-17.064728	-3.271906	-10.288068	8.634356	7.636283	7.141102	-14.795924	9.250230	7.665834	7.867366	5.923198	6.940330	-4.192423	-21.011988	5.475811	-24.243452	0.186537	-20.556845	5.985216	-4.899045	-14.622077	-20.076764	-0.034751	6.698246	10.807593	-13.999030	-21.573665	-17.064728	-3.271906
81	2	8.561308	-4.100572	-17.918284	-10.238928	11.533871	-10.932093	-9.930264	-4.311360	-5.967048	-6.100160	-6.352437	8.061281	-6.550961	-14.966051	0.418983	-25.405471	1.588771	-0.916034	-15.941919	-17.390600	-0.271880	10.569887	9.850928	-11.861103	-15.107711	-16.058429	2.070304	-6.605361	8.475005	9.783796	6.683977	-18.586862	6.602185	7.913145	5.523340	5.240468	6.782807	-6.352412	-16.405244	6.419211	-14.966051	0.418983	-25.405472	1.588795	-0.916034	-15.941919	-17.390605	-0.271880	10.569822	9.850927	-11.861103	-15.107717	-16.058430	2.070272
82	2	8.587708	-10.313143	-14.204649	-10.482240	9.114110	-12.549781	-13.476155	-6.614036	-8.148341	-13.055874	-3.952470	10.881913	0.271281	-20.728649	-0.037829	-14.885525	3.251597	7.851845	-13.868981	-6.868830	-2.963102	-3.418137	5.067301	-5.690954	-16.761906	-8.318060	-6.936412	-4.277113	3.970916	8.805636	5.052068	-16.218336	6.458443	7.110787	5.142864	3.810475	3.959927	-3.952470	-6.785376	6.278727	-20.728649	-0.037829	-14.885525	3.251597	7.851845	-13.868981	-6.868830	-2.963102	-3.418137	5.067301	-5.690954	-16.761906	-8.318060	-6.936412
84	2	6.493213	-8.728743	-15.266138	-10.474723	7.333579	-11.301414	-8.900156	-4.667250	-1.231103	-7.128938	-5.346112	9.196981	-1.571372	-24.226713	-1.135697	-29.319749	4.856782	-4.000572	-18.688769	-19.547049	1.468334	2.901114	10.742140	-8.366440	-12.363976	-11.646936	4.049257	-10.015584	6.150143	7.707793	7.141646	-19.395646	5.094522	6.522809	7.596522	7.602248	5.329879	-5.346112	-16.291273	7.743286	-24.227232	-1.135697	-29.319749	4.856782	-4.000572	-18.688769	-19.547049	1.468334	2.901114	10.742140	-8.366440	-12.363976	-11.647078	4.049257
90	2	-7.444660	6.448021	8.223805	6.713194	-18.705119	9.433561	6.699178	6.525897	7.531780	6.737671	-13.852454	-19.788416	6.780713	-26.464956	0.730881	-30.346142	6.202452	-5.349053	-15.002633	-16.911764	1.017336	5.312010	8.883285	-13.527287	-20.673799	-10.779164	-5.797328	7.165400	-9.077064	-15.357844	-10.980048	12.016616	-6.233302	-14.544441	-3.632525	-4.872992	-7.462595	-13.852454	8.987927	-4.767836	-26.464956	0.730882	-30.346142	6.202452	-5.349053	-15.002633	-16.911764	1.017336	5.312010	8.883285	-13.527287	-20.673799	-10.779164	-5.797328
98	2	7.840284	-4.223601	-18.825146	-10.404396	11.732389	-9.892820	-14.014855	-1.860657	-3.798931	-9.268346	-9.876733	10.128710	-2.210823	-26.326868	-1.333199	-20.493211	8.420534	-9.744734	-14.396423	-12.545521	-0.752048	6.351283	11.377612	-15.014435	-21.771909	-15.395127	-0.861775	-5.277896	5.238349	8.977703	6.805074	-12.511408	5.352313	8.122312	8.011331	7.629045	6.397669	-9.876733	-13.943302	7.103790	-26.326868	-1.333199	-20.493211	8.420534	-9.744734	-14.396423	-12.545521	-0.752048	6.351283	11.377612	-15.010331	-21.771909	-15.395127	-0.861775
