1	1	100	-20.405038	2.500368	-25.689205	6.906015	-5.721325	-13.740081	-17.126191	0.284504	-5.172257	4.153134	6.792469	-14.365065	-17.480415	-10.733031	-6.609833
2	1	100	-19.418462	3.001527	-18.958716	7.066074	-6.559302	-14.068669	-19.563075	-1.674569	0.399521	6.705154	6.987266	-19.432619	-15.289497	-12.959159	-5.495844
3	1	100	-21.423461	2.779728	-24.379427	7.244095	-10.091927	-18.056611	-17.229600	-2.074200	-12.777232	5.141997	7.239567	-8.163889	-12.906437	-16.415940	-1.165368
4	3	23	-17.599083	-0.201351	-23.520837	7.834463	-9.314833	-13.874340	-17.456996	3.479972	-3.763734	4.995908	3.675802	-17.549974	-16.582756	-15.215424	-6.115678
4	3	34	8.820679	4.955024	12.641529	-10.951105	9.415148	7.030828	9.011395	9.152065	13.197238	-10.733928	-16.529401	-2.289834	-4.025624	6.119848	-13.776753
4	3	43	-12.495909	-0.201351	-18.184899	7.834462	-9.314804	-13.860787	-13.491438	3.479972	2.151348	3.457606	2.629932	-13.987328	-17.595167	-15.215239	-8.827923
5	2	7	4.507994	8.514480	12.660843	-10.916206	4.733424	5.432577	11.165502	1.154088	3.579614	-10.598954	-12.495866	-0.852850	4.151039	4.743355	-7.914130
5	2	93	4.509064	8.514481	12.664422	-11.147650	10.476413	5.432652	11.345104	1.154093	9.856551	-12.176671	-13.934734	-0.836794	-2.093653	4.774034	-15.038779
6	3	73	-22.359153	0.372673	-21.424382	6.211133	-0.646210	-11.275812	-11.759846	2.001734	-9.699316	5.074615	5.089982	-12.759795	-13.218218	-10.286822	-4.576728
6	3	26	-17.691755	0.372673	-21.430662	1.772400	3.090420	-4.252980	-5.205633	2.002045	-8.642307	1.616507	3.534514	-10.819025	-12.513794	-6.370883	-7.572842
6	3	1	0.260756	5.796113	2.536146	3.035898	0.738740	-3.725229	5.058445	6.668826	5.095304	-4.337314	-3.598290	9.716887	3.498781	1.579008	1.875648
7	1	100	-21.958499	3.060736	-28.374191	6.609738	-8.838141	-9.443956	-20.550308	1.977035	-11.432973	3.027573	5.938050	-15.227997	-17.524780	-9.227761	-7.198918
8	10	22	-8.766272	1.934316	-20.906893	6.554522	-1.743567	-11.142407	-23.019950	5.676812	-8.096933	4.114383	6.468366	-9.760877	-14.936507	-7.528210	-2.211824
8	10	50	7.183661	6.327488	9.465925	-6.775849	3.432503	9.091522	0.057159	8.377419	-11.200259	-3.261367	-7.482280	6.311881	10.170706	6.601771	1.346792
8	10	8	-5.934349	1.956054	-7.451387	6.554471	-1.705030	-6.932331	-11.097567	5.676811	3.165863	-0.393624	0.317360	-2.157606	-11.365929	-7.505148	0.780878
8	10	1	5.059058	6.327488	4.190859	-1.092694	-5.004967	5.779254	-3.776997	8.377418	-4.567382	0.088163	-4.475670	-5.125516	5.425274	3.149825	6.554388
8	10	1	6.671822	6.327488	9.044249	-1.124370	-2.999175	6.434555	-1.020557	8.377415	-0.140002	-2.133827	-4.518616	-3.504660	5.512966	3.809506	5.951766
8	10	1	6.463662	6.327488	8.416948	-1.124249	-3.235480	6.355340	-1.252667	8.377416	-0.682140	-1.164832	-4.509200	-3.716195	5.483581	3.710636	6.092836
8	10	1	3.075714	6.327480	-2.060156	2.926233	-4.281044	4.388097	-2.321693	8.377271	-0.200973	-1.213283	1.013126	-4.623742	4.524439	-1.198552	4.345426
8	10	1	8.078332	6.327488	11.666578	-0.581549	-1.449561	5.739820	0.217531	8.377364	4.927100	-4.832382	-9.163114	-1.794304	5.669763	4.174064	2.291526
8	10	1	3.494511	6.327485	-1.460748	2.813826	-4.896904	4.662991	-3.034736	8.377398	-2.009702	-1.043978	0.918771	-4.901728	5.041577	-0.365828	4.805314
8	10	1	8.020888	6.327488	11.006895	-0.079420	-1.844585	5.312087	0.213173	8.377345	5.650460	-4.501077	-7.257187	-1.987553	5.462066	3.859943	2.493098
9	4	19	-18.844286	0.105325	-14.731482	4.995144	-2.419728	-9.418067	-14.410458	0.011513	-8.662322	3.022603	5.953796	-15.307096	-20.437598	-10.925427	-5.905651
9	4	32	-0.571226	3.409521	11.301724	-5.688227	7.250613	8.303214	6.689765	2.075411	-1.667142	-8.058840	-10.429660	-9.418135	-2.612294	0.848388	-8.947380
9	4	43	3.333892	6.085225	12.054186	-5.688227	10.065938	8.322618	8.022617	5.712633	-1.654944	-8.085635	-10.429663	-9.389150	-2.612294	4.090993	-8.947494
9	4	6	3.310229	6.083955	12.034755	-5.688227	4.847602	8.322618	5.461078	5.712631	-5.491171	-7.471179	-10.429048	-9.553727	3.997111	4.090936	-4.730278
10	6	17	4.890288	4.690944	8.173884	-5.844320	10.536165	7.044473	6.175704	6.680244	-7.039476	-8.974566	-8.692591	2.179711	-1.718885	5.124942	-5.351319
10	6	40	-12.756051	-0.745442	-15.560127	6.420530	5.233831	-10.323137	-5.601933	1.911352	-5.290777	-4.930855	3.899524	-4.585450	-9.548330	-8.984324	-11.417013
10	6	5	4.890294	4.690944	8.989473	-5.844320	10.536165	7.044473	6.175704	6.680244	-4.504524	-8.974566	-8.859122	-4.280716	-1.718884	5.124942	-5.351502
10	6	34	-12.756052	-0.745442	-16.039957	6.420530	5.233831	-10.323137	-5.601933	1.911352	-7.165753	-4.930855	3.899541	1.872451	-9.548330	-8.984324	-11.416954
10	6	2	4.843418	4.690944	8.175898	-5.843624	4.378181	7.040722	6.163962	6.680169	-6.876539	-8.780740	-7.707925	-3.031632	5.492115	5.124926	-1.900667
10	6	2	4.843418	4.690944	7.907378	-5.843624	4.378180	7.040722	6.163962	6.680169	-11.705210	-8.780740	-7.635559	3.428153	5.492131	5.124926	-1.900659
11	6	20	-16.528123	0.453427	-6.196758	8.259676	-3.507889	-15.352973	-5.029116	0.556500	4.790115	-2.381425	1.508051	-4.309314	-17.963060	-17.287768	-9.327179
11	6	6	-6.076862	0.453427	1.333435	3.337232	1.554380	-5.789991	0.317561	0.930215	5.460945	-8.648652	-6.284410	-3.673783	-7.591088	-9.833918	-8.621303
11	6	48	-21.310797	0.453427	-18.299789	8.319592	-8.334156	-17.274706	-18.140326	0.556205	-5.929747	3.195983	7.760564	-15.169484	-17.963573	-17.287800	-9.922886
11	6	1	9.388081	6.026393	12.405356	-5.001981	3.273739	6.515816	8.593513	6.020465	4.378840	-11.453272	-12.887201	-3.787711	4.603905	3.884144	-5.016086
11	6	18	9.388201	6.026393	12.665359	-8.234375	8.155365	6.515837	8.594047	6.020465	9.631049	-11.472777	-15.471728	-3.553393	-1.838072	3.884145	-12.939227
11	6	7	9.388201	6.026393	12.629711	-8.234375	8.155365	6.515837	8.594046	6.020465	7.065146	-11.472777	-15.471728	2.232096	-1.838072	3.884145	-12.896826
12	2	92	-20.146484	2.991729	-21.558968	5.392980	-7.781602	-12.229143	-19.807440	-1.501858	-6.572658	6.897841	7.089809	-15.402216	-15.486269	-16.760169	-4.813079
12	2	8	4.978925	6.782548	8.815835	-12.021577	6.219639	7.706207	2.845619	4.983520	-8.202862	-3.889476	-3.831891	-2.592639	9.334768	3.387153	-1.435917
13	7	33	7.207535	7.161094	9.896521	-3.489800	10.029981	-7.883630	4.001099	8.478513	3.868171	-6.356112	-4.890459	7.803746	-5.342091	-0.824199	-5.883732
13	7	25	-15.685257	1.890616	-17.193628	6.301416	-7.067183	-20.066546	-17.559587	5.271861	-3.289920	4.570291	6.628350	-15.396103	-18.209503	-10.852951	-8.643149
13	7	30	-7.566677	2.021244	-2.744859	2.357772	3.745050	-9.735813	-2.780332	5.271861	3.170820	-3.025863	-0.694452	-1.512393	-11.432723	-3.698478	-11.027283
13	7	3	7.142848	7.160187	6.771619	-7.964110	9.325493	2.439933	3.656367	8.478513	-5.213611	-2.806056	-9.071445	4.506335	9.171458	5.470792	-0.451623
13	7	3	0.107067	5.686464	3.450563	-0.418836	9.491424	-7.998729	-2.704280	7.903861	1.370483	-0.207070	-3.196557	3.920155	-7.076988	-0.914617	-8.037156
13	7	3	9.904454	7.177923	12.544851	-8.890632	10.029964	2.439933	9.546564	8.478513	8.501500	-8.574161	-14.681484	-0.997434	-2.389902	5.483011	-10.714641
13	7	3	6.800687	7.154666	8.987739	-3.371434	8.948816	-7.894164	3.210780	8.478513	2.245205	-4.140004	-3.803978	10.645202	3.614616	-0.831523	0.167665
14	3	46	-18.308438	0.137209	-21.182804	5.787734	-3.290767	-14.026920	-16.793000	1.037252	-6.121555	7.236367	5.968365	-16.969507	-6.774762	-15.524068	0.723285
14	3	27	5.683918	6.495300	8.933672	-6.995401	5.707422	5.422177	6.971875	6.929493	-2.882513	-7.490152	-11.447957	-4.058667	8.547484	6.196807	-0.926688
14	3	27	-11.177028	0.137216	-9.073968	2.114095	4.528387	-7.151926	-5.533128	1.037529	-6.514564	1.036437	-0.476045	-5.990467	1.733742	-11.300867	1.975575
15	8	33	-9.690141	0.540062	-1.852491	0.658413	5.437284	-7.700610	0.305170	1.629869	4.462764	-3.885707	-2.255928	-0.183022	-9.506020	-10.411010	-15.974310
15	8	10	-16.283429	0.540062	-14.555498	1.516682	4.428081	-12.012483	-6.104001	1.629869	-2.660512	1.403072	0.100062	-7.171169	-12.989562	-10.423705	-13.025381
15	8	16	-21.256765	0.540062	-21.543473	5.621143	-0.357979	-17.823694	-11.903270	1.629869	-4.945662	6.031830	6.192214	-16.261339	-17.428076	-16.161885	-7.809206
15	8	4	10.088411	7.073974	12.370649	-7.855600	8.301152	3.970298	12.232690	6.872464	3.189942	-11.657632	-13.242039	-0.136002	5.440761	4.079817	-10.309639
15	8	20	4.322294	7.073954	6.984490	-3.276651	10.985621	-7.687457	6.811438	6.872463	10.026933	-8.016127	-8.097642	-0.126999	-6.357671	-2.125536	-9.027305
15	8	2	10.086817	7.073974	11.283829	-7.834334	8.137090	3.970297	10.633372	6.872464	1.827087	-8.966992	-12.539031	3.549852	5.872729	4.079817	-8.093742
15	8	10	10.088419	7.073974	12.716232	-7.867340	10.818027	3.970300	12.306488	6.872464	9.906950	-14.596996	-15.061439	-0.123573	-0.996657	4.079817	-14.665025
15	8	5	4.322294	7.073954	6.983640	-3.276379	10.985619	-7.687457	6.811436	6.872463	7.566549	-8.014964	-7.915409	5.316026	-6.357683	-2.125536	-9.027305
16	3	17	5.045782	6.963377	8.249296	-10.875251	3.111904	6.669486	9.830850	6.400821	-0.416414	-8.878672	-6.163786	-8.784705	6.113168	6.619808	-4.656167
16	3	28	9.481290	6.969867	12.971350	-11.011150	3.270652	6.681904	9.849105	6.400821	4.934182	-12.847876	-11.124624	-4.579575	5.339133	6.628116	-10.281706
16	3	55	-20.026002	1.981279	-13.792189	2.198809	-2.652190	-10.161738	-16.302680	3.301264	-11.360940	5.728028	6.156379	-21.043833	-14.159157	-14.234782	-7.201714
17	2	14	4.222381	6.706189	5.537158	-9.671863	10.693697	6.043192	4.988436	7.245701	-6.266118	-6.338585	-9.236041	5.289187	-5.105011	4.721595	-7.372889
17	2	86	-18.385782	0.100078	-20.710583	2.889185	2.128032	-12.233306	-9.482930	1.183298	-10.515674	2.857004	5.674955	-6.642317	-18.046680	-10.019117	-9.475202
18	4	65	-13.582431	-0.772300	-23.559657	6.634897	-7.553847	-15.040989	-17.621658	2.474902	-2.986340	6.695274	6.963537	-20.538196	-18.567128	-9.952877	-12.572116
18	4	19	10.497874	5.514936	10.981401	-11.471023	8.374446	8.392565	10.755189	6.056788	9.728006	-5.472805	-14.182632	-2.738476	-1.278279	6.477487	-17.182886
18	4	12	6.458644	5.514936	2.094710	0.205336	-1.868055	2.979356	0.416028	6.056786	9.283794	1.596917	-5.834473	-8.966826	-9.376044	-0.298526	-21.795395
18	4	4	10.497874	5.514936	10.981385	-11.471023	8.374446	8.392565	10.755189	6.056788	8.879498	-5.472805	-14.182574	2.521659	-1.278279	6.477487	-17.182888
19	2	93	-17.907444	0.546316	-19.674674	5.116679	-7.595817	-18.072922	-24.059261	2.269565	-8.133017	9.294683	8.808465	-15.406747	-18.052949	-13.188896	-6.007524
19	2	7	10.227837	6.761273	15.556740	-12.047878	5.742758	5.449481	3.660511	6.003011	2.805627	-9.551798	-9.241271	2.953407	5.193021	8.650205	-8.401648
20	8	19	-12.128723	0.960769	-12.547662	3.273638	4.529900	-9.033254	-3.247795	2.481392	-5.216540	-1.190284	0.245275	-7.796338	-11.286428	-9.088824	-5.828198
20	8	27	-19.659251	0.951983	-24.563708	7.782242	-4.987466	-19.004539	-14.088224	2.481392	-7.819031	2.912427	4.845314	-18.852684	-14.666357	-15.617816	-4.327009
20	8	26	5.324552	6.014133	7.704030	-2.348042	11.143947	-5.787751	6.409065	6.202792	6.724331	-7.824002	-9.357127	-3.358331	-6.158292	-0.612285	-8.561196
20	8	5	11.278341	6.055230	12.871116	-8.735261	3.986932	4.030859	12.503137	6.204801	2.849418	-9.082225	-12.294236	8.720978	8.284169	5.910431	-0.889973
20	8	2	11.291381	6.055236	13.163509	-8.771442	11.143974	4.035037	12.614355	6.204801	6.360820	-12.915091	-14.330247	3.208650	-1.780542	5.910431	-11.450227
20	8	17	5.324551	6.014133	7.703902	-2.348042	11.143946	-5.787754	6.409065	6.202792	6.346186	-7.745347	-9.217481	3.212674	-6.157378	-0.612285	-8.556087
20	8	2	11.291382	6.055236	13.163631	-8.771442	11.143974	4.035037	12.614355	6.204801	6.738512	-12.992263	-14.468959	-3.362325	-1.780691	5.910431	-11.455404
20	8	2	4.078317	5.958816	6.917802	-0.709678	1.812593	-5.886372	6.131642	6.193535	3.624125	-1.737091	-5.052037	9.346261	4.410311	-0.618516	2.033929
21	1	100	-20.308352	6.094024	-12.910653	6.415352	-6.122327	-16.831839	-8.594171	-0.403930	1.471991	3.500425	2.017735	-9.257573	-12.324956	-15.759258	-8.677132
22	4	97	-24.195882	2.801444	-25.522129	5.890740	-9.479613	-19.349596	-15.767971	3.085243	-5.038546	7.797444	6.938700	-12.766059	-16.348041	-14.371136	-4.885074
22	4	1	7.996759	5.808895	12.666796	-6.556389	8.690323	3.651863	5.138817	8.663631	-1.300720	-3.958289	-9.526494	3.494386	-2.503995	6.232907	-5.921688
22	4	1	6.605275	5.808830	12.461225	-6.556389	8.678298	3.651864	4.594070	8.663631	-1.011479	-3.915440	-9.405800	2.535811	-2.503955	6.232907	-4.287393
22	4	1	8.483171	5.808896	12.695074	-6.556389	8.687585	3.651860	5.284023	8.663631	-0.866186	-3.967498	-9.588580	3.846818	-2.503992	6.232906	-7.050920
23	10	1	-5.653072	2.202420	-7.859539	5.492560	2.626685	-10.144602	0.300297	2.031685	3.297122	-2.268448	2.395399	5.092607	-12.983949	-11.509550	-9.860942
23	10	2	-5.333956	2.202425	-6.844207	3.492619	3.436034	-8.825978	0.420695	2.031680	3.693005	-3.819900	0.761313	5.599250	-12.573915	-10.509244	-10.602261
23	10	33	6.467147	5.479059	5.943746	-5.382046	9.901819	-5.265309	4.708487	7.608551	1.699979	-3.543716	-5.644768	12.432821	-8.534421	-1.833925	-3.239463
23	10	13	11.665718	5.479082	11.495990	-11.922675	9.997460	6.970056	10.039999	7.608585	1.732894	-9.430709	-11.451255	8.769355	-1.952568	2.568138	-4.701175
23	10	35	-19.651850	2.202412	-22.348437	6.873415	-6.872880	-15.648564	-13.702599	2.031628	-6.836158	2.863435	6.217003	-16.206653	-18.669771	-15.939290	-8.465939
23	10	1	-5.594670	2.202420	-7.465691	5.076970	2.952326	-9.983803	0.353697	2.031682	3.408646	-2.578007	2.066825	5.220679	-12.806238	-11.204329	-10.206933
23	10	1	-5.017412	2.202441	-7.012742	1.019903	2.834259	-6.473685	0.432575	2.031720	3.028891	-1.014123	-0.506019	6.043182	-12.542501	-10.144446	-6.036848
23	10	1	-5.247307	2.202428	-6.747471	2.886813	3.480124	-8.191154	0.426940	2.031683	3.725570	-4.177821	0.292573	5.706773	-12.552526	-10.372852	-10.503982
23	10	1	-5.031484	2.202439	-6.815299	1.174822	3.416356	-6.539085	0.432954	2.031713	3.233440	-2.075677	-0.660499	5.995747	-12.536560	-10.143938	-5.641868
23	10	1	-5.187167	2.202437	-8.524693	4.973687	0.733905	-7.737117	0.317652	2.031726	3.177430	-0.593554	2.067006	5.737144	-13.106727	-10.742703	-7.784666
24	3	17	-7.960694	3.817651	-3.615016	0.439042	3.970036	-11.657332	-6.573041	2.182955	6.009249	-2.795425	-0.320947	-0.413322	-6.359826	-11.251103	-5.623176
24	3	65	-19.324347	3.773115	-23.230447	4.892161	-7.297255	-14.114998	-20.624117	2.182955	-3.495640	4.430108	8.159508	-12.316122	-14.458747	-14.015596	-5.875633
24	3	18	-14.329490	3.773647	-12.525003	4.892156	-3.116404	-14.112107	-10.810787	2.182955	6.024210	-2.119079	4.260222	-6.913959	-11.988532	-14.015596	-8.122910
25	3	56	8.890643	5.664565	13.188253	-9.493112	7.042856	5.671269	10.927297	8.132906	3.611248	-7.889686	-11.020904	4.035269	4.195225	8.438345	-5.159413
25	3	4	4.589493	5.664565	12.732491	-3.131254	-1.431880	4.028872	5.123744	8.128257	7.273563	-4.440422	-7.598117	-2.549037	6.567118	1.988092	-2.380750
25	3	40	-16.513591	2.233612	-10.049345	6.876916	-0.645310	-9.573331	-5.205428	2.424612	8.633047	-2.713078	2.369792	-1.991738	-14.154170	-12.655740	-7.409451
26	3	95	-21.052178	-1.789224	-25.849879	4.917693	-8.953936	-15.701036	-11.340953	1.142085	-12.666798	4.874947	5.402021	-9.629315	-17.706398	-10.693123	-7.749562
26	3	4	-15.139081	-1.789224	-12.983971	2.595093	3.622965	-9.532556	-5.057345	1.142085	-13.240790	-0.197706	4.364301	4.214960	-10.460492	-4.637198	-2.990751
26	3	1	-15.139020	-1.789224	-12.969314	2.595093	3.622965	-9.532474	-5.057332	1.142085	-11.109056	-0.197707	4.364301	-0.651945	-10.461071	-4.636999	-2.990751
27	10	1	10.061144	5.824690	13.345577	0.803299	6.717691	6.483870	8.511529	6.133164	7.723218	-4.241555	-13.180099	-2.137870	8.399805	8.930824	-4.228352
27	10	2	-7.717029	1.408207	-3.516056	6.214582	3.152368	-4.428332	-5.523884	1.116453	8.504155	-0.555364	-4.610466	-3.105086	-9.461570	-3.272289	-4.569850
27	10	1	10.060475	5.824283	13.344140	1.424616	6.744881	6.483832	8.856038	6.133162	7.830758	-4.546387	-12.327216	-2.138167	8.398213	8.920955	-4.235973
27	10	1	10.061243	5.824887	13.345833	-0.883606	6.510630	6.483899	7.742593	6.133164	6.716978	-3.702425	-14.791586	-2.108523	8.482218	8.938781	-3.509205
27	10	1	-6.600412	2.223108	-6.397828	6.539397	3.056355	-4.399860	-5.191488	1.283604	8.633946	-0.649979	1.274705	-3.277717	-9.579729	-1.472094	-4.090658
27	10	1	-10.346747	1.404282	-6.028581	7.450848	2.111473	-4.199654	-11.810097	1.038906	-1.730107	3.845479	4.844686	-10.172790	-9.406332	1.198323	-2.806240
27	10	1	10.060291	5.824895	13.343490	-1.637119	5.594318	6.483881	7.534020	6.133163	5.804631	-3.573590	-15.119009	1.726734	8.976317	8.934124	-1.601136
27	10	1	-9.548658	1.839819	-5.002099	7.732732	1.615271	-5.260103	-13.539546	1.067283	-1.843959	4.970286	5.377811	-9.270325	-8.760769	1.826782	-2.348562
27	10	1	6.595283	5.823824	9.435050	-2.224725	-0.922311	2.022216	-4.225815	6.117041	-2.014225	8.777364	-4.741293	5.945197	6.149786	7.878693	0.488234
27	10	1	10.061344	5.824870	13.346069	-0.333855	6.626023	6.483896	7.948619	6.133164	7.197815	-3.835130	-14.404121	-2.136233	8.414128	8.937997	-4.084895
28	1	100	-17.814121	-2.296857	-10.840084	5.637107	-3.126588	-11.295278	-8.080593	-0.316658	9.527927	-5.875628	1.413172	-6.029314	-16.331291	-17.533813	-8.277933
29	7	55	-19.413036	4.058482	-7.908772	6.399406	-2.175463	-15.042924	-5.186182	-0.477407	6.930615	-2.907576	0.717361	-10.337379	-13.023273	-12.138307	-8.954669
29	7	9	8.832443	7.679608	12.712992	-7.002218	10.468514	5.943287	8.215944	3.651807	6.665537	-15.185201	-10.651922	1.185600	-1.280923	1.342873	-12.944610
29	7	21	-12.338737	4.060240	-1.947101	1.074607	3.869939	-6.481054	-0.906139	-0.477407	6.699812	-5.906648	-3.599527	1.166593	-10.859076	-10.667040	-8.212813
29	7	4	5.004427	7.613272	7.808794	-6.098132	3.036462	5.768362	1.611214	3.651807	-5.995954	-2.069682	-5.528841	1.855984	10.062769	1.340996	0.431303
29	7	4	3.428881	7.482991	9.852472	-0.635563	10.450203	-5.919163	2.971719	3.651806	12.974142	-6.853412	-8.289019	1.185393	-5.794603	-5.061766	-7.767979
29	7	2	3.253320	7.459183	9.798068	-0.264943	3.355148	-6.013011	2.952641	3.651804	4.183923	-4.870679	-7.464187	7.889280	5.582773	-5.062975	0.734533
29	7	5	-16.802456	4.058549	-8.878004	1.182691	3.588219	-11.233037	-3.415051	-0.477407	-0.786981	-3.428750	1.462847	2.132545	-7.533570	-10.682037	-2.754186
30	5	53	-25.371675	-0.195703	-26.056128	5.803729	-2.525075	-13.156746	-20.634159	1.538498	-10.786685	6.138833	5.077688	-13.536591	-10.178156	-14.451374	-4.836872
30	5	21	8.946114	6.182983	12.166769	-7.360163	10.052268	7.614266	8.943039	6.754890	1.983147	-13.649208	-10.760386	4.011067	-3.868032	4.931640	-7.377881
30	5	12	-19.144633	-0.195703	-16.029412	3.640103	5.402581	-7.062594	-9.852348	1.538498	-7.801453	0.782136	-0.296026	-3.401458	-8.892215	-10.550458	-8.462284
30	5	13	3.943049	6.182983	7.174179	-7.354101	3.687858	7.611916	3.302217	6.754820	-9.867349	-7.048948	-9.812465	3.778569	5.047185	4.713889	-1.632717
30	5	1	-10.925829	-0.195703	-4.885726	-1.732956	6.636972	2.765434	-2.573605	1.538498	-9.045573	-1.081377	-4.548159	-3.179317	-5.648403	-4.831498	-11.496768
31	10	4	-16.357784	-0.553373	-14.027986	0.980146	3.730195	-7.767381	-9.891269	1.522906	-1.089620	2.445039	5.222998	-11.028059	-15.625542	-4.255022	-6.769368
31	10	21	-10.165713	-0.553373	-2.376246	-4.182306	4.499060	7.989019	-1.150406	1.522910	-3.104939	-2.637642	-1.858336	-7.149709	-7.347191	2.453201	-3.520659
31	10	28	11.731821	5.265870	12.698066	-8.127734	9.867603	8.186327	9.499933	8.076640	8.084664	-10.296607	-13.303947	-1.394648	-2.778679	6.145802	-9.172017
31	10	5	-16.364460	-0.553373	-13.392872	0.973596	3.942472	-7.767402	-8.612909	1.522906	-0.637670	2.018876	5.246047	-10.237114	-15.632140	-4.255712	-6.309889
31	10	7	-16.401513	-0.553373	-13.179895	1.091690	3.997259	-7.767409	-8.033430	1.522906	-0.522723	1.738544	5.262666	-9.967808	-15.642396	-4.256167	-6.147470
31	10	3	-16.560643	-0.553373	-13.985702	2.078406	3.610055	-7.767408	-8.500077	1.522906	-1.148334	0.789911	5.327606	-10.806445	-15.708783	-4.258925	-6.448397
31	10	7	-16.532587	-0.553373	-15.221687	2.370875	3.114179	-7.767365	-12.048953	1.522906	-1.939226	1.670683	5.307765	-12.293880	-15.710907	-4.259100	-7.650703
31	10	6	-16.479331	-0.553373	-15.235497	1.913432	3.171545	-7.767347	-12.068338	1.522906	-2.084980	2.410112	5.257410	-12.520185	-15.673914	-4.256090	-7.724939
31	10	6	-16.421320	-0.553373	-14.795576	1.401961	3.410216	-7.767356	-11.292940	1.522906	-1.736134	2.671578	5.226870	-12.025930	-15.643710	-4.254915	-7.321272
31	10	8	-16.473349	-0.553373	-13.146074	1.349810	3.982044	-7.767416	-7.420741	1.522906	-0.531913	1.267320	5.287321	-9.814269	-15.661988	-4.256902	-6.101885
32	2	87	8.012064	8.563225	10.952428	-10.306447	7.946281	7.387511	8.522726	4.465054	0.428435	-5.600098	-10.040252	8.418021	-2.842862	5.242184	-12.675694
32	2	13	5.296931	8.563131	5.614454	-7.262068	5.126881	7.387429	7.350746	4.465054	-4.578171	-5.583216	-10.009401	5.111555	3.112207	5.241944	-1.896237
33	5	59	-15.612338	1.259460	-18.864737	4.675764	-4.028038	-13.709749	-13.086645	-0.359767	-8.502704	6.725599	8.211795	-14.930262	-16.878147	-16.906438	-8.451057
33	5	14	8.454090	7.115571	11.732070	-12.150314	9.823532	6.844790	9.808295	4.689888	9.471322	-9.551859	-14.407768	-3.504292	-4.037357	3.863060	-9.462876
33	5	7	8.296207	7.115571	11.473671	-12.150314	9.823510	6.844790	9.595412	4.689888	4.454866	-9.547578	-14.392503	3.032662	-4.037354	3.863060	-7.503152
33	5	15	3.245367	7.114869	7.926406	-6.293910	9.820091	-5.791466	5.872862	4.689726	9.471022	-5.188039	-9.688137	-3.539447	-8.372539	-2.604157	-5.701913
33	5	5	3.098538	7.114278	7.685120	-6.293863	9.315780	-5.791470	5.674679	4.689668	4.562854	-5.185089	-9.678373	2.997007	-8.366363	-2.604361	-3.810494
34	3	75	-17.915891	0.769215	-29.406615	7.433037	-7.559646	-18.382236	-15.861424	-0.197408	-9.552102	4.427277	6.578943	-13.477300	-11.014056	-11.566244	-7.202231
34	3	15	-12.563041	0.769215	-16.575097	4.047152	5.274989	-12.100502	-12.449725	-0.197408	-9.523732	0.573622	1.679096	-5.052635	-4.442545	-8.895533	-9.330900
34	3	10	3.844917	7.290434	2.123277	-1.483433	3.363239	5.244202	-0.170887	5.908571	-10.519483	0.509836	-5.911264	-2.395336	10.686741	6.647021	-1.005155
35	2	93	-23.152329	-1.668178	-23.229347	6.669284	-5.747704	-10.672087	-23.863641	3.419444	-8.781551	4.633225	5.590098	-17.958617	-17.421887	-10.310904	-5.232725
35	2	7	-12.246032	-1.668175	-9.490917	-3.748051	4.881257	2.816367	-6.415855	3.419444	-11.736628	-0.193608	-5.704016	-8.265076	-7.272422	-3.657918	-3.714336
36	2	13	-18.817893	1.057751	-8.579365	8.135272	-2.835165	-14.181216	-6.997672	-0.303393	6.365868	-0.013279	1.932596	-8.440987	-19.543415	-12.969677	-4.128842
36	2	87	-23.670388	1.057751	-20.454268	8.135274	-5.799833	-15.087434	-17.589263	-0.303393	-4.303812	6.127537	7.682768	-15.649302	-19.543616	-13.207050	-9.125881
37	5	20	9.139580	7.518603	14.394974	-8.389615	8.379100	6.730330	10.392011	6.898511	1.985521	-12.513756	-15.362007	-2.115902	4.138913	6.095530	-5.984284
37	5	44	-20.250004	1.328671	-16.979310	3.602989	-7.880488	-12.479297	-15.984703	1.975435	-5.312972	4.657107	1.335048	-14.026068	-11.757172	-11.590181	-7.794948
37	5	15	-8.339360	1.328671	-0.388777	2.698955	3.982945	-5.613409	-3.598171	1.975435	-0.183688	-2.949813	-4.999011	-2.248790	-5.319243	-3.340089	-9.394521
37	5	18	5.683748	7.518603	8.467681	-8.389510	2.032395	6.085288	8.209256	6.898510	-4.934276	-3.582549	-14.503794	7.022097	7.293570	6.094828	4.849824
37	5	3	-13.634217	1.328671	-5.600262	2.699758	3.970947	-5.617336	-3.959691	1.975435	-2.265202	-0.789287	-4.709851	2.059578	-5.342679	-8.126279	-5.572984
38	2	85	-20.665882	1.116624	-20.519804	8.508077	-5.663903	-12.640394	-16.365856	0.010487	-10.659360	2.347093	6.205740	-11.123513	-18.143401	-14.251030	-7.893478
38	2	15	-16.667207	1.116624	-13.513891	4.346309	3.208737	-6.557223	-3.258470	0.010487	-8.806926	-3.000972	2.424246	1.913274	-11.506730	-8.172717	-7.312696
39	10	2	3.642608	6.832439	6.355126	-3.349092	2.261753	8.998607	7.953830	6.315296	-6.225905	-3.138689	-6.709440	-0.913967	10.329848	4.775483	1.282788
39	10	1	0.609533	3.664770	6.241192	0.799259	2.572752	7.763688	5.128688	1.721255	-6.792998	-4.358495	-3.796753	-1.432700	9.605521	-0.635523	0.885020
39	10	1	1.287657	6.617527	4.169077	-1.629365	0.728400	9.119451	7.932232	6.071813	-6.081574	-2.507476	-8.222848	-0.945307	9.532622	4.522054	2.169547
39	10	1	3.765248	6.799639	6.412657	-3.468379	2.451845	8.931291	7.889695	6.314221	-6.226284	-3.244734	-6.287154	-0.985181	10.374341	4.785511	1.198673
39	10	1	3.802615	6.572232	6.458054	-3.046277	2.816067	8.679186	7.575358	6.284960	-6.205719	-3.446420	-5.279381	-1.161983	10.349055	4.786580	1.034347
39	10	1	3.259332	6.846749	6.120789	-2.982876	1.898808	9.071762	8.008300	6.315486	-6.222373	-2.956130	-7.323153	-0.812913	10.195479	4.748541	1.460718
39	10	1	3.398199	5.951660	6.440307	-1.423095	2.920420	8.323891	6.939219	6.010468	-6.276751	-3.496486	-4.512523	-1.294502	10.135877	4.542362	0.920123
39	10	1	-4.878022	2.406066	-1.815077	5.076227	-2.130011	6.948623	4.852891	1.350838	-6.334022	-6.538938	-3.291329	-8.988489	5.165284	-6.127955	2.518702
39	10	1	-0.918327	5.498484	3.249694	-0.865849	-0.436455	8.722774	7.246087	2.830160	-6.049736	-2.195281	-7.657565	-3.304037	8.435189	2.107262	2.764328
39	10	1	3.012947	6.840848	5.923236	-2.775161	1.722438	9.091953	8.017408	6.315239	-6.217155	-2.876786	-7.539259	-0.781020	10.115662	4.731022	1.556658
40	1	100	-17.836456	-1.463006	-25.280207	6.667276	-4.457882	-11.903053	-19.343083	1.466558	-8.051286	2.144312	6.551408	-11.671970	-14.470747	-14.520483	-3.360406
41	2	96	-17.621011	2.870632	-7.943364	6.512275	-3.175224	-10.673287	-6.466299	-0.719074	5.127296	-2.286321	0.430836	-7.234462	-16.028739	-7.108771	-4.682771
41	2	4	0.888549	6.596252	8.878595	-1.639081	-6.825008	1.744747	3.569038	5.863985	3.193839	-4.776452	-8.149771	-2.787509	7.098974	2.471162	1.376590
42	4	46	5.632804	4.627738	14.476385	-7.684032	9.744809	7.623200	8.976199	4.789207	5.760166	-10.583124	-15.298911	-2.775951	-3.287376	4.822608	-11.446738
42	4	14	-15.837405	-1.826200	-12.567256	4.601992	3.465091	-8.292138	-3.681861	-1.695905	-3.951819	-1.838236	-0.125795	-5.397451	-14.519564	-9.874549	-5.984857
42	4	7	-9.961328	-1.826057	-3.248779	-1.120917	3.430232	1.272025	-1.453264	-1.695904	-8.551231	-0.862116	-4.010231	-5.554878	-8.172140	-4.169965	-5.900561
42	4	33	-22.163105	-1.826200	-26.326068	6.506068	-6.774949	-11.375661	-13.319287	-1.695905	-10.248290	3.757650	6.451070	-15.876779	-20.285286	-15.258137	-7.095572
43	2	15	-12.328438	-1.634359	-3.174876	-3.793389	5.430465	5.807778	-0.147992	-0.264143	-11.894093	-9.450161	-7.650544	-7.197371	-3.545001	-1.996163	-2.815959
43	2	85	-18.124196	-1.634359	-26.096232	6.501215	-1.504015	-11.574785	-10.421174	-0.276455	-11.213445	4.559793	4.047416	-14.536359	-11.512223	-13.819327	-2.495292
44	3	94	-22.159195	4.381236	-22.936348	4.118228	-8.622800	-18.490374	-23.163882	1.705388	-4.173248	7.096144	6.498485	-18.905590	-17.823899	-10.067098	-4.155385
44	3	5	8.206499	5.103640	11.582068	-3.381465	10.010488	4.942003	6.320454	8.230834	8.004751	-6.903675	-13.663976	-2.098081	-2.874259	5.938160	-5.229658
44	3	1	8.206435	5.103639	11.581992	-3.381464	9.989724	4.941940	6.320392	8.230834	6.818593	-6.374908	-13.663969	2.545930	-2.290887	5.938160	-4.739956
45	4	20	-16.382115	1.197844	-27.921081	6.590083	-6.141963	-15.981291	-13.018841	1.949691	0.044977	3.302143	6.616337	-13.505700	-24.015187	-7.740392	-7.416413
45	4	53	12.121875	4.756988	13.284658	-10.209385	9.820244	4.837698	10.607539	7.228160	8.941733	-12.820654	-15.145056	-3.636438	-6.478146	8.069592	-11.351364
45	4	17	-11.297695	1.197845	-15.355391	6.589984	-1.315682	-12.493048	-2.340570	1.949691	7.811134	-1.934633	-0.032984	-5.695085	-22.651066	-7.741050	-8.016661
45	4	10	-7.682458	1.197930	-5.052495	2.030445	3.581001	-5.535493	-0.986365	1.949691	7.534047	-5.336691	-5.080474	-3.857053	-17.619800	-5.722929	-9.802600
46	2	76	-26.868197	2.675985	-21.438544	8.887270	-4.486362	-16.871951	-16.430606	0.088256	-3.999569	3.975373	7.495793	-10.108506	-21.531782	-15.895280	-4.420345
46	2	24	-20.225007	2.676003	-8.794710	4.262607	3.583601	-12.082358	-6.219248	0.088377	0.551550	0.123310	1.284925	3.040057	-11.100441	-9.938442	-0.494569
47	7	23	-16.434124	-0.676499	-18.716674	0.643380	2.812517	-7.576783	-13.443170	4.097593	-2.730314	3.310529	2.036220	-14.339103	-12.108621	-7.791911	-7.186247
47	7	38	-17.601967	-0.676499	-23.308225	6.402179	0.243668	-8.552781	-18.265814	4.097593	-2.630620	7.508861	4.965248	-15.166738	-14.594075	-10.955310	-11.863702
47	7	18	11.327381	5.941648	12.965421	-12.008340	7.126659	7.001788	8.878560	7.024032	13.263025	-8.476470	-12.900577	-2.683831	-0.513514	5.618475	-15.354912
47	7	1	-5.850395	-0.670233	-1.090239	-0.089952	5.550343	-1.121823	-3.977143	4.097611	3.365086	1.167511	-3.879089	-6.090021	-9.313835	-4.307976	-11.590553
47	7	16	11.327381	5.941648	12.965389	-12.008340	7.126659	7.001788	8.878560	7.024032	11.971221	-8.466677	-12.900577	2.652268	-0.513514	5.618475	-15.354912
47	7	3	11.327377	5.941648	12.173619	-8.204838	1.746150	6.979928	8.365744	7.024032	4.910122	-6.012673	-11.700541	8.657401	4.846148	5.582567	-5.162934
47	7	1	-5.870389	-0.670432	-1.001416	-0.065919	5.707730	-1.118183	-3.992395	4.097611	3.645064	0.892213	-4.158801	-5.030324	-9.449454	-4.365828	-11.541117
48	1	100	-24.747652	3.284903	-17.723094	8.362258	-5.753303	-14.247506	-11.868659	1.950542	-1.543485	-0.081021	4.538868	-5.792816	-9.373196	-9.931166	3.166836
49	3	68	-10.962741	-0.923577	-20.911935	7.686808	-3.967278	-13.678761	-11.324453	0.061145	2.147397	3.410921	3.833526	-8.638843	-12.598105	-16.385830	-5.904884
49	3	5	-8.351339	-0.574251	-6.831283	4.754907	4.577625	-3.221125	-1.189304	0.203039	0.365423	-1.393242	-1.064076	3.834630	-7.689028	-11.533194	-5.103228
49	3	27	5.508291	5.258036	1.729580	4.438881	8.899373	-1.552078	3.617259	4.162689	5.792682	-13.460974	-9.223092	5.352144	-3.046195	-1.376070	-9.593756
50	3	43	-14.437878	0.957793	-19.115139	0.433957	1.659254	-8.253922	-7.230739	3.998299	-7.927131	8.614428	5.343871	-8.760073	-12.170086	-5.104121	-4.716124
50	3	35	4.889635	6.494401	6.294863	-12.280148	3.876265	5.790699	7.833643	8.412542	-4.527527	-2.787609	-3.275307	3.825388	5.102938	3.854807	-1.802957
50	3	22	9.474938	6.494401	12.546943	-12.525465	9.186989	5.795351	11.483867	8.412542	5.819174	-10.649167	-8.632476	0.733498	1.182056	3.854808	-5.883748
51	5	51	-20.924022	2.095318	-25.263630	6.590955	-5.374617	-18.303776	-14.371435	0.719122	-8.743548	4.005204	4.648270	-15.438646	-14.634624	-13.110609	-7.843780
51	5	19	-15.131170	2.095318	-12.301487	2.637738	5.693035	-15.564427	-6.301271	0.719122	-6.992529	-0.540323	-0.180054	3.056155	-8.513041	-9.678509	-4.912534
51	5	19	-6.165074	2.095634	-0.641297	1.349933	7.375277	-11.873209	2.824489	0.719193	7.892912	-3.904053	-5.282149	-1.672084	-8.480460	-9.667071	-11.206547
51	5	8	2.756330	7.937926	5.681031	-2.585657	9.494925	-11.852491	7.379172	7.129004	11.383718	-5.474365	-8.898399	-1.664432	-2.388225	-2.758495	-4.952326
51	5	3	2.755095	7.937918	5.681030	-2.585633	9.494819	-11.852492	7.361002	7.128949	4.906997	-5.454723	-8.780376	4.368809	-2.388225	-2.758509	-4.952192
52	6	75	-16.739188	-0.847863	-19.552949	6.250733	-2.229670	-14.016574	-15.802666	2.485270	-10.951408	5.677467	7.334758	-15.340099	-19.310911	-16.037230	-7.485383
52	6	9	4.866576	5.249827	9.639751	-8.961324	9.598256	6.553567	6.835428	8.635076	-2.173662	-3.613800	-6.760434	-4.558117	-1.906402	5.720307	-7.078313
52	6	6	-12.974073	-0.847864	-12.687202	2.183887	4.438289	-1.893995	-6.226067	2.485269	-11.265647	1.880425	4.587186	-7.044198	-8.405916	-7.013432	-10.887107
52	6	5	-12.912742	-0.847864	-11.976629	2.304874	4.874344	-8.297442	-10.196921	2.485269	-11.182318	1.578291	4.330949	-6.587808	-14.314280	-11.703345	-9.079044
52	6	2	4.560161	5.249827	7.513388	-7.646394	4.151620	6.486192	6.327267	8.635073	-8.757453	-3.461450	-4.990328	2.669983	7.612309	5.720296	-1.000315
52	6	3	4.560159	5.249827	7.556840	-7.659254	4.151605	6.486191	6.327339	8.635073	-7.903434	-3.462789	-4.990320	-2.188708	7.612427	5.720297	-1.000281
53	1	100	-15.851269	4.676751	-17.520917	7.020321	-13.673824	-8.885301	-18.362444	1.894527	-4.752411	1.828628	6.487305	-3.803318	-10.306712	-14.847750	-0.625452
54	2	53	-13.642146	-1.579573	-17.502445	4.219434	-8.393017	-20.025529	-12.693759	1.075899	-1.460226	3.609818	7.350793	-14.732538	-15.260009	-14.699924	-10.610442
54	2	47	-12.263981	-1.579573	-10.705331	4.219367	-2.045753	-19.320494	-2.185467	1.075898	8.109438	-1.037793	2.871514	-8.350563	-13.793578	-14.699922	-6.841345
55	1	100	-21.535731	2.171560	-26.515525	6.863299	-7.847227	-11.448548	-13.702795	1.595833	-5.345600	5.734396	7.232018	-18.700399	-18.344025	-15.399414	-4.324872
56	10	48	-10.748056	2.906946	-14.426448	1.602860	2.810329	-8.614012	0.284632	-0.272852	-0.183094	-4.422498	-0.889424	5.014128	-15.467345	-7.967763	-2.946720
56	10	1	-14.093163	2.906945	-20.021736	6.891907	-2.279963	-10.481806	-9.509840	-0.272852	1.646144	-1.056447	1.783602	0.540895	-11.606367	-10.325933	0.427511
56	10	1	8.609911	9.216853	4.965948	-7.083773	4.633870	6.851141	8.331257	4.491031	-0.463413	-9.803992	-14.050718	9.887105	8.085844	1.477397	2.500484
56	10	1	1.878169	9.215109	-0.649520	5.732868	-1.396815	-2.722396	-0.187411	4.491031	5.240994	-3.065858	-2.927234	3.811097	1.439964	-6.027502	1.525622
56	10	1	7.307001	9.219023	2.198681	-3.909301	1.648365	6.809045	6.360540	4.491031	-3.666237	-8.924343	-6.108187	7.655883	7.973040	0.925805	3.360203
56	10	1	3.446523	9.221406	1.863501	2.032217	-4.484448	1.888367	2.807715	4.491031	2.621296	-3.608181	-6.246839	3.813082	4.655120	-3.033797	6.154467
56	10	2	-14.613668	2.906945	-15.516137	6.892672	-2.668242	-10.485502	-9.846739	-0.272852	2.238392	-1.646406	-0.100210	-1.178181	-12.198494	-10.928666	0.085758
56	10	1	4.835479	9.220750	3.168239	1.956499	-2.396779	2.077191	3.834583	4.491031	2.594389	-6.907725	-4.039963	3.894135	5.976936	-1.361079	3.531313
56	10	1	7.534311	9.218754	2.450524	-6.332530	2.083930	6.857987	6.907277	4.491031	-3.151617	-9.398194	-7.544272	8.014194	8.065882	1.066215	2.965831
56	10	1	7.903360	9.218244	2.969075	-8.701476	2.833399	6.863492	7.806034	4.491031	-2.296869	-9.745786	-10.340472	8.750913	8.173745	1.260274	2.780025
57	2	89	-24.525292	0.455604	-18.058044	6.728913	-4.791630	-13.419991	-9.592244	3.037118	-2.815763	-1.361866	6.725204	-7.824108	-9.568734	-10.807204	2.767449
57	2	11	-18.374059	0.455604	-14.508079	1.450988	4.792452	-8.660077	-8.435661	3.037118	-7.568907	-1.401794	2.581802	0.334075	-8.361577	-6.067561	-2.865392
58	3	95	-13.974017	0.784183	-18.556755	7.520261	-8.770273	-14.194495	-14.807957	0.571499	-10.199849	5.957034	5.963653	-18.974157	-17.955663	-11.815860	-6.341583
58	3	1	5.061827	7.401393	9.105454	-2.827493	2.446747	4.598063	4.499734	6.645478	-11.283497	-3.288787	-7.519645	3.479054	10.234177	6.044590	-0.149624
58	3	4	5.066824	7.401393	9.297084	-3.042894	2.697880	4.609339	4.635272	6.645478	-1.799006	-5.773292	-11.313009	-1.684114	10.427439	6.133130	-0.084212
59	1	100	-12.528973	-0.399462	-20.243465	2.885312	-6.093273	2.045980	-13.657661	3.418139	-9.287936	6.595351	1.841039	-18.125103	-8.905393	-6.422177	-9.126685
60	4	86	-10.847298	-0.179550	-26.203429	3.752494	-6.443116	-13.037427	-17.972968	-1.268408	-8.812892	8.322626	6.578930	-18.298118	-18.101008	-10.525403	-6.507327
60	4	4	3.790466	5.605945	14.280039	-13.251491	10.569293	8.014717	9.209033	3.067333	4.953145	-10.450880	-11.461439	4.023281	0.238981	4.218309	-10.882914
60	4	8	3.891999	5.617008	14.280108	-13.251491	10.570223	8.014722	9.209105	3.075189	6.764043	-10.491317	-12.169635	-0.321001	0.238981	4.230193	-12.141355
60	4	2	2.057830	5.272660	8.157356	-6.872240	10.466430	-2.545821	6.153501	2.823848	5.952819	-4.751899	-5.955826	-0.320332	-0.666706	-0.981866	-7.227998
61	1	100	-21.435804	1.839724	-19.540067	2.191691	3.516319	-9.318952	-14.072210	0.859702	-0.850093	3.025360	1.979783	-7.177750	-7.585789	-11.122289	-9.921158
62	7	41	-14.119881	-1.682570	-21.082360	6.794630	-2.096511	-15.404729	-7.493220	4.793559	4.497830	-3.015095	2.875050	-5.025556	-15.336955	-11.032731	-9.891047
62	7	26	-11.153698	-1.682571	-8.706077	2.687526	4.019120	-7.516300	-1.575079	4.793559	4.609059	-5.465109	-0.814794	-2.139855	-12.062101	-4.525775	-12.838691
62	7	22	5.827374	4.943538	3.064233	0.473617	10.475784	-2.526802	5.210392	7.332722	12.987321	-6.171536	-5.047866	-1.983590	-3.416214	2.683016	-12.895015
62	7	3	-15.227790	-1.682576	-18.555162	2.687540	4.018777	-12.116239	-5.236399	4.793559	0.653238	-2.608256	3.700033	3.198085	-12.062261	-4.526333	-11.845700
62	7	3	5.826697	4.943538	3.064195	0.473673	10.077177	-2.526805	5.210389	7.332722	9.080572	-6.171377	-5.047497	-1.984195	1.777224	2.683009	-11.422958
62	7	1	7.278759	4.943538	5.697234	-2.189362	4.087527	2.252774	6.933716	7.332725	1.003419	-4.223861	-4.924586	3.318524	6.423486	6.957347	-9.628286
62	7	4	5.827373	4.943538	3.064231	0.473621	10.475784	-2.526803	5.210392	7.332722	8.170642	-6.171534	-5.047690	4.064122	-3.416217	2.683015	-12.894106
63	3	69	-12.360868	2.002638	-13.841854	-1.310218	6.711634	-6.778785	-4.785545	3.687297	-9.440640	-0.987071	0.639892	2.927036	-16.251712	-15.943419	-4.197440
63	3	23	4.359045	6.622062	10.124185	-12.555943	9.582296	6.668730	4.825005	7.687876	-1.023533	-11.056024	-10.060783	2.990312	-5.635635	3.046993	-7.143537
63	3	8	3.823047	6.621300	7.081924	-12.551799	6.178086	6.658750	4.249822	7.687664	-11.555095	-10.495794	-9.138880	5.219604	6.801210	3.042025	-0.010278
64	5	44	-24.311756	1.475232	-14.305093	7.629187	-5.909530	-14.715908	-11.441634	0.037733	-5.255542	-0.202452	6.902826	1.796423	-14.212075	-14.596660	3.226883
64	5	2	1.826689	7.902122	6.368934	-3.397955	3.110746	6.967756	5.310890	5.284279	-12.285799	-8.588430	-10.292418	6.707366	3.742806	5.678534	-2.729977
64	5	23	-23.174348	1.475232	-8.954095	6.335469	1.792999	-7.920293	-5.103683	0.037735	-9.876095	-3.880077	2.928234	6.540204	-13.825485	-9.108398	-2.141486
64	5	13	1.827023	7.902163	6.502957	-5.230368	10.548177	6.969215	5.326670	5.284419	-6.140668	-9.364739	-10.817481	4.717276	-2.911611	5.678621	-8.083430
64	5	18	-24.311756	1.475232	-14.280303	7.629187	-5.909507	-14.715908	-11.441629	0.037733	-4.705548	-0.202455	6.902826	-3.048758	-14.212055	-14.596658	3.219602
65	2	65	-20.093812	0.232026	-16.270811	6.599779	-5.217680	-16.869747	-19.029917	4.042525	-4.958915	3.352648	4.602505	-19.822955	-12.437825	-12.771131	-3.760570
65	2	35	8.600915	5.917836	12.122852	-8.497640	3.324391	3.621119	3.241344	9.136279	-1.475423	-6.282009	-9.996737	4.409009	11.480654	6.635910	5.318952
66	10	1	10.012146	6.712743	13.304432	4.884679	3.261665	6.823985	9.616360	5.735375	7.239845	-15.132754	-11.791146	2.834982	7.993220	6.288791	-9.453682
66	10	1	10.066502	6.712846	13.304213	4.175233	3.239982	6.873299	9.617601	5.741477	6.821036	-17.106688	-12.797231	2.794163	7.975504	6.309383	-9.627698
66	10	12	-15.894905	2.279574	-13.623481	8.769341	-5.814976	-17.008770	-3.781241	-0.313366	4.241381	-3.041112	2.696279	6.926549	-12.931262	-14.625920	-1.732808
66	10	1	10.097868	6.712854	13.304094	0.381831	3.237289	6.913426	9.617562	5.743324	5.167767	-12.677640	-12.538770	2.761821	7.964231	6.317023	-9.206173
66	10	1	-4.102552	2.294384	-14.732689	8.448583	-8.597627	-3.445338	-11.860906	0.528296	-0.283908	2.121597	5.624656	-1.380914	-1.099533	-8.229033	-1.330244
66	10	1	10.096025	6.712854	13.304094	2.238899	3.237415	6.909201	9.617810	5.743291	5.944584	-17.056039	-12.817568	2.765249	7.964882	6.316827	-9.655658
66	10	1	9.735395	6.708404	13.292049	5.860830	3.697274	6.622571	9.596683	5.682591	7.898615	-11.791622	-8.536736	3.001853	8.002543	6.135823	-8.436232
66	10	4	3.522574	6.704974	4.524934	1.971152	-7.594764	0.169402	1.909109	5.742867	4.096828	-0.550716	-3.968112	7.652242	5.572835	0.147992	1.381664
66	10	1	10.075512	6.712854	13.286243	-3.720737	2.339343	6.893094	9.588805	5.743325	2.039786	-8.864950	-10.336968	6.344680	8.637849	6.266513	-1.860174
66	10	3	10.097946	6.712854	13.304092	-1.436968	3.237129	6.913968	9.617225	5.743325	3.817925	-11.919147	-11.848953	3.176635	7.964291	6.317021	-4.903704
67	3	89	-21.458192	0.161133	-25.718006	6.549299	-6.665977	-14.540233	-16.715059	0.489740	-9.403133	5.298347	8.075500	-11.716174	-16.517450	-12.363566	-8.135437
67	3	6	6.360967	6.693606	6.345966	-9.296325	4.135339	7.992637	2.764307	6.792190	-10.534576	-2.290825	-4.258923	5.568119	5.003259	6.554089	-2.660972
67	3	5	-15.876529	0.161133	-17.651316	0.034628	4.457431	-9.402272	-6.876220	0.489740	-8.650996	0.750631	3.064369	-2.570536	-10.242489	-6.757109	-4.917748
68	3	78	-25.074297	1.487214	-23.216927	4.651004	-7.580997	-14.362176	-11.949789	0.149142	-9.776202	4.543793	6.890205	-22.108316	-17.350761	-12.324193	-6.469002
68	3	21	10.136804	7.947789	13.914448	-13.818790	9.410236	7.982330	11.413153	5.800010	6.977250	-12.903421	-10.952753	-2.138220	-4.284522	4.100136	-11.775890
68	3	1	10.136794	7.947789	13.914439	-13.818811	9.113788	7.981482	11.394605	5.800010	6.457591	-12.863482	-10.952753	-2.133177	2.206011	4.100131	-8.721998
69	1	100	-20.856352	-0.228201	-28.516753	5.753619	-6.497430	-21.916804	-10.945100	1.978490	-9.319313	2.315444	7.410012	-14.191369	-7.959312	-11.516410	-0.322573
70	10	51	-6.432892	3.261247	-14.415777	0.800339	7.105371	-3.475652	-5.809922	8.023784	-6.349551	-0.931188	2.576274	7.079334	-8.323457	-0.100487	0.173146
70	10	1	4.703995	7.377604	0.232510	1.393625	3.617150	-2.885156	-5.080082	8.094046	-5.249348	2.298433	5.219925	3.957353	-2.312261	5.174372	1.921656
70	10	1	10.652140	7.379366	7.017145	-3.862565	6.650117	5.640821	8.281887	8.093766	3.405746	-12.491675	-0.375802	10.323289	9.297954	7.040953	-0.653004
70	10	4	-1.695184	6.571147	-3.553465	-3.408034	7.865246	7.852797	-1.281634	8.023784	-11.677088	-0.985872	-1.982044	6.095313	-3.062098	1.788202	-2.029723
70	10	1	2.551243	7.344459	-2.460880	0.669709	8.842221	-3.312349	3.559478	8.093950	-0.033190	-6.341286	2.860250	9.948746	-8.222008	3.350551	0.418090
70	10	1	2.419513	7.316033	-0.524673	0.639770	9.116566	-3.212175	3.916540	8.092296	4.506351	-10.253486	1.802712	10.306040	-7.133369	4.569200	-0.461228
70	10	1	3.171968	7.360067	-1.814650	0.661258	8.759794	-3.286979	1.682757	8.094040	-1.164610	-3.140446	3.282842	9.103376	-7.610330	4.941044	0.535005
70	10	1	2.535212	7.317135	-0.416375	0.631115	9.159790	-3.184455	3.927416	8.092353	4.619570	-10.554745	1.729346	10.315854	-6.764615	4.747007	-0.549959
70	10	1	4.784716	7.356293	0.557844	0.145094	9.601815	-1.708112	5.149026	8.093390	5.076643	-13.936395	0.880480	10.310893	-4.009904	5.725240	-1.572916
70	10	1	4.121367	7.372969	-0.551407	0.860130	7.154193	-3.138747	-1.580597	8.094046	-5.054329	0.649715	4.314786	4.951633	-4.287960	5.543547	0.955729
71	3	91	-27.150599	-0.496663	-29.809420	5.763967	-4.639379	-10.263665	-13.123386	0.829127	-5.260266	3.893529	8.853668	-12.002571	-7.612923	-18.198318	-2.099410
71	3	5	4.100668	6.077828	13.782010	-11.080583	7.949949	7.399693	8.790155	6.881038	1.702948	-5.093384	-9.142625	-2.219857	4.569631	5.295236	-4.899851
71	3	4	-10.407069	-0.496663	-0.397692	3.300584	-0.829394	1.390363	2.503935	0.871269	6.036606	-7.620615	-0.727576	-1.209322	2.905163	-9.818166	-1.095455
72	6	19	9.068248	7.930287	14.275995	-7.267860	8.629851	8.043053	10.114002	6.637957	7.628960	-10.270258	-16.713576	2.947969	-1.503766	8.379664	-9.655232
72	6	27	-17.799217	2.788500	-3.043699	7.565037	-2.559456	-8.212714	-1.121828	0.286987	7.175411	-2.298375	-0.675649	-4.683422	-14.764608	-10.406924	-3.241324
72	6	35	-20.890278	2.788500	-13.511137	8.029787	-8.961182	-13.475344	-14.203814	0.286747	-5.162942	3.330878	4.666205	-16.589152	-14.740370	-10.418908	-3.112656
72	6	4	2.919477	7.930098	8.802358	-1.428326	-7.396748	4.899139	4.603213	6.326316	3.141839	-1.954081	-8.701260	-2.552042	4.414283	2.228201	-0.089442
72	6	10	9.068248	7.930287	14.281364	-7.267860	8.629851	8.043053	10.114002	6.637957	8.529302	-10.427272	-16.724837	-1.503377	-1.503766	8.379664	-9.654918
72	6	5	2.918184	7.930097	8.681691	-1.428315	-7.455034	4.853061	4.436365	6.326062	2.602399	-1.501327	-7.906788	1.924835	4.432995	2.228175	0.000517
73	4	64	-11.886403	1.621994	-12.130501	3.007616	2.129153	-6.564756	-14.499258	0.996265	-6.101209	1.176662	2.427178	-6.507036	-14.451964	-5.386277	-4.841193
73	4	14	-11.877037	1.621994	-6.439388	2.972664	3.803882	-5.645730	-9.206713	0.996265	-4.860392	-0.827909	-0.895490	-4.020261	-14.107486	-4.884905	-5.068150
73	4	16	10.765342	7.882525	13.254690	-8.532757	9.305208	8.030660	8.088208	6.443672	3.393439	-9.951055	-14.773836	4.772069	-2.027861	5.794255	-3.864324
73	4	6	-11.878871	1.621994	-6.447679	2.972667	3.803465	-5.684440	-9.206962	0.996265	-6.752848	-0.827310	-0.880808	2.481963	-14.129755	-4.885036	-5.067903
74	10	1	-11.433520	1.817330	-9.889065	6.537069	7.068081	-7.030716	-3.366121	2.004392	-4.905490	-1.644338	1.828704	-0.167163	-6.557011	-6.099192	-4.313843
74	10	28	-21.383729	0.283749	-15.517867	9.615874	-3.618057	-11.506936	-9.209789	2.004392	-5.417898	3.528888	6.491980	-19.176078	-14.046250	-12.382766	-6.611440
74	10	1	8.410174	6.897087	7.761376	-5.891757	3.684452	5.797050	9.378292	4.749724	-0.618119	-7.105138	-7.497148	-4.518871	9.896506	5.729678	0.290860
74	10	2	8.426568	6.897086	7.776140	-5.855713	3.851798	5.797051	9.380618	4.749724	-0.613199	-7.163054	-7.609461	-4.525639	9.890201	5.742265	0.244896
74	10	1	-12.234185	1.411698	-6.687838	6.205811	7.068586	-6.988105	-2.833400	2.004392	1.879681	-1.773571	0.950754	-1.778163	-7.660263	-6.118439	-4.982734
74	10	1	10.690014	6.882960	13.642703	-0.307679	6.722662	5.797052	10.558769	4.749725	5.723017	-12.683810	-14.615535	-3.844123	7.533374	5.775506	-9.617252
74	10	3	8.475363	6.897037	7.806500	-5.229878	4.136203	5.797052	9.393503	4.749725	-0.598694	-7.237139	-7.821207	-4.537354	9.877210	5.757654	0.177962
74	10	1	9.472959	6.895903	9.581169	-2.908152	6.262575	5.797053	9.949649	4.749725	0.272574	-7.377308	-9.441789	-2.889816	9.389951	5.775436	-0.354813
74	10	3	8.403475	6.897087	7.755240	-5.894567	3.612586	5.797050	9.377512	4.749724	-0.619925	-7.076873	-7.451483	-4.516049	9.899060	5.723360	0.312394
74	10	1	9.610133	6.895670	10.104649	-2.732094	6.479913	5.797053	10.022303	4.749725	0.436717	-7.413191	-9.646493	-2.377102	9.212280	5.775480	-0.524463
75	4	4	2.426911	6.535440	5.215323	-10.340843	7.192321	6.475028	2.165250	7.158014	-5.971780	-10.095977	-6.929046	-6.145843	7.511296	3.857930	-1.376229
75	4	59	-17.367682	2.066564	-19.643358	0.374047	1.944347	-8.793120	-13.597807	2.313544	-8.795774	5.721525	2.166624	-14.123968	-17.236493	-15.153899	-4.928416
75	4	24	9.491022	6.652113	14.915090	-10.342013	10.418383	6.475028	8.051281	7.283488	7.236586	-15.874863	-10.613903	-2.880763	-3.888425	3.859850	-12.718321
75	4	13	-14.016739	2.066564	-10.895601	-0.996862	1.880028	-0.459596	-13.727476	2.313544	-11.010130	6.150233	-2.227773	-12.567495	-8.726501	-10.419240	-1.597618
76	10	1	9.583843	8.025946	12.095179	0.405009	1.891656	7.421597	10.285343	6.069561	1.880171	-15.790139	-7.412044	6.038208	8.062847	2.529981	-0.858675
76	10	1	9.089966	8.025946	11.903378	0.565553	1.967126	7.355644	10.185308	6.069561	2.290677	-15.867383	-7.151840	1.954383	7.989660	2.530686	-1.132757
76	10	2	7.129583	8.025946	11.645754	0.859852	1.648373	7.263491	9.942402	6.069561	0.547761	-13.583080	-6.911991	-4.887944	7.592053	2.310991	-0.896159
76	10	1	8.707913	8.025946	11.823341	0.646907	1.946404	7.327077	10.121352	6.069561	2.194637	-15.157463	-7.059043	-1.043400	7.919176	2.509742	-1.192805
76	10	18	-12.867367	1.911454	-11.072659	8.201832	-3.662439	-11.772304	-8.571231	0.952969	3.471266	-1.865840	2.930842	-8.881134	-17.605590	-18.325761	-9.718302
76	10	1	9.548756	8.025946	12.115096	0.444804	1.819888	7.421127	10.283206	6.069561	1.706022	-15.275727	-7.456149	6.142065	7.997687	2.497270	-0.804885
76	10	1	9.480402	8.025946	12.111695	0.494918	1.779216	7.412088	10.273343	6.069561	1.597932	-14.994937	-7.460398	6.014539	7.937989	2.470313	-0.803709
76	10	30	-19.282734	1.911454	-21.434846	8.201969	-8.372236	-11.772780	-14.577230	0.952969	-8.532164	3.974027	5.212994	-21.934309	-17.699675	-18.325776	-9.911307
76	10	2	-14.234782	1.911454	-14.621224	7.495081	1.707139	-6.293896	-4.919449	0.952969	-2.414807	-1.789482	3.674189	-10.007228	-9.517123	-13.501860	-4.981595
76	10	2	9.151535	8.025946	12.061733	0.655085	1.736669	7.365741	10.220147	6.069561	1.275869	-14.372032	-7.393455	4.846129	7.776417	2.408117	-0.917299
77	4	81	10.827000	7.846271	11.939586	-15.545938	6.987520	8.340309	10.523702	6.737170	3.673839	-11.811463	-16.396305	-2.213526	3.123547	6.964675	-10.564744
77	4	16	-17.417180	1.725093	-24.610386	3.667730	-2.675195	-15.401581	-14.238561	0.892246	-5.594327	3.770081	6.798782	-21.265056	-11.344542	-11.223066	-5.108502
77	4	2	-13.895860	1.725093	-12.716979	-2.818457	4.050506	-6.276161	-5.604328	0.892246	-9.076954	2.158515	0.921619	-14.483021	-10.891576	-6.913743	-5.019030
77	4	1	6.368710	7.846270	4.998382	-8.650369	-4.543644	2.776330	4.080205	6.737142	0.378453	-2.964374	-2.781493	-8.305354	5.160481	2.550529	0.414831
78	10	19	-22.994512	1.080625	-25.258103	6.074756	-0.126516	-8.712630	-8.769433	0.820814	-9.914492	1.815614	6.730811	-10.419746	-18.479820	-15.300746	-9.364520
78	10	25	-13.598715	1.080625	-5.551686	-1.212845	3.396333	0.585678	-1.718605	0.820814	-6.723351	-3.599822	-1.804476	-3.319976	-11.622785	-9.412806	-8.427931
78	10	1	6.564309	6.494046	9.894263	-8.509472	8.906018	4.685368	7.446059	7.067316	1.820419	-10.664648	-10.754295	2.091236	2.337671	0.563474	-6.174642
78	10	25	-18.429682	1.080625	-15.175671	0.656402	3.390649	-6.846221	-4.236741	0.820814	-5.920345	-1.997500	4.451505	-1.857020	-15.891071	-14.200810	-2.545850
78	10	2	5.133771	6.494046	9.651521	-8.509492	9.914252	4.691166	4.512606	7.067430	-1.874010	-10.495706	-10.786545	1.206004	-3.595647	0.563507	-8.500498
78	10	2	7.646951	6.494046	10.526151	-8.509493	9.916387	4.691159	7.222903	7.067502	0.095611	-10.763217	-10.947806	4.048234	-3.594013	0.563494	-8.834104
78	10	2	7.332723	6.494046	10.445402	-8.509493	9.916892	4.691159	6.453035	7.067527	-0.603091	-10.646031	-10.911541	3.838218	-3.593684	0.563502	-8.775065
78	10	1	6.085071	6.494046	9.804732	-8.509491	9.913287	4.691165	6.434627	7.067369	1.911089	-10.583848	-10.813059	1.743678	-3.596028	0.563494	-8.588244
78	10	1	5.478342	6.494046	9.729535	-8.509475	8.907759	4.685372	4.617462	7.067497	-3.647874	-10.500228	-10.704468	1.598975	2.338834	0.563512	-6.028529
78	10	1	5.168246	6.494046	9.604822	-8.509474	8.906900	4.685373	4.524865	7.067437	-2.887669	-10.496292	-10.691823	1.204969	2.338318	0.563506	-6.011929
79	5	42	-20.061962	2.096882	-26.965493	6.259595	-4.667306	-19.206263	-16.791155	-1.557207	-6.167615	3.483107	5.158578	-16.069827	-17.372677	-22.972600	-9.437379
79	5	42	5.012037	6.945095	7.227669	-4.579452	11.771171	-7.635725	5.725222	4.864087	12.014144	-8.993817	-7.369870	-1.979591	-6.414575	-4.762723	-7.548656
79	5	12	5.012037	6.945095	7.198106	-4.575458	11.771171	-7.635725	5.725221	4.864087	6.595217	-8.990810	-7.369830	3.895567	-6.414579	-4.762776	-7.546076
79	5	3	8.081506	6.954202	12.845271	-11.207707	11.771129	2.897509	12.005587	4.864737	12.141706	-12.751909	-13.639429	-1.979630	-3.226224	0.937424	-13.497789
79	5	1	8.081506	6.954202	12.818185	-11.207620	11.771129	2.897509	12.005586	4.864737	6.722756	-12.749602	-13.638865	3.895547	-3.226224	0.937424	-13.495797
80	1	100	-26.531840	-1.651375	-29.581531	7.337921	-6.425348	-13.150050	-13.852070	-4.421171	-8.439453	10.294516	6.880080	-14.371795	-20.965607	-10.242577	-5.566621
81	1	100	-23.081414	2.379744	-22.717505	6.941464	-6.182785	-18.006495	-11.040977	2.921228	-10.280116	3.823296	7.014674	-17.764574	-14.170932	-13.283579	-6.500864
82	4	26	7.973953	7.130854	13.326138	-4.353402	8.277354	7.227900	10.651645	5.190337	4.490397	-5.576974	-13.595384	-0.322594	5.980730	6.104498	-6.527487
82	4	28	-17.914755	1.069040	-23.836884	8.997947	-7.245041	-14.339947	-16.479830	0.584092	-7.158052	5.710077	6.912933	-8.532073	-13.635695	-16.277403	-4.082355
82	4	41	-15.942501	1.069040	-23.819686	8.986772	-0.785065	-11.185056	-15.715583	0.584092	-7.170830	5.570921	6.903150	-5.822892	-13.384861	-16.214483	-4.559291
82	4	5	6.637175	7.130847	7.269977	-4.353402	6.415610	7.227900	8.312095	5.190337	-2.808778	-3.439838	-9.398157	3.501954	11.958205	6.104495	0.255183
83	1	100	-15.455602	2.596876	-14.489302	4.308676	-8.798384	-16.991420	-5.406214	-1.488394	4.071844	-3.124178	1.944411	-4.763004	-9.531415	-13.130710	-1.499472
84	1	100	-19.126484	0.365563	-26.831508	6.790008	-10.169358	-19.424007	-14.114276	-0.850165	-12.046213	3.414754	6.566891	-10.927360	-11.802795	-17.777950	-5.938536
85	1	100	-21.327066	0.293592	-19.097973	6.777185	-6.941532	-14.854356	-21.068408	-1.434959	-11.529411	8.996122	7.272068	-16.967148	-17.470904	-16.064265	-6.611652
86	4	84	-26.056538	1.393174	-20.673716	5.890340	-9.608649	-10.715364	-19.658535	2.448759	-10.140774	7.266705	6.609951	-18.545022	-15.759741	-15.418470	-11.715604
86	4	10	9.685378	7.257407	14.377592	-8.938913	7.481015	6.536719	6.879478	6.639300	5.496237	-7.595363	-10.307977	0.115239	-1.833446	5.861465	-17.869805
86	4	3	9.685250	7.257407	14.332293	-8.717984	5.522130	6.536474	6.879466	6.639300	3.658009	-7.526021	-8.855524	0.042230	3.025390	5.861452	-11.163752
86	4	3	9.685161	7.257407	14.375582	-8.938913	7.481014	6.536719	6.879460	6.639300	3.468057	-7.595363	-8.704217	6.388294	-1.833446	5.861465	-17.738021
87	5	38	-21.100564	3.545959	-26.660773	6.705184	-3.433462	-16.669865	-16.484485	0.106743	-10.841965	6.664797	5.916692	-18.001243	-16.627508	-15.253326	-7.203304
87	5	49	-19.556116	3.546002	-24.354042	4.283215	1.209668	-12.668125	-13.036741	0.106743	-10.924379	6.282143	5.648565	-13.113018	-10.304553	-12.640783	-8.710911
87	5	2	3.936552	8.586167	7.519036	-8.443274	9.606206	5.039844	9.258341	6.740748	-1.430425	-6.278418	-11.204245	2.924135	-0.179127	5.666378	-3.203399
87	5	10	10.087188	8.671821	13.335477	-10.026827	9.683000	5.039844	9.310222	6.740748	1.751594	-6.530688	-16.182876	6.745111	-0.207394	5.666378	-3.872538
87	5	1	10.132428	8.671860	13.536327	-10.033832	9.685051	5.039844	9.310222	6.740748	8.374181	-10.125091	-16.198635	-0.872460	-0.212676	5.666378	-8.297219
88	4	45	-21.390963	1.688769	-22.060956	6.593740	-6.897617	-17.752986	-19.694419	3.777886	-4.968327	5.845052	6.323168	-15.542741	-22.081363	-11.934686	-10.698170
88	4	27	-16.600489	1.689498	-13.212629	2.669881	3.531765	-9.420414	-10.214131	3.777885	-3.072331	1.517594	1.557994	-9.022324	-15.854007	-7.100738	-15.677254
88	4	4	8.988350	7.338352	13.341318	-4.185746	11.249774	4.974279	9.522772	9.460407	4.449679	-8.401815	-13.184713	3.291895	1.626637	6.356713	-10.094362
88	4	24	8.988353	7.338352	13.345876	-4.185750	11.343722	4.974279	9.604924	9.460407	5.222552	-8.404860	-14.135208	3.292051	-4.909638	6.356713	-13.836713
89	4	84	-18.033412	-0.828356	-19.990657	6.852859	-0.842173	-17.831361	-13.659693	1.147671	-5.282218	5.884403	6.959779	-10.846129	-10.979364	-13.967413	-3.749121
89	4	9	-0.680920	4.183086	2.940098	-2.805552	8.563446	-5.109959	4.204588	4.157570	5.031883	-3.095131	-1.724464	6.972012	-3.658410	-5.708074	-4.237474
89	4	6	-18.019854	-0.828356	-13.802076	2.794923	2.748552	-11.493961	-9.581681	1.147671	-5.790710	3.098054	6.880645	-6.344770	-9.306172	-12.338219	-1.760934
89	4	1	6.738174	5.475952	13.051735	-11.631986	10.226584	4.151688	11.074735	6.777453	3.938537	-9.535653	-7.333749	5.830173	-3.584975	3.865871	-9.263968
90	2	95	-23.020825	0.460581	-27.437856	6.624397	-7.193594	-13.047437	-13.912236	4.567287	-6.207087	7.495126	5.917525	-12.715795	-19.200679	-11.195572	-9.100980
90	2	5	5.894002	7.100049	8.789398	-9.527136	8.861429	5.380719	8.679539	7.112646	-3.295550	-4.237321	-5.517863	5.007186	-1.716970	6.169718	-3.860682
91	1	100	-16.774409	3.389207	-22.109569	0.219248	4.848875	-7.976083	-12.569229	2.478689	-15.050315	5.138358	4.127165	-8.291859	-7.935540	-10.455563	-8.869552
92	2	96	-21.426743	1.442442	-30.757653	7.028106	-9.162758	-10.292097	-17.517283	0.183476	-11.566114	2.997557	8.457254	-18.334792	-15.981193	-15.645811	-5.938145
92	2	4	9.475763	7.960863	12.359943	-11.314524	7.704924	6.054165	9.597286	6.584984	4.895411	-10.621423	-14.549144	3.265940	-1.405017	5.834214	-8.578408
93	10	85	-23.327816	2.200030	-23.775429	4.101266	-5.785878	-10.579259	-14.568125	0.041695	-9.886479	6.469467	7.387504	-14.268625	-19.801885	-12.599466	-3.666872
93	10	7	-12.546448	2.200030	-1.956594	-9.819800	4.586984	7.691221	0.728000	0.041713	-4.021704	-1.890791	-0.398266	-4.717157	-9.199560	0.214808	-4.941601
93	10	1	5.255117	7.569749	6.652918	-13.938322	11.328944	8.680819	8.153059	6.620673	-1.579694	-9.800277	-4.792180	6.330764	-3.013419	6.241826	-5.693845
93	10	1	6.414413	7.569682	8.472101	-13.938322	11.329850	8.680819	9.381757	6.620731	0.568154	-11.157948	-5.257092	7.256827	-3.044222	6.241857	-6.025103
93	10	1	3.662816	7.566271	5.639059	-13.938319	11.316777	8.680819	7.305944	6.619335	-1.698373	-8.695353	-4.446522	1.830687	-2.983273	6.241520	-5.523982
93	10	1	6.553938	7.569340	9.317207	-13.938322	11.317266	8.680819	10.013070	6.620675	2.425667	-11.391433	-5.329128	6.864697	-3.029199	6.241827	-6.388489
93	10	1	6.394216	7.569689	8.408223	-13.938322	11.330042	8.680819	9.339723	6.620732	0.495018	-11.119556	-5.233088	7.259055	-3.043376	6.241858	-6.007325
93	10	1	5.762963	7.569761	7.211737	-13.938322	11.330475	8.680819	8.544610	6.620716	-0.844495	-10.280454	-4.909951	7.017985	-3.024000	6.241848	-5.773705
93	10	1	3.903954	7.568546	5.778760	-13.938321	11.321314	8.680819	7.447280	6.620040	-3.306081	-8.759487	-4.542749	3.362694	-2.990704	6.241648	-5.560702
93	10	1	4.896953	7.569692	6.351746	-13.938322	11.327478	8.680819	7.929978	6.620613	-2.065944	-9.502147	-4.725276	5.671858	-3.007031	6.241800	-5.652316
94	10	1	8.146430	5.735992	3.892219	4.956973	7.441787	-2.890448	3.176876	6.217151	11.435818	-10.915350	-3.094037	-3.976727	0.458173	0.181027	-13.378227
94	10	72	-19.693086	-0.251843	-26.375386	8.024162	-5.931698	-19.362069	-14.106397	-0.325890	-7.051668	7.021844	6.272975	-16.688343	-15.325005	-17.012734	-10.277564
94	10	1	9.885928	5.750521	5.893820	4.444799	5.150667	-2.738999	3.510864	6.217151	11.354722	-10.400761	-4.326056	-3.976667	2.501252	0.280327	-10.059913
94	10	1	9.312144	5.745033	5.057759	4.702565	6.182613	-2.770814	3.365550	6.217151	11.506395	-10.841490	-3.700540	-3.976710	1.830788	0.262854	-12.690441
94	10	1	10.636022	5.757368	6.696084	2.960718	3.998365	-2.729596	3.671580	6.217151	9.808919	-8.487995	-5.652841	-3.879341	3.009092	0.285009	-7.026807
94	10	1	9.901830	5.750680	5.917603	4.434746	5.118310	-2.738424	3.515165	6.217151	11.340356	-10.374388	-4.349095	-3.976658	2.517896	0.280603	-9.977222
94	10	1	10.223651	5.753885	6.365813	4.160014	4.472757	-2.730500	3.600325	6.217151	10.814747	-9.583125	-4.899367	-3.974540	2.813301	0.284177	-8.523271
94	10	1	10.305031	5.754676	6.461122	4.055037	4.329516	-2.729623	3.619948	6.217151	10.605120	-9.321199	-5.062156	-3.971907	2.872087	0.284571	-8.238549
94	10	1	10.622446	5.757295	6.692818	3.075662	4.001933	-2.729563	3.670897	6.217151	9.822309	-8.505113	-5.639581	-3.899320	3.007426	0.285009	-7.152966
94	10	1	9.741170	5.749090	5.675640	4.526886	5.438517	-2.745020	3.472031	6.217151	11.448541	-10.593147	-4.132672	-3.976701	2.343218	0.277327	-10.829361
95	10	1	9.391406	4.983465	7.584850	-8.163965	8.830205	5.726714	10.332405	8.416902	1.209327	-11.255084	-8.710874	2.447453	-4.940626	3.064278	-9.037168
95	10	23	10.926527	4.983465	10.647258	-8.165249	8.830205	5.726714	10.559369	8.416902	6.957303	-14.635356	-14.852773	0.820423	-4.940627	3.064303	-14.906696
95	10	39	-1.703761	-0.754868	-8.241915	4.207629	2.938370	-7.520493	-0.370309	5.071872	2.386173	-6.186208	0.999154	0.363874	-15.668880	-13.685537	-13.124562
95	10	1	9.398183	4.983465	7.724120	-8.163903	8.830205	5.726714	10.342588	8.416902	1.505345	-11.256726	-8.689292	2.359695	-4.940626	3.064276	-9.124180
95	10	1	9.455075	4.983465	8.327936	-8.163873	8.830205	5.726714	10.369104	8.416902	2.087472	-11.288346	-8.692825	2.376858	-4.940626	3.064276	-9.465067
95	10	1	9.465444	4.983465	7.777253	-8.164231	8.830205	5.726714	10.376451	8.416902	0.805173	-11.299603	-8.823885	2.853505	-4.940627	3.064288	-9.184607
95	10	2	9.476077	4.983465	7.821652	-8.164248	8.830205	5.726714	10.384422	8.416902	0.808954	-11.305827	-8.833644	2.893165	-4.940627	3.064288	-9.220381
95	10	1	9.558094	4.983465	8.216023	-8.164318	8.830205	5.726714	10.436702	8.416902	0.946649	-11.357087	-8.892627	3.197224	-4.940627	3.064292	-9.599835
95	10	1	9.417775	4.983465	7.956872	-8.163875	8.830205	5.726714	10.354704	8.416902	1.793695	-11.266457	-8.682251	2.320753	-4.940626	3.064275	-9.261493
95	10	1	9.668330	4.983465	9.173723	-8.164163	8.830205	5.726714	10.448403	8.416902	1.630562	-11.442631	-8.896334	3.811811	-4.940627	3.064290	-10.729931
96	3	55	3.641448	5.602775	9.737444	-12.934542	5.978795	9.688397	3.303449	9.537113	-2.419405	-16.574173	-14.215368	-2.902132	7.452304	4.313018	-2.323716
96	3	21	-9.734010	0.670828	-2.775791	-2.851293	5.775922	2.683422	-2.066772	3.154906	-3.813819	-6.129233	-4.246805	-5.044809	-4.101018	-1.374658	-7.418239
96	3	24	-16.010310	0.670817	-15.390621	0.303159	3.196681	-6.079528	-9.303491	3.154906	-9.358497	1.031789	2.681574	-6.339379	-9.293444	-6.083736	-3.699999
97	1	100	-17.355295	-1.819625	-28.952545	8.890865	-3.231591	-14.197043	-8.863655	1.612740	-4.052324	5.949181	7.297896	-13.057186	-12.823570	-17.325502	-7.321132
98	2	68	7.592371	5.626664	8.823113	-5.993489	3.215877	7.713194	7.676783	8.634955	-1.381424	-5.711199	-15.699311	4.016063	6.507502	1.136492	-2.900934
98	2	32	-16.163323	0.710263	-21.489450	6.924251	-6.415755	-14.231332	-12.650444	2.061915	-10.002546	9.360747	6.412995	-13.504318	-12.361869	-10.687698	-3.281596
99	3	18	8.982425	7.361942	10.585657	-9.336054	7.553184	7.305663	7.662653	8.137027	3.819316	-13.249616	-16.625570	2.700895	3.372973	7.141656	-7.986140
99	3	81	-20.723788	2.281004	-23.637136	7.344066	-7.231975	-15.541282	-20.864587	2.378971	-9.318800	6.971648	4.681961	-19.172734	-20.790452	-12.448025	-11.603048
99	3	1	2.716952	7.015952	3.892525	-7.473071	7.553345	7.305666	1.702188	8.077241	-0.370610	-6.837975	-10.519109	-2.625098	3.372335	7.140399	-7.616497
100	7	13	2.849889	9.250228	8.830633	-3.858672	9.569004	-3.840597	5.623985	6.324209	8.082474	-4.111153	-5.762302	-3.659517	-4.411311	0.108406	-8.893638
100	7	66	-22.050197	3.557826	-22.977188	6.411131	-7.271901	-18.336810	-15.148520	0.027141	0.087610	4.767802	2.364308	-15.631058	-15.137204	-12.240723	-6.453448
100	7	9	-3.693916	3.664490	-0.348555	1.181175	3.312613	-8.281046	5.379432	2.640050	10.410102	-3.694519	-0.643090	-3.661953	-11.327454	-4.215191	-12.793269
100	7	4	8.406099	9.361800	12.399474	-3.942495	9.581713	5.947508	11.827425	6.556364	8.228171	-10.841470	-11.164942	-3.659522	-0.714279	5.541860	-9.737592
100	7	4	2.849888	9.250228	8.830609	-3.858671	9.568790	-3.840598	5.623974	6.324209	7.313198	-3.920818	-5.762295	2.266558	-4.411311	0.108406	-8.893637
100	7	2	8.406099	9.361800	12.399474	-3.942495	9.581713	5.947508	11.827425	6.556364	7.459565	-10.665127	-11.164942	2.266551	-0.714279	5.541860	-9.737589
100	7	2	-3.694280	3.664438	-0.348600	1.181264	3.312526	-8.281104	5.379312	2.639762	9.644402	-3.646626	-0.643067	2.263254	-11.327467	-4.215320	-12.793536
