1	3	87	-7.714064	-1.352845	1.537633	6.404819	6.099500	7.572496	-1.551528	-0.365780	-2.789062	6.144890	6.590009	6.207441	-2.992333	6.968917	2.785481	7.540905	-9.990835	-14.354859	-9.258270	11.167849	-11.491597	-14.968666	-4.027000	-4.607634	-14.818874	-5.421170
1	3	10	-5.190937	-1.352780	1.537633	1.763363	6.099500	7.572496	-1.551528	-0.365780	-0.279720	-0.335191	-9.418264	5.983763	-2.943796	6.968850	4.573276	2.105370	0.471349	8.377013	2.131064	-10.926671	6.133673	4.666012	3.757680	1.297525	-4.298846	0.859068
1	3	3	-5.190937	-1.352780	1.537633	1.763363	6.099500	7.572496	-1.551528	-0.365780	-0.279720	-0.335191	-17.673900	5.983763	-2.943796	6.968850	4.573276	-6.352319	5.064978	10.051138	4.078435	-18.345276	6.135467	7.567057	7.365662	6.878274	1.293625	0.971391
2	1	100	-9.350950	0.891398	2.219128	8.819841	6.589691	7.161327	-1.827068	-3.505101	-11.609740	5.779641	9.302623	6.147438	0.159977	4.100859	3.397059	7.108183	-8.860956	-18.821518	-12.015609	10.531297	-11.414018	-19.258077	-7.696858	-7.886363	-6.691923	-0.851849
3	3	35	8.205700	6.933839	6.596371	1.218430	0.416247	-3.380096	7.865369	5.799982	6.667085	-8.023881	-15.063690	0.843726	8.401146	3.631573	7.304044	-13.868787	7.468500	9.006173	6.967514	-13.861619	8.884746	6.715447	8.993398	5.422878	6.215347	7.972041
3	3	56	8.205700	6.933839	6.596371	1.218876	0.416247	-3.380096	7.865369	5.799982	6.667085	-1.580484	11.832458	0.843726	8.401146	3.631573	7.303920	4.765909	-9.732851	-17.827651	-11.930496	10.683603	-7.459000	-14.634173	-1.621584	-5.451070	-11.716448	-2.502340
3	3	9	1.473382	6.783857	6.575239	6.185936	6.203889	2.325191	7.358894	5.776117	1.553897	4.982347	11.832458	6.591092	8.352128	3.631605	4.568205	4.765909	-9.732851	-17.827651	-11.930519	10.683603	-7.459174	-14.648140	-1.621584	-5.917178	-11.719933	-2.502340
4	3	53	1.380187	6.494393	7.784509	2.106448	6.101535	5.966272	3.009422	6.477094	-6.422588	-3.238409	9.618459	2.165453	4.913712	4.899429	5.223710	8.416249	-5.418344	-17.380271	-12.168400	7.866956	-7.421210	-15.023350	-7.029396	-7.879609	-9.957490	-6.799434
4	3	42	-6.508571	1.660916	3.628140	8.633615	6.722445	6.027582	-3.274088	1.943594	-17.216807	8.551268	9.618459	5.508845	-0.496618	6.870105	2.744341	8.416249	-5.418343	-17.380271	-12.168400	7.866956	-7.421210	-19.786555	-7.029396	-9.986663	-9.957490	-6.799434
4	3	5	1.385360	6.494522	7.784509	2.099744	6.097643	5.965710	3.010436	6.483108	-6.410038	-7.436580	-13.545234	2.155350	4.922405	4.888178	5.224064	-9.733143	9.365082	9.816518	6.171805	-15.390381	6.071148	6.030829	5.257489	4.416715	5.898169	5.798958
5	2	18	-3.922838	6.566619	4.085542	9.506223	7.406662	6.226621	-0.437793	1.549982	-7.506825	5.687313	7.936332	7.183555	4.230512	7.452280	-0.018415	5.746752	-10.750289	-14.792381	-10.550202	8.384009	-6.854430	-14.550834	0.737827	-9.471001	-11.842306	-2.788572
5	2	82	2.332837	8.129684	4.086589	3.286608	6.405211	6.226324	4.040961	6.376963	-0.379158	-8.106742	-17.352221	4.629979	9.195713	1.250284	5.936069	-8.609126	7.405836	9.795671	7.064734	-19.521201	7.194943	11.428451	6.875321	8.755292	3.556624	7.649800
6	2	13	-1.482699	2.187667	-2.257915	4.166652	2.702015	2.964297	5.947926	2.140081	-2.399304	0.823961	-10.393880	1.890813	-1.304524	6.102297	6.372875	0.893767	1.268138	8.942898	2.494582	-7.540845	6.094457	9.609177	6.155758	5.883131	3.571705	9.754179
6	2	87	-14.306827	2.108285	-2.257928	7.298549	7.635206	5.928371	1.633142	-0.841444	-10.038532	6.981084	12.842673	4.685400	-1.304728	6.102297	4.896534	7.429413	-3.681179	-14.685959	-12.881542	8.712293	-8.751583	-14.616196	-2.734157	-6.707994	-8.643358	-0.947566
7	3	48	9.045608	6.819987	9.479837	-1.689039	-1.441751	0.749218	4.174943	7.332996	4.291404	-6.491167	-17.577388	1.614575	6.220389	2.409136	6.711243	-4.919620	7.596373	11.380743	7.001058	-14.884446	5.377038	9.901179	7.884648	6.534624	8.231936	5.890861
7	3	51	9.045415	6.819987	9.479837	0.714659	-1.415827	0.749218	4.174943	7.332996	4.277404	-0.040594	8.969393	3.508462	6.220389	2.409137	6.711243	9.633134	-8.959364	-17.671784	-9.009348	9.026215	-12.745004	-10.220265	-3.082707	-5.029964	-3.854584	-4.585459
7	3	1	-0.449578	2.007227	4.034788	4.218688	3.232844	2.742803	4.174197	1.395505	1.983411	8.472851	8.969393	5.700133	5.016541	4.804907	6.704245	9.633134	-8.959364	-17.672214	-9.009348	9.026215	-12.745004	-10.221063	-3.082707	-5.030801	-3.854592	-4.585460
8	2	95	-10.554606	-1.780634	3.172441	8.381659	6.538221	5.617478	0.057293	1.175374	-6.763090	5.202859	9.988862	7.934895	1.979580	6.126378	0.086566	4.336304	-10.242842	-15.621336	-12.653112	11.204748	-7.876445	-18.471579	-4.334144	-8.017571	-7.973565	-4.271991
8	2	5	-4.900724	-1.780634	3.172441	3.669261	6.502641	5.600562	0.068262	1.175999	-1.650085	-0.917592	-16.157480	6.587443	1.983068	6.126338	5.500750	-13.342998	6.397959	10.179084	5.696630	-12.777679	5.275189	5.681194	4.206108	6.838520	5.490397	6.823214
9	2	16	-5.466476	0.704030	1.425726	4.087348	8.784120	5.999348	2.586282	0.928733	-7.150295	0.436289	-15.545754	4.794985	4.652435	-0.660256	7.364832	-10.712688	7.209717	9.389289	5.451825	-9.967924	6.630259	7.537459	5.688663	6.703469	4.497506	7.040382
9	2	84	-9.077724	0.704025	1.425726	7.530798	8.831668	5.999433	2.586282	0.928733	-12.534332	6.601816	8.943471	8.150808	4.652423	-0.660222	1.090706	5.239260	-4.500644	-12.251012	-13.496125	9.681503	-10.193195	-15.772928	-7.280136	-6.673453	-14.055193	-2.883604
10	3	75	-11.729744	0.184659	2.409122	7.362364	5.814240	6.418711	0.168106	3.301974	-6.484927	6.816805	3.933203	7.360089	4.329248	7.879635	1.250576	6.634361	-11.509061	-16.843227	-10.556117	10.470377	-6.537412	-17.027126	-6.606848	-7.699515	-11.315728	-4.442413
10	3	16	-5.863703	0.184661	2.409122	0.894495	5.806921	6.414848	0.168108	3.301974	-4.782778	0.460649	-18.775728	1.760927	4.329248	7.879635	6.811219	-8.216349	6.356993	10.043879	5.909220	-15.046826	6.814775	9.906319	5.960232	5.752915	6.370991	6.674028
10	3	9	2.121932	6.674895	8.181054	0.719709	5.806921	6.414848	6.348793	7.425580	0.123099	-4.311061	-18.775728	1.760926	8.673756	3.346995	6.811222	-8.216349	6.356993	10.043879	5.909220	-15.046826	6.814775	9.906319	5.960232	5.752916	6.370991	6.674028
11	4	20	-10.273080	0.237687	2.667303	5.877832	6.205706	7.359455	3.707906	0.561574	-8.495873	1.645294	-18.576658	6.083962	1.884242	4.144528	1.175442	-10.572201	6.879608	10.071035	8.039038	-17.508425	5.913595	5.706280	5.926269	4.787893	8.821557	5.496577
11	4	39	-11.758950	0.237648	2.667303	6.585013	6.352110	7.530608	3.707906	0.561573	-10.133728	6.341356	8.827017	6.682228	1.884240	4.144533	0.856716	8.099909	-10.423284	-18.317804	-5.065624	11.087949	-6.096095	-9.213983	-4.704091	-6.028390	-5.562178	-2.241106
11	4	35	8.784876	6.041918	6.571059	3.473973	2.645002	2.280512	7.760532	6.182691	4.782794	-8.999701	-18.590235	2.511375	7.215292	0.739413	4.179482	-10.572201	6.879608	10.071142	8.039038	-17.508425	5.913595	6.606912	5.926269	5.367040	8.822068	5.496577
11	4	6	8.768509	6.041918	6.571059	3.668604	2.906023	2.281566	7.760532	6.182691	4.781877	-4.299216	8.827017	2.796257	7.215290	0.739413	3.884684	8.099909	-10.423284	-18.317804	-5.065624	11.087949	-6.096095	-8.749104	-4.704091	-5.668319	-5.562651	-2.241106
12	2	65	11.596838	7.833757	5.185087	1.131726	0.300801	2.307919	6.631916	6.683709	5.182975	-5.983963	-14.365567	-0.024147	8.432408	0.609991	5.287803	-15.852410	5.982827	10.031939	8.676341	-16.543449	7.217619	9.857399	6.609486	6.610128	6.946922	6.807061
12	2	35	11.561215	7.833757	5.185087	3.101932	0.325468	2.307919	6.631916	6.683709	5.182141	-0.499864	12.979137	2.144432	8.432408	0.609991	4.996829	3.934213	-8.372500	-20.455668	-7.850533	9.418753	-8.644597	-13.144945	-4.143449	-1.909587	-5.087735	-4.327379
13	6	10	-4.228818	0.331914	1.609322	8.387496	4.716162	-1.705087	2.944232	-1.481413	-8.670403	2.171619	-8.456106	3.842927	-2.228181	7.608876	0.910604	-4.468278	5.624813	7.260773	1.112246	-8.429694	6.993809	-2.141423	7.456465	2.960716	2.846039	8.112058
13	6	45	-4.228857	0.331914	1.609322	8.398028	4.716447	-1.704540	2.944232	-1.481413	-8.670433	7.420066	11.151065	3.843051	-2.228181	7.608876	0.909494	6.354880	-9.779913	-12.266652	-12.076724	11.648956	-8.560967	-16.531086	-1.209842	-8.813378	-9.505437	-3.734681
13	6	30	8.034076	6.579380	5.424667	8.064821	4.703665	-1.728780	3.556740	4.628221	-5.987422	0.871581	11.151065	3.837431	3.693295	5.105376	0.953071	6.354880	-9.779913	-12.266652	-12.076722	11.648956	-8.560967	-16.531073	-1.209842	-8.799298	-9.505232	-3.734681
13	6	2	8.399806	6.579380	5.424667	5.374402	3.821716	-2.370020	3.556740	4.628221	-3.866168	-4.376866	-17.354800	2.282056	3.693295	5.105376	2.849648	-9.549501	5.915324	10.419762	5.975877	-11.897510	6.993835	4.180580	7.456471	4.588925	6.277675	8.133456
13	6	10	-4.228818	0.331914	1.609322	8.387496	4.716162	-1.705087	2.944232	-1.481413	-8.670403	2.171619	-17.328385	3.842927	-2.228181	7.608876	0.910604	-9.549501	5.915324	10.415379	5.975500	-11.897487	6.993835	4.162266	7.456471	2.960739	6.274406	8.133456
13	6	3	8.399806	6.579380	5.424667	5.374402	3.821716	-2.370020	3.556740	4.628221	-3.866168	-4.376866	-8.473665	2.282056	3.693295	5.105376	2.849648	-4.559127	5.639448	7.297981	1.140093	-8.472711	6.993811	-2.123471	7.456466	4.588907	2.847063	8.112133
14	1	100	-11.499594	0.129619	1.115336	9.059215	6.772020	4.636800	-2.927376	2.290332	-3.581881	6.611699	11.600072	6.292237	-0.010443	6.523105	-0.266222	5.209241	-8.968441	-18.148112	-10.537696	9.554247	-6.021916	-21.422064	-3.233992	-7.578351	-9.822080	-4.097815
15	2	71	8.962606	7.351110	6.644200	0.773339	2.152651	5.635583	7.472875	3.828584	-0.241149	-6.150239	-18.263917	-0.214181	4.395374	4.799166	6.512335	-7.771596	5.877827	7.863797	8.764201	-20.536987	6.084396	7.825287	7.321814	4.745499	7.521523	6.909001
15	2	29	8.962186	7.351110	6.644200	2.083456	2.152676	5.635589	7.472873	3.828581	-0.241209	-1.431727	7.584789	0.148448	4.395374	4.799166	6.512334	8.633304	-10.928244	-8.473514	-8.193896	7.250808	-5.725882	-9.313784	-3.413543	-6.763682	-9.639203	-4.310137
16	2	27	-11.942602	0.055643	-0.143920	4.573607	5.583339	6.332004	0.435872	0.690093	-8.753778	2.798971	-14.516211	8.045207	3.025321	6.842695	9.071635	-3.431060	6.106220	11.410645	4.862563	-14.326204	8.345552	9.717584	6.513772	6.203599	6.530522	6.562552
16	2	73	-11.963689	0.055643	-0.143920	5.157177	5.583383	6.332064	0.435872	0.690093	-9.548712	7.555545	6.809660	8.055169	3.025212	6.842717	8.706054	7.725852	-12.719048	-11.419958	-9.671074	10.895204	-5.610042	-2.978296	1.379463	-2.791222	-8.447158	-5.493077
17	2	76	10.050716	6.502739	8.464150	-0.545182	0.460147	4.199081	4.284178	7.931494	1.665200	-3.114796	10.081367	-4.638361	4.233874	-1.425040	9.439477	6.501251	-8.254136	-13.419519	-8.362713	9.401788	-7.347604	-17.844556	-6.670086	-5.490408	-10.920133	-3.644991
17	2	24	10.050716	6.502739	8.464150	-0.545184	0.460147	4.199081	4.284178	7.931494	1.665200	-8.781208	-17.975481	-4.638361	4.233874	-1.425040	9.439477	-6.702666	6.050099	8.999470	5.189845	-17.975422	6.757151	7.020807	6.529057	7.420020	7.745854	5.342076
18	3	25	-3.986384	2.702279	5.407390	8.757850	4.502366	5.828639	3.809919	0.600125	-3.973768	7.841759	-18.422816	5.384596	0.561739	5.165634	1.171227	-8.145412	7.201502	8.205930	6.248924	-20.960286	6.777195	5.402647	7.283864	3.905444	6.156486	7.131388
18	3	72	-3.986384	2.702279	5.407390	8.757850	4.502366	5.828639	3.809919	0.600125	-3.973768	8.200479	9.608920	5.384596	0.561739	5.165634	1.171227	8.647702	-11.124403	-17.988282	-10.853350	7.714590	-2.360196	-18.630531	-5.373823	-7.471566	-12.611520	-3.917718
18	3	3	2.584692	7.890252	6.313009	3.828779	4.009931	4.770099	6.284856	6.858809	-3.808967	-3.719800	9.608920	3.502561	7.133062	1.728959	7.599975	8.647697	-11.124403	-17.411803	-10.853350	7.714590	-2.360184	-13.784280	-5.373823	-4.285327	-12.611520	-3.917718
19	4	34	7.429562	7.030043	7.882035	2.208037	0.625523	0.719494	6.227667	4.932723	5.760845	-1.278587	9.748699	-2.392755	6.906505	5.389623	6.423725	6.294214	-7.851236	-13.689119	-8.358224	9.053719	-6.089968	-11.300643	-4.381069	-10.872940	-7.502876	-0.896031
19	4	41	7.429572	7.030043	7.882035	2.205624	0.625523	0.719494	6.227667	4.932723	5.760874	-7.395292	-16.375780	-2.393918	6.906505	5.389623	6.423817	-8.824624	7.369699	9.343729	8.922324	-17.814480	7.100767	7.516908	7.166734	1.955047	7.722302	7.258653
19	4	7	-4.614668	0.669287	3.856836	5.332530	0.625528	0.719494	-0.045048	-0.772765	-0.004764	5.798332	9.748699	1.427663	0.291587	7.261773	5.166731	6.294217	-7.851470	-13.689125	-8.361645	9.053719	-6.089988	-12.009463	-4.381086	-10.872961	-7.502892	-0.896037
19	4	18	-3.733007	0.669347	3.856870	2.239724	0.625523	0.719494	-0.045010	-0.772765	-0.001520	-0.318400	-16.375780	-2.377215	0.292220	7.261773	6.422490	-8.824622	7.369699	9.343729	8.922318	-17.814480	7.100767	7.516519	7.166734	1.955047	7.722302	7.258653
20	2	77	2.856322	6.914513	1.928360	-5.479342	-1.748189	2.895463	6.977744	7.075608	0.480506	-2.924573	9.694426	-1.248445	0.183007	6.311786	7.320694	4.125339	-14.852913	-17.170923	-13.708492	7.663779	-8.279566	-9.474313	-4.697545	-3.712650	-6.169820	-5.557582
20	2	23	2.856322	6.914513	1.928360	-5.482941	-1.748191	2.895463	6.977744	7.075608	0.480506	-9.235253	-11.784926	-1.248606	0.183007	6.311786	7.320694	-7.107761	2.074802	8.925202	5.489780	-10.858348	6.914840	10.355535	5.400864	8.703094	5.904347	6.500601
21	1	100	-10.643009	3.524819	1.248947	6.018847	5.699848	5.811150	3.132034	1.994449	-11.726252	7.674086	3.892629	6.517814	-0.025765	7.095006	1.329174	5.830229	-14.922792	-11.707024	-7.629015	9.548506	-12.074251	-17.596331	-3.935049	-5.924644	-10.273616	-2.709904
22	4	36	-7.284654	0.852299	2.606921	5.616098	2.880525	1.543576	2.133320	1.881426	1.884619	7.829874	11.338169	7.847399	2.287864	6.776577	3.374660	4.067799	-7.365804	-17.219024	-10.225177	11.032448	-9.090146	-12.056830	-2.094904	-10.188384	-6.265914	-6.426724
22	4	22	5.749486	7.175664	7.629931	1.815465	2.678138	1.369115	6.154235	5.939957	7.599916	0.005729	11.338169	5.927540	7.720523	0.542070	8.103360	4.067799	-7.365804	-17.219024	-10.225177	11.032448	-9.090146	-10.243742	-2.094904	-6.952728	-6.265898	-6.426724
22	4	24	-7.231341	0.852299	2.606921	5.453902	2.880017	1.543105	2.133320	1.881435	1.955310	2.437671	-10.427929	7.791118	2.287864	6.776577	3.827824	-13.336512	6.136340	9.801579	5.643150	-10.557231	7.517980	9.447270	4.829450	0.555999	2.108021	4.926206
22	4	18	5.968277	7.175664	7.629931	0.199863	2.200541	1.058842	6.154503	5.940940	7.662553	-5.388175	-10.441350	5.265549	7.720524	0.542070	8.103495	-13.504077	6.136435	10.595903	5.687691	-10.557266	7.517980	12.450167	4.829456	3.662596	7.017027	5.747484
23	2	89	-16.729895	2.128050	3.495079	8.827654	4.535549	1.664655	-1.816711	-2.302209	-5.989969	0.346668	-11.638581	3.892001	-0.125946	4.129426	2.277135	-9.957795	4.314343	9.600250	8.029079	-17.798871	5.453089	8.185207	7.052515	3.458357	5.806027	6.703751
23	2	11	-16.730553	2.128050	3.495079	8.985763	4.535549	1.664655	-1.816711	-2.302209	-6.138015	6.334189	10.914027	3.892001	-0.125946	4.129426	2.212895	3.178566	-9.071989	-15.937614	-1.585321	8.685121	-9.846474	-5.608780	1.486550	-6.111389	-8.254073	0.463975
24	2	97	-4.776634	-1.490460	-2.361496	4.792330	6.077549	7.237759	-2.047430	6.423173	-14.382136	-1.040153	8.748071	6.099025	1.621003	5.958309	-0.589799	7.982653	-7.751806	-19.167794	-10.648802	10.403505	-12.233217	-10.653772	-5.148539	-6.722334	-15.475498	-5.681016
24	2	3	-4.761950	-1.490460	-2.361496	4.788759	6.073213	7.230031	-2.047414	6.423173	-14.372968	-7.235105	-13.272810	6.093971	1.621534	5.958306	-0.577494	-9.361923	9.037724	9.560872	6.230484	-19.355724	3.934402	5.364159	6.562278	2.065842	3.014593	6.674431
25	4	22	-10.049876	0.815110	4.590647	7.115099	8.048449	6.333436	2.245447	-0.829474	-5.763677	3.717022	-14.116110	5.732579	1.024833	0.524204	-0.334499	-11.873384	6.281139	10.442891	6.767904	-14.238404	6.740541	4.653534	7.040662	1.480881	6.764966	7.709810
25	4	67	-10.050344	0.815110	4.590647	7.115389	8.048523	6.333445	2.245447	-0.829474	-5.763918	8.694031	7.717809	5.732688	1.024814	0.524205	-0.334507	1.313408	-8.577854	-19.000809	-9.160590	9.556476	-11.898938	-17.214887	-0.104758	-6.713891	-6.919765	-3.079885
25	4	10	-10.049876	0.815110	4.590648	7.115099	8.048449	6.333436	2.245447	-0.829474	-5.763677	3.717108	-8.385186	5.732579	1.024833	0.524204	-0.334499	-9.501445	5.930231	4.040422	3.631890	-9.226958	6.518098	-1.462650	7.038444	1.480881	3.405437	7.469114
25	4	1	3.894052	6.325910	9.354684	1.701130	3.743059	4.657601	6.804663	5.733045	8.170602	-3.682504	7.717806	-0.192217	5.748106	-4.885047	6.264904	1.313406	-8.575410	-13.956532	-9.154137	9.556426	-11.898938	-9.741421	-0.104754	-0.554768	-2.876401	-3.079302
26	2	75	6.344863	4.463947	4.865580	-2.642110	-3.013455	4.240794	7.723843	6.598906	6.445538	-0.016600	7.926959	0.882086	5.765957	5.380704	2.104606	8.659721	-12.730081	-17.830363	-9.960926	8.804080	-7.733621	-6.247014	-1.189222	-9.772578	-11.570651	-0.945813
26	2	25	6.344864	4.463947	4.865580	-2.737889	-3.013598	4.240794	7.723843	6.598906	6.445538	-6.632053	-18.756194	0.872212	5.765957	5.380704	2.104606	-6.738079	4.820251	9.069669	7.615949	-15.906119	6.973220	11.018006	8.398072	1.941532	3.433864	7.366255
27	3	77	-3.726402	0.981698	4.312503	9.057806	5.708864	5.385037	2.060853	-0.167563	-7.912452	7.762117	10.700149	6.060712	6.363621	3.546969	2.783525	6.845139	-10.942687	-17.266692	-10.624990	7.949362	-7.731832	-10.402096	-6.384677	-9.360061	-12.056219	-3.070753
27	3	18	-3.325604	0.982576	4.313096	8.691371	5.708847	5.385028	2.149246	-0.166804	-7.903676	1.477625	-15.079528	6.060678	6.367504	3.543827	3.156603	-10.933700	7.597311	6.256689	5.486291	-19.051931	7.902264	8.641777	5.707851	2.750077	6.094092	6.775020
27	3	5	7.095715	6.834896	7.292781	4.173432	2.391829	3.082993	8.100861	5.655795	-0.828725	-2.229895	-15.123452	1.448695	7.637600	2.561955	7.755381	-10.934670	7.597332	6.663641	5.520890	-19.075367	7.902441	10.431988	5.707851	4.932633	6.595891	6.775020
28	4	80	-13.688865	0.764247	-2.657906	6.297099	6.919989	4.297040	3.716221	4.242228	-4.467567	6.723047	9.990360	5.388712	-0.006863	5.618631	2.703813	8.454525	-12.438157	-17.554530	-8.590038	9.814377	-7.121330	-19.548350	-3.969742	-8.306890	-10.791844	-2.232059
28	4	11	6.060408	6.726094	3.758630	1.327199	1.240425	-1.372879	6.512070	8.288109	6.597077	-3.424988	9.990360	-0.212234	4.293526	5.616465	4.113761	8.454524	-12.438157	-17.201482	-8.590038	9.814377	-7.121330	-18.204733	-3.969742	-6.797923	-10.791844	-2.232055
28	4	5	6.060412	6.726094	3.758630	-0.086839	0.974413	-1.372902	6.512070	8.288109	6.697973	-9.002979	-15.794396	-0.395608	4.293526	5.616465	4.165167	-5.336902	4.329270	10.335394	5.800204	-13.965817	8.292945	5.140677	6.329865	5.765240	5.690643	8.635484
28	4	4	-10.068806	0.815510	-2.657906	4.763148	6.919645	4.297040	3.716221	4.247052	-2.649107	1.144607	-15.402787	3.615233	-0.006863	5.618631	3.485574	-5.335971	4.329233	10.327523	5.764640	-13.952437	8.292881	4.267691	6.329865	5.608453	5.689726	8.635483
29	1	100	-7.929177	1.939791	2.183848	7.815383	6.087571	4.244497	0.368167	0.967233	-8.407646	6.036251	7.948268	6.254196	3.054292	5.333005	-1.533351	8.015977	-9.374702	-16.646076	-11.956530	8.146433	-6.384409	-18.703501	-3.299462	-14.445044	-10.647090	-0.312799
30	4	59	-6.236970	-2.741968	1.753159	4.775510	6.086370	6.243278	-1.086437	-0.560689	-7.412912	6.777291	9.896815	4.495452	1.052338	7.146380	-3.103268	5.890385	-10.713180	-17.504465	-10.990406	10.261041	-7.426731	-17.606007	0.759668	-9.834377	-11.123293	-1.692386
30	4	15	-4.338980	-2.422399	1.753159	4.212602	5.776079	5.508178	-1.086432	-0.559944	-3.365029	0.556495	-4.500138	3.948163	1.054085	7.146380	-2.168680	-9.966947	2.347091	4.181173	4.104190	-9.896032	7.150698	1.672822	7.225174	1.766675	4.834756	6.914703
30	4	8	3.294446	3.008162	1.757631	-1.387095	2.870308	0.395461	5.500702	5.721615	2.078967	-8.149803	-9.325965	0.127985	6.733981	3.540532	2.580286	-11.506057	2.676522	9.500710	7.995119	-10.166355	7.217355	3.976201	7.348818	2.446111	6.381706	6.914841
30	4	18	3.294432	3.008162	1.757631	-0.531462	2.892753	0.395730	5.500701	5.721614	2.078148	-1.932715	9.896815	0.157586	6.733981	3.540533	2.577999	5.890385	-10.713180	-17.504465	-10.990406	10.261041	-7.426711	-16.142615	0.759668	-9.157432	-11.123293	-1.692386
31	2	50	11.044584	6.819728	6.135710	-1.398652	-0.374167	1.535876	5.554785	6.663675	5.892892	-3.416905	10.444027	-1.010048	7.730528	4.173537	7.425034	4.050578	-8.094450	-12.973234	-13.668808	9.137848	-7.558991	-9.597864	-4.350185	0.123254	1.059343	-0.879470
31	2	50	11.044584	6.819728	6.135710	-1.432752	-0.374167	1.535876	5.554785	6.663675	5.892892	-8.564707	-11.619756	-1.010048	7.730528	4.173537	7.425034	-8.208135	7.324752	9.973587	3.491672	-13.362647	8.158091	4.194770	3.596947	6.842802	7.957512	6.701049
32	2	96	12.529107	7.582073	7.435974	3.978451	-1.611914	-0.399152	9.380140	8.414989	6.836034	-10.730260	-14.939938	-1.142489	7.358864	0.389847	6.538992	-10.212272	7.494950	10.604369	7.726921	-18.544619	7.855232	9.442435	5.902369	6.882510	6.900632	6.278123
32	2	4	12.527198	7.582072	7.435974	3.985075	-1.611914	-0.399152	9.380140	8.414989	6.835957	-4.878208	9.789813	-1.137901	7.358864	0.389847	6.537753	7.030883	-8.238573	-13.656528	-6.044455	7.181542	-8.161979	-8.234482	-4.377719	-2.396069	-6.041726	-4.922787
33	4	52	-7.807151	2.562612	2.500933	7.596765	6.700481	8.860694	-1.345845	2.861570	-8.191385	5.009053	9.784381	8.022190	0.593460	4.369491	3.432759	4.395959	-6.205193	-17.748668	-7.839826	11.347322	-3.593489	-9.666014	-5.134931	-7.382365	-10.818043	2.854844
33	4	3	3.515453	8.828141	6.775650	1.401831	4.785446	8.652185	2.920088	9.006064	1.149696	-10.742968	-12.203276	1.704623	6.452218	2.788923	6.815006	-6.477687	7.162906	9.126417	6.642434	-9.771426	7.988313	8.990328	3.336723	4.411723	7.210019	9.199596
33	4	39	3.515453	8.828141	6.775650	1.401831	4.785446	8.652185	2.920088	9.006064	1.149696	-5.791332	9.784381	1.704623	6.452218	2.788923	6.815006	4.395959	-6.205193	-17.748668	-7.839826	11.347322	-3.593489	-9.002922	-5.134931	-5.147361	-10.817697	2.854844
33	4	6	-7.681902	2.562612	2.500933	7.137821	6.700447	8.860694	-1.345840	2.861579	-7.718594	0.057559	-12.192309	8.016275	0.593460	4.369491	3.436928	-6.477686	7.162906	9.126370	6.642419	-9.771409	7.988313	8.328841	3.336723	2.183004	7.109911	9.199596
34	4	32	-0.944744	-1.438941	1.810067	2.509196	2.617219	1.235723	3.339182	3.441380	4.335406	0.003681	-13.003604	1.635087	6.603906	1.649430	6.889405	-12.236358	5.822509	12.718020	7.252947	-13.071661	6.472058	12.192462	3.684510	6.900257	2.192538	5.249130
34	4	12	6.266183	4.851259	5.881998	2.425089	2.614112	1.235714	6.243439	6.073310	7.991287	-2.991550	8.850891	1.630177	6.604858	1.648590	6.889406	6.420254	-9.423229	-12.466675	-8.908532	10.546442	-12.152452	-8.076352	-5.706972	-4.447412	-14.885176	-1.815588
34	4	51	-5.576582	-1.441642	1.808798	7.069555	5.662140	6.547769	0.025194	1.163372	-6.927247	4.683194	8.852164	6.380269	0.461637	7.394737	1.480413	6.420254	-9.423228	-12.466485	-8.908532	10.546442	-12.152452	-10.917156	-5.706972	-8.172022	-14.895136	-1.815588
34	4	5	6.266183	4.851259	5.881998	2.425067	2.614111	1.235714	6.243439	6.073310	7.991287	-7.669227	-13.003604	1.630176	6.604858	1.648590	6.889406	-12.236358	5.822509	12.718020	7.252947	-13.071661	6.472058	12.192462	3.684510	6.900258	2.192538	5.249130
35	3	53	-5.818706	-1.462021	-0.251235	-1.180618	2.668080	-0.828120	0.986213	2.389701	2.980697	-2.192916	-16.544347	1.082850	0.463014	6.723595	6.132047	-8.938829	9.306582	11.429095	5.101516	-12.565142	5.701112	9.559867	3.742762	8.530554	5.653167	3.376999
35	3	45	-6.109103	-1.462127	-0.251235	5.032808	2.684550	-0.824934	0.986213	2.203294	2.861472	3.278438	5.770834	4.088894	0.463014	6.723595	5.244331	0.521654	1.298050	-10.565889	-6.987574	10.812014	-12.365789	-2.427302	-0.136725	3.999315	-1.294959	-8.847987
35	3	2	-6.109103	-1.462127	-0.251235	5.032808	2.684550	-0.824934	0.986213	2.203294	2.861472	3.278438	7.124297	4.088894	0.463014	6.723595	5.244331	4.760850	-1.074072	-16.589071	-8.212359	10.913185	-12.371742	-9.309522	-6.338232	-1.629914	-4.433677	-9.332660
36	4	41	-5.024926	1.300986	1.038896	1.873021	4.170761	2.720548	-1.784701	3.183808	-1.438775	1.738807	-4.812658	0.747870	0.663431	7.089222	8.366870	-12.336053	6.025361	9.118912	6.655324	-15.512842	6.616792	8.822225	5.775141	4.404527	2.120253	3.171464
36	4	46	-11.517664	1.293624	1.036899	4.633608	5.574934	5.624902	-1.784701	3.183808	-6.348268	7.340301	9.624376	1.416537	0.030273	7.089222	7.541542	5.853011	-10.784294	-4.354543	-10.651984	10.266774	-9.444085	-11.845532	-4.388050	-6.458305	-12.174607	-5.873661
36	4	7	7.541699	7.048088	7.510501	-2.009984	4.170636	2.720531	4.662713	7.439130	3.515757	-6.267234	-4.812663	0.747810	6.188300	2.431647	8.562314	-12.336053	6.025361	9.118940	6.655324	-15.512842	6.616792	8.822879	5.775141	4.412909	2.120254	3.171464
36	4	6	7.541699	7.048088	7.510501	-2.008940	4.170636	2.720531	4.662713	7.439130	3.515747	-0.666201	9.624373	0.747810	6.188300	2.431647	8.562303	5.853011	-10.768958	-4.314625	-10.651984	10.266774	-9.444085	-11.836548	-4.388050	-6.399917	-12.174505	-5.873661
37	3	87	9.704327	6.324913	6.522016	4.561749	1.922500	0.451746	6.354938	9.595456	8.805501	-10.439774	-14.569567	0.880660	7.821921	2.041280	4.235271	-9.453247	6.614113	10.852803	7.143849	-15.586928	4.293562	11.630342	8.282023	8.455737	7.099005	5.820040
37	3	12	9.704327	6.324913	6.522016	4.561749	1.922500	0.451746	6.354938	9.595456	8.805501	-5.945307	8.918505	0.880660	7.821921	2.041280	4.235271	6.757479	-3.963293	-15.662924	-8.393906	11.216800	-13.276925	-9.918120	-2.170352	-3.959157	-8.858473	-6.729494
37	3	1	-6.355739	0.403645	2.266256	6.044589	7.235584	6.502509	0.535137	5.345059	-4.214197	5.037415	8.918508	5.841816	1.246275	7.869914	3.257685	6.757479	-3.963293	-15.662924	-8.393906	11.216800	-13.276925	-9.939342	-2.170352	-6.643193	-8.880239	-6.729494
38	3	83	-10.915563	2.024095	-1.169282	7.631007	5.825083	3.704591	0.445130	4.461908	-8.895330	8.111858	10.560724	5.035379	1.218203	8.074414	1.851366	4.999873	-7.835536	-17.961883	-11.894624	11.388959	-7.165289	-17.259236	-2.782270	-5.513533	-6.908674	-4.647646
38	3	13	-8.879749	2.024095	-1.169282	6.717930	5.821554	3.703838	0.445136	4.461908	-7.368462	1.536276	-17.578688	4.841521	1.218203	8.074414	2.018626	-10.496451	6.943037	12.672126	6.748074	-12.135007	6.068366	6.151612	6.590345	7.117755	6.835731	6.333445
38	3	4	8.367019	6.948973	5.132308	3.069622	1.572941	-2.552898	4.735801	7.519959	2.812107	-6.552103	-17.581678	0.446959	6.493549	3.069537	6.713213	-10.496543	6.943037	12.674392	6.748075	-12.135007	6.068366	10.165955	6.590345	8.137239	6.855728	6.333484
39	2	73	-15.896868	-4.342005	-1.763065	2.564568	7.563324	7.035432	6.023699	1.210431	-13.107040	1.188450	-12.040990	2.959208	1.958111	6.320630	5.069562	-8.868963	6.740214	10.256638	7.794277	-16.486827	8.734783	8.962919	6.026268	7.347855	6.731371	5.992420
39	2	27	-16.308448	-4.342005	-1.763065	5.231654	7.770735	7.058390	6.023699	1.210431	-13.729913	7.526825	9.701943	4.282147	1.958111	6.320630	1.562164	7.118712	-7.092873	-15.949725	-6.307638	9.284165	-8.541392	-10.967767	-6.311062	-3.953076	-12.310570	-5.030963
40	2	78	-10.136287	0.186679	5.385749	4.896766	8.196427	6.454541	1.147226	3.410188	-0.655240	1.387379	-19.647163	7.004916	1.118383	5.790224	3.026662	-7.856693	8.286874	7.572481	8.226759	-21.904318	5.489304	5.526773	6.493897	2.032148	4.595946	6.723055
40	2	22	-10.860420	0.186669	5.385741	6.419942	8.212638	6.454551	1.147226	3.410188	-3.262166	8.018273	7.734588	7.386315	1.118383	5.790224	3.015396	5.005235	-6.304352	-14.422625	-8.068522	6.848591	-9.657550	-17.771987	-4.507658	-10.170351	-12.297690	-3.625932
41	2	43	6.951488	6.481753	4.652032	0.658629	6.058854	4.293072	5.573068	5.912563	6.510804	-8.212600	-11.978001	2.301254	6.271024	5.889304	8.145012	-13.982643	6.822423	8.809180	4.656635	-17.967259	6.855815	9.268526	6.272077	3.849652	6.718520	4.303100
41	2	57	4.867262	6.481213	4.651883	3.796575	6.452590	4.780541	5.571880	5.908347	6.160024	-1.781713	9.207870	4.754648	6.268641	5.893070	7.730970	4.167168	-9.284388	-18.562232	-13.518127	7.918563	-10.736720	-12.772790	-6.386667	-5.697031	-10.572995	-7.667260
42	2	70	-12.140822	2.467718	1.192259	5.805733	6.986879	5.496023	5.674278	3.886595	-3.373847	5.714384	9.456991	7.122947	0.537251	8.310822	0.822705	8.422524	-10.994772	-13.923765	-11.483823	10.493889	-12.458042	-21.379939	-0.849857	-11.052210	-8.238681	-2.908134
42	2	30	9.884794	7.129591	6.944164	0.270537	2.399892	-0.876736	6.914342	9.435416	6.325152	-1.104453	9.456991	0.670351	6.104467	7.093779	3.137631	8.422524	-10.994772	-13.923765	-11.483823	10.493889	-12.458042	-18.141001	-0.849857	-11.015834	-8.238681	-2.908134
43	2	59	6.390765	6.183064	5.630528	8.430429	0.183948	2.120391	8.062263	3.951244	-0.571114	6.069016	10.361906	4.023067	6.567852	8.202147	0.694539	6.816970	-8.944577	-14.622174	-8.061918	11.151985	-6.960886	-9.214010	3.239669	-9.453084	-12.307056	-10.328061
43	2	41	6.539369	6.183064	5.630528	8.118591	0.174919	2.120277	8.062263	3.955430	-0.379218	3.355377	-16.241852	4.016033	6.567854	8.202145	0.696330	-10.589571	6.517942	8.495747	6.078566	-14.065861	6.565612	6.242557	8.005904	3.093491	6.257831	1.578302
44	8	46	-15.630494	-0.605242	-2.277504	6.721538	6.049063	5.338618	-0.462637	2.954132	0.969175	2.255071	11.994225	6.121007	0.950053	7.772426	2.429101	4.031787	-12.204217	-22.298335	-8.595605	9.516247	-11.874977	-14.317384	-2.413756	-10.128936	-6.862244	-6.554983
44	8	19	-2.711600	-0.325523	-2.277028	0.205686	2.299615	2.731093	1.706807	2.957219	5.304710	-3.793043	-4.604663	0.764671	3.936995	7.479413	5.547572	-3.237330	0.765794	-5.207624	3.511890	-4.757173	-1.011972	-0.941871	6.877383	4.662027	2.810276	5.810842
44	8	4	-2.711600	-0.325523	-2.277028	0.205637	2.299615	2.731093	1.706807	2.957219	5.304710	-3.794402	-8.267156	0.764671	3.936995	7.479413	5.547572	-5.072272	3.933315	-0.114772	7.945970	-8.842764	-0.669461	4.890864	6.937792	4.662028	8.559581	5.863403
44	8	12	4.769531	5.475056	4.334482	0.188255	2.299615	2.731093	5.762669	7.367508	5.507305	-7.864636	11.994225	0.764671	4.492841	6.114622	5.547572	4.031787	-12.204217	-22.298335	-8.595605	9.516247	-11.875252	-12.899114	-2.413756	-6.613469	-6.862247	-6.554983
44	8	5	-2.711600	-0.325523	-2.277028	0.205637	2.299615	2.731093	1.706807	2.957219	5.304710	-3.794403	-14.753612	0.764671	3.936995	7.479413	5.547572	-8.517474	6.486187	5.688682	7.945970	-14.321263	5.474795	10.877501	6.937802	4.662028	8.780692	5.863403
44	8	2	4.769531	5.475056	4.334482	0.188251	2.299615	2.731093	5.762669	7.367508	5.507305	-13.914082	-8.267156	0.764671	4.492841	6.114622	5.547572	-5.072272	3.933315	-0.114772	7.945970	-8.842764	-0.669461	4.890864	6.937792	4.662028	8.559581	5.863403
44	8	4	4.769531	5.475056	4.334482	0.188251	2.299615	2.731093	5.762669	7.367508	5.507305	-13.914082	-14.752786	0.764671	4.492841	6.114622	5.547572	-8.517474	6.486187	5.688682	7.945970	-14.321263	5.474795	10.877501	6.937802	4.662028	8.780692	5.863403
44	8	8	4.769531	5.475056	4.334482	0.188251	2.299615	2.731093	5.762669	7.367508	5.507305	-13.912722	-4.604570	0.764671	4.492841	6.114622	5.547572	-3.237330	0.765794	-5.207624	3.511890	-4.757137	-1.011972	-0.941871	6.877383	4.662027	2.810275	5.810842
45	1	100	8.847775	6.784409	7.131443	0.948563	-1.501876	1.254904	6.348793	6.879581	6.882286	-3.476444	10.399234	-0.952720	6.035097	-0.499218	4.307300	5.895770	-12.927167	-19.525512	-11.833998	9.717486	-8.706329	-16.758054	-5.339121	-4.857776	-9.369992	-5.333537
46	4	35	-2.642491	0.670179	-0.348154	-0.702759	0.165067	1.539287	-0.529717	1.382303	0.546308	-1.745350	-17.444681	0.786688	4.681965	6.292194	7.068976	-7.237704	5.861606	9.213947	7.171568	-11.958869	7.346870	10.269230	4.605328	4.882666	7.066102	6.566171
46	4	41	9.627498	5.491058	5.037909	-3.662672	0.165067	1.539287	4.684524	7.226918	6.328663	-14.010869	-17.444681	0.786688	8.672644	3.898840	7.068976	-7.237704	5.861606	9.213947	7.171568	-11.958869	7.346870	10.269230	4.605328	4.882666	7.066102	6.566171
46	4	17	9.627498	5.491058	5.037909	-3.662490	0.165067	1.539287	4.684524	7.226918	6.328663	-9.693253	9.565276	0.786688	8.672644	3.898840	7.068976	7.679471	-7.681767	-18.223024	-9.861929	7.201213	-8.235973	-4.957485	-6.598191	-5.657995	-9.951021	-2.230602
46	4	7	-2.643167	0.670179	-0.348154	2.104187	0.165639	1.539486	-0.529723	1.382302	0.546221	2.572435	9.565276	0.790251	4.681965	6.292194	7.068975	7.679471	-7.681767	-18.223024	-9.861929	7.201213	-8.235973	-4.957485	-6.598191	-5.657995	-9.951021	-2.230602
47	3	54	5.836125	9.665700	3.447622	1.392649	0.846713	1.941709	8.115651	7.183047	0.794685	-7.791867	-14.040874	1.529342	4.956300	5.896764	6.311561	-7.086109	6.627770	11.502524	6.583860	-20.864198	6.891587	8.164257	6.880981	5.645176	8.425740	5.539760
47	3	44	5.836125	9.665700	3.447622	1.392650	0.846713	1.941709	8.115651	7.183047	0.794685	-2.595541	11.204469	1.529343	4.956300	5.896764	6.311561	7.046858	-11.071989	-13.201180	-6.955834	9.479810	-11.289291	-10.655922	-3.995343	-6.246521	-6.870439	-6.377637
47	3	2	-5.164844	3.561357	2.777200	4.523661	6.521502	7.042174	2.003414	0.862015	-2.773433	2.951804	11.204469	7.528719	-1.367799	6.470459	5.100048	7.046858	-11.071989	-13.202314	-6.955834	9.479810	-11.289291	-11.721718	-3.995343	-7.136967	-7.063383	-6.377637
48	2	53	5.575275	6.806572	4.288383	0.225709	-1.133611	1.774553	3.550518	6.760618	3.668724	-4.056073	9.634387	1.635418	5.962267	4.484414	4.554448	8.293100	-12.974361	-11.723633	-8.418889	7.324309	-3.099062	-4.767026	1.676672	-9.707630	-6.562273	3.903716
48	2	47	5.575275	6.806572	4.288383	0.225708	-1.133611	1.774553	3.550518	6.760618	3.668724	-8.765540	-12.213468	1.635418	5.962267	4.484414	4.554448	-7.412106	4.553660	9.190155	6.628723	-15.366539	9.817844	8.531013	6.535092	2.179853	6.989924	9.860930
49	2	64	-15.288960	-0.861023	1.721974	4.567035	6.640251	6.575946	2.974169	4.563283	-7.570916	1.583798	-15.068032	4.410757	-0.027392	6.346593	8.393658	-10.584859	7.630307	7.121976	6.718203	-12.575495	6.732666	11.015643	9.191672	8.095014	7.300719	4.788069
49	2	36	-15.935442	-0.862276	1.721973	4.797510	6.766992	6.581960	2.973869	4.563283	-7.664684	7.939269	11.840584	4.665258	-0.027392	6.346593	8.352977	7.012925	-10.079055	-14.894885	-9.471953	11.964337	-8.353264	-5.542674	-3.180330	-1.661401	-11.143076	-7.585005
50	3	32	8.517371	7.242669	5.510210	3.535056	0.671454	0.777407	6.285566	6.525153	3.487562	0.310823	10.065917	0.799916	6.593832	4.038460	5.846462	6.508428	-12.049113	-13.416608	-11.110074	10.616358	-14.226367	-14.831824	-3.652074	-4.032988	-5.468816	-3.251191
50	3	66	-10.197938	2.218449	0.392854	6.738485	7.233997	4.944709	1.113759	0.379126	-6.486979	6.777040	10.065917	7.108014	-0.045552	5.668153	-0.114695	6.508428	-12.049113	-13.416612	-11.110107	10.616358	-14.226367	-19.150195	-3.652074	-7.784005	-5.468942	-3.251191
50	3	2	8.519078	7.242669	5.510210	0.521303	0.670404	0.776747	6.285566	6.525153	3.667559	-6.270889	-17.716474	0.788642	6.593832	4.038460	5.847565	-7.288875	4.337882	10.533544	5.652926	-11.647220	3.261616	6.190226	8.312680	6.816417	6.193523	8.363149
51	4	39	-12.746000	-0.124526	-0.747735	8.754840	6.713275	6.665280	4.562973	-0.051568	-12.129976	2.143708	-17.316884	4.775786	1.976839	6.026656	0.558684	-5.872259	6.151844	5.626907	2.691195	-11.122514	7.135178	6.110415	6.235448	-2.434815	0.237338	1.351191
51	4	42	-12.882885	-0.124526	-0.747735	8.943965	6.713303	6.665280	4.562973	-0.051568	-12.132126	6.286435	9.630219	4.775809	1.976604	6.026670	0.395027	8.671236	-10.527364	-11.496046	-4.963390	7.155023	-8.189274	-9.962842	-5.355156	-10.405646	-6.650448	-3.184705
51	4	15	8.279409	6.473559	5.515278	2.691204	1.896791	0.643367	6.862500	5.417575	6.592651	-8.673267	-18.787617	-1.090156	7.338195	4.321480	6.253644	-7.064026	6.712836	8.535538	7.693705	-15.718545	7.145936	10.279382	6.235982	1.316044	6.252519	6.297737
51	4	4	8.279409	6.473559	5.515278	2.691204	1.896791	0.643367	6.862500	5.417575	6.592651	-4.530543	9.627675	-1.090156	7.338195	4.321480	6.253644	8.671236	-10.527364	-11.370425	-4.963390	7.155023	-8.189274	-7.986410	-5.355156	-6.644671	-6.640080	-3.184705
52	3	77	-0.418402	6.027862	2.964152	7.755819	3.772473	4.740600	3.852092	4.596241	-3.054373	8.274539	9.935937	5.001336	2.959917	5.179872	0.339616	5.302926	-9.491427	-20.362016	-10.461100	10.441362	-11.527632	-14.572765	-3.218384	-7.243778	-5.692330	-4.974728
52	3	21	-0.409873	6.027881	2.964201	7.748957	3.771974	4.740330	3.867476	4.602645	-3.053619	1.801842	-7.493896	5.000884	2.967952	5.149444	0.339621	-9.659842	7.728133	5.925641	2.488795	-15.315434	6.604092	4.153998	6.214702	0.133823	1.526414	0.688845
52	3	2	6.364089	8.294040	4.048160	1.210855	0.811850	2.617684	7.351125	7.053434	5.413830	-7.540139	-13.736520	-0.935860	6.747236	1.293464	5.095919	-13.767702	7.883593	7.586327	6.341315	-15.487063	6.759148	10.490777	6.214702	3.672981	7.371564	6.294670
53	2	76	-12.625098	-0.737557	0.671843	6.083751	7.331906	8.950248	0.428617	0.341713	-12.884843	1.217688	-19.213274	5.010249	0.167495	5.791830	5.810129	-11.560234	6.754036	11.257580	8.663329	-16.880986	7.133096	9.110977	4.553013	7.146085	4.363413	6.603048
53	2	24	-14.028376	-0.739688	0.671843	7.111332	7.416662	8.963430	0.428617	0.338661	-13.451880	6.970491	6.190453	5.479628	0.167495	5.791830	5.253465	5.989310	-10.708776	-13.194592	-9.957559	8.699064	-6.625854	-10.397707	-7.756024	-5.201561	-11.766876	-0.802867
54	3	72	-12.282447	1.260172	5.485843	6.199753	5.019251	3.480506	5.146171	-0.433257	-1.612074	4.608554	8.640812	6.612830	2.968400	5.217807	4.990242	8.144330	-8.502555	-19.648051	-10.739667	6.930035	-5.308910	-18.913015	-4.237504	-3.593343	-10.042545	-2.855150
54	3	23	2.382430	6.520825	7.480544	4.060078	3.902795	1.639035	6.501598	4.951903	1.163048	-4.207845	8.640812	5.511111	9.382621	1.255629	6.588513	8.144330	-8.502555	-19.647555	-10.739667	6.930035	-5.308910	-18.898267	-4.237504	-3.592492	-10.042127	-2.855150
54	3	5	-3.182260	3.954161	6.988883	4.060142	3.902930	1.639106	5.329223	-0.433257	1.148686	-1.914243	-14.875890	5.511211	2.968401	5.217805	6.588508	-10.116365	4.969835	8.923636	7.210020	-17.537508	6.739359	5.442206	7.471692	7.298038	6.444135	4.636576
55	2	63	-5.671157	2.740486	1.049777	4.776260	6.359404	4.335078	-0.575292	-0.208890	-1.323367	6.174107	-20.416482	7.634754	1.142855	9.038668	4.021330	-9.588950	4.533047	9.977701	5.971020	-18.094879	6.612788	8.207042	6.855670	4.745429	8.680935	7.291187
55	2	37	-5.671157	2.740486	1.049777	4.776260	6.359404	4.335078	-0.575292	-0.208890	-1.323367	6.906310	10.260569	7.634754	1.142855	9.038668	4.021330	6.064467	-12.614994	-19.760437	-9.363806	6.095930	-8.288455	-10.676349	-5.225344	-8.038929	-8.408708	-3.113533
56	2	93	-12.850948	-0.534244	1.729685	7.056734	6.271188	5.932181	2.688744	0.553084	-8.478718	9.405060	10.811962	8.578590	2.575571	7.819346	2.479255	3.348731	-11.020917	-10.845478	-12.221705	10.612947	-2.119515	-13.463771	-4.825425	-6.605397	-13.295045	-3.567490
56	2	7	-12.846007	-0.534244	1.729685	7.053522	6.271188	5.932181	2.688744	0.553084	-8.478559	3.023217	-14.656034	8.578547	2.575571	7.819346	2.487746	-8.191658	3.549947	9.235312	2.773873	-10.869646	8.872441	10.694028	6.817067	2.892087	5.533050	7.858380
57	2	68	2.326507	5.084166	2.832020	5.624596	1.608221	-3.150641	6.213632	6.467392	-1.592195	5.247562	10.283610	7.488161	6.081399	7.266370	6.387422	6.138246	-12.698278	-17.057733	-10.497018	5.503877	-8.580701	-13.281583	-0.023469	-4.089693	-11.243438	-2.551039
57	2	32	3.357755	5.119339	2.875302	0.455190	-1.777904	-3.151713	6.615206	6.542738	-0.268120	-1.578027	-11.246060	2.881715	6.284800	6.941326	8.748926	-7.064646	7.023436	11.149752	5.494273	-20.405707	5.450681	10.175556	6.491555	5.334930	5.668300	6.694171
58	2	56	5.780064	7.484323	5.246751	-1.751586	-0.094656	-0.901353	3.316778	7.293821	6.660874	0.937904	10.258927	0.287380	7.062027	5.649756	6.796427	6.199558	-8.834885	-20.266354	-10.039135	10.770800	-6.724652	-8.096362	-3.324251	-7.301789	-11.526250	-2.587686
58	2	44	5.780064	7.484323	5.246751	-2.067990	-0.094656	-0.901353	3.316778	7.293821	6.662281	-5.604348	-9.568497	0.287380	7.062027	5.649756	6.796427	-8.421188	6.200547	8.599897	7.551707	-16.055632	7.444386	9.246003	8.769998	3.852653	4.747844	7.918497
59	2	90	8.217294	7.206189	6.218191	-0.294079	2.327762	1.509453	3.551245	4.664607	6.327104	-1.907856	9.065778	0.303798	8.009664	0.547909	6.389015	4.816580	-11.692135	-21.264018	-12.560512	8.124181	-13.747165	-9.515935	-5.647415	-3.874939	-12.811644	-2.378144
59	2	10	8.217294	7.206189	6.218191	-0.296911	2.327761	1.509452	3.551245	4.664607	6.327105	-8.475691	-16.750597	0.303760	8.009664	0.547909	6.389015	-13.975996	4.267025	5.649332	4.600176	-17.896066	4.370914	9.369568	6.293198	6.195151	2.023215	6.297354
60	2	91	-12.190049	0.175158	-0.681009	6.309954	6.965021	6.876176	4.660674	0.857670	-10.415559	3.187078	7.165817	3.632214	1.770553	7.544502	-3.031013	6.149307	-8.852873	-18.515015	-10.483228	10.545360	-8.729039	-15.545632	-4.808001	-9.052319	-14.401512	-8.702093
60	2	9	-7.840196	0.175158	-0.681009	0.070960	5.441652	6.851249	4.660674	0.972431	-8.046690	-2.804609	-15.379838	1.387682	1.770553	7.544502	2.622346	-9.715892	3.039030	10.066586	5.534137	-12.024840	5.486090	9.209093	5.843855	2.441448	4.596596	3.256206
61	2	62	-15.576671	-0.610145	-1.646178	2.663062	8.069663	8.606775	1.763493	0.741016	-7.640697	6.399542	11.711466	5.214023	0.475083	7.174360	6.398214	6.099312	-11.102472	-18.196396	-8.589290	10.533001	-11.794307	-13.027870	-5.927990	-9.278048	-11.301916	-1.692070
61	2	38	-14.796861	-0.610145	-1.646178	-3.462781	7.139292	8.577393	1.763493	0.741016	-5.734060	0.179943	-12.330412	2.994027	0.475083	7.174360	6.804526	-10.131590	3.694626	8.583679	7.393391	-13.873964	5.323702	9.149167	5.859916	3.567720	6.349375	9.774745
62	1	100	-3.614602	1.946063	-0.466412	7.635575	1.573478	1.583377	0.788285	-1.892502	-2.196100	7.809445	11.282077	1.878637	2.592771	2.661285	-0.411573	5.913695	-2.486953	-12.747801	-9.040622	5.665853	-14.274845	-20.292242	-3.982929	-10.542241	-14.776638	-2.966450
63	2	87	6.354278	6.853773	6.302111	-2.041400	2.026081	8.038019	4.914608	7.161685	4.299339	-1.333281	10.099525	0.481636	6.588261	1.040214	4.539424	7.342087	-5.501052	-17.426381	-10.565132	11.472440	-10.918710	-12.265096	-3.942891	-8.748331	-10.105723	-9.769366
63	2	13	6.354278	6.853773	6.302111	-2.051206	2.026081	8.038019	4.914608	7.161685	4.299339	-6.442634	-14.988596	0.481630	6.588261	1.040214	4.539424	-6.048763	6.193998	9.592310	5.436566	-12.980430	6.057179	9.909971	5.887497	3.394875	6.781093	3.273732
64	2	65	-15.465159	3.011743	5.511699	8.132298	6.387090	6.301260	-1.185838	2.181758	-8.483938	6.486665	10.512755	6.377940	1.455170	6.223603	-1.586468	8.440857	-9.040142	-17.125544	-13.055231	8.639943	-11.378540	-14.123152	-4.736965	-4.590779	-6.155304	-3.530707
64	2	35	-11.514346	3.014633	5.512553	2.477959	6.386953	6.301240	-1.185837	2.181758	-2.800832	0.701780	-14.675464	6.377620	1.455170	6.223603	4.174689	-5.899385	8.894623	7.097239	3.362241	-17.545065	7.386457	10.856238	7.428689	8.696430	7.497020	6.093817
65	2	94	8.313064	7.902935	5.656083	1.740152	-0.697750	0.640796	6.714087	7.490350	2.768779	0.690785	9.639965	-1.190825	3.370560	5.932252	5.117685	6.899053	-4.792442	-17.796872	-12.130520	5.976231	-10.480041	-8.173664	2.668875	-2.512334	-8.003250	-5.646547
65	2	6	8.313363	7.902935	5.656083	0.292599	-0.697750	0.640796	6.714087	7.490350	2.768779	-2.327478	-9.206350	-1.479154	3.370560	5.932252	5.117697	-9.554100	6.491409	9.357435	4.627957	-15.034196	3.562615	5.685246	7.929485	5.713115	6.877461	7.140963
66	2	66	9.150385	7.869376	4.597064	1.527998	0.358989	-0.591509	5.224900	5.765221	4.569996	-2.426692	9.747583	1.878688	6.002170	3.986584	9.153358	5.994192	-10.623962	-23.749575	-6.628341	10.483202	-10.661378	-11.359757	-4.488935	-6.802446	-10.285258	-4.633193
66	2	34	9.150397	7.869376	4.597064	-0.221966	0.358978	-0.591509	5.224900	5.765221	4.593886	-8.389155	-16.982420	1.878668	6.002170	3.986584	9.153358	-10.856498	8.492516	5.541426	6.702384	-14.278928	5.899912	8.660853	6.236927	5.584617	5.633765	5.463384
67	4	34	-6.281026	1.829084	4.772389	6.741543	5.502722	4.756782	0.099133	1.232342	2.077493	6.123150	7.969767	5.536436	-0.498932	5.846107	3.184643	6.401346	-7.376084	-17.199150	-8.979003	8.886202	-11.116071	-13.013564	-3.232623	-11.591722	-11.926458	-0.502343
67	4	18	6.764933	6.471539	6.862439	0.571878	2.733215	3.303074	5.724083	6.834316	5.612662	-3.357656	7.969767	1.245068	5.134296	5.186939	7.120623	6.401346	-7.376084	-17.199148	-8.979003	8.886202	-11.116071	-10.600533	-3.232623	-5.178630	-11.926457	-0.502343
67	4	37	6.764938	6.471539	6.862439	0.571842	2.733202	3.303068	5.724083	6.834316	5.612663	-8.042257	-16.834665	1.245045	5.134296	5.186939	7.120623	-9.157226	5.460025	10.321367	7.520478	-14.183001	6.528096	10.111808	4.975225	6.701595	5.587506	6.436426
67	4	11	-1.750858	1.838797	4.779550	2.572596	3.673198	3.770450	0.139506	3.858442	3.706019	0.882310	-16.834665	2.747701	0.498725	5.845080	7.047623	-9.157226	5.460025	10.321367	7.520478	-14.183001	6.528096	10.111808	4.975225	6.701476	5.587506	6.436426
68	2	35	-5.573958	4.894209	4.918592	3.578100	7.675658	6.317727	2.373754	1.479445	-3.074731	-2.461509	-14.039941	4.236656	7.281826	4.137476	6.787762	-5.952338	8.336811	12.125699	6.244668	-14.164800	6.974344	9.774243	6.824146	4.126198	7.966508	6.832874
68	2	65	-6.765008	4.894209	4.918592	6.221876	7.727779	6.317742	2.367827	0.803989	-4.184763	3.858314	10.066910	5.595010	7.281826	4.137476	5.156627	8.204692	-5.161462	-13.358770	-11.348627	8.334045	-10.591430	-13.925214	-4.468439	-8.114755	-5.813936	-4.510667
69	5	22	2.350305	6.741386	7.117792	7.042557	4.477129	2.229556	6.408529	5.607715	1.723535	3.221295	5.064790	5.419917	5.535679	3.722807	5.398571	6.317863	-5.660268	-13.057864	-5.482857	9.230550	-6.284532	-7.517308	-5.854651	-2.563019	-10.382964	-3.152308
69	5	11	-1.814206	0.336495	1.522779	2.403414	0.835636	1.184570	1.726087	-0.158635	4.078222	-0.276559	-15.186159	-0.014712	1.371221	4.977693	7.503579	-4.839669	4.966096	10.178379	6.442619	-9.561691	8.123808	9.966588	5.380590	8.090969	4.885218	6.356236
69	5	48	9.344286	6.742268	7.117792	1.501690	0.835635	1.184568	6.421516	6.057973	7.867649	-6.507531	-15.186213	-0.096365	6.356057	3.185971	7.604406	-4.839669	4.966096	10.178379	6.442619	-9.561691	8.123808	9.970270	5.380590	8.092687	4.885218	6.356236
69	5	11	-8.796224	0.330604	1.522777	7.042952	4.477285	2.229556	1.724026	-0.158643	-2.065864	6.418935	5.064790	5.419966	1.361728	4.978487	5.398270	6.317863	-5.660268	-13.057994	-5.482857	9.230550	-6.284532	-7.517472	-5.854651	-2.563106	-10.382965	-3.152308
69	5	8	9.189685	6.742268	7.117792	3.564491	0.835671	1.184625	6.421516	6.057973	7.859008	0.113118	5.064494	0.708820	6.356056	3.185971	7.266131	6.317858	-5.660048	-12.776791	-5.482857	9.230548	-6.284532	-7.086737	-5.854648	-2.354925	-10.380950	-3.152308
70	2	80	-4.725183	5.382865	6.724279	6.746727	7.510251	8.812188	0.980677	-2.470325	-5.845976	5.722469	7.545165	7.261368	0.847242	7.605894	0.704771	7.293277	-9.634193	-15.059378	-11.364648	10.635655	-11.732737	-10.143947	-5.609906	-6.339879	-9.014396	-3.844647
70	2	20	-3.448480	5.385004	6.724495	2.753600	7.431056	8.808711	0.980677	-2.469824	-0.906767	-0.310939	-17.128432	6.683277	0.847242	7.605894	3.920496	-8.776446	6.671242	9.079021	5.415595	-12.163411	3.903511	9.923759	6.212182	4.873964	6.009083	7.322951
71	3	56	-3.405000	0.343140	-1.380044	1.638535	3.741966	3.026951	1.231421	1.564671	-2.373433	-0.496662	-15.965938	4.276852	1.317503	7.650650	7.414415	-7.124256	9.136609	9.813935	6.768557	-17.666943	6.629444	10.432299	9.263655	7.261390	6.416391	8.942489
71	3	33	-7.480718	0.343139	-1.380044	6.679150	4.651546	4.112621	1.206723	-0.455576	-7.029139	4.163046	6.524990	7.013200	1.171639	7.650670	1.024256	5.743363	-3.964554	-14.296180	-7.515947	4.168816	-9.007819	-12.387631	5.356102	-10.558318	-8.374678	-2.587396
71	3	11	2.294570	6.831800	4.556955	1.298187	3.138856	2.514392	7.203455	5.173498	-0.482007	-3.630483	-15.965938	3.293936	6.997658	1.371988	7.450655	-7.124256	9.136609	9.813942	6.768557	-17.666943	6.629444	10.435211	9.263655	7.262595	6.416391	8.942489
72	2	84	7.582255	6.740633	6.213545	0.698535	-0.155280	1.258366	6.187583	7.488933	7.618913	-4.850947	8.067870	-0.469158	5.880134	3.286549	4.843163	7.417091	-10.959064	-17.009402	-9.455159	8.449704	-13.074974	-8.558023	-3.801859	-6.564259	-11.278429	-1.757498
72	2	16	7.582255	6.740633	6.213545	0.698200	-0.155280	1.258366	6.187583	7.488933	7.618914	-10.865141	-14.935104	-0.469158	5.880134	3.286548	4.843165	-6.349333	6.055664	13.156282	6.597828	-16.172009	3.595309	8.530830	6.829100	5.959476	5.750048	6.965264
73	3	58	-6.243609	-1.001536	-2.574526	7.190305	4.986512	3.741705	0.522368	1.206577	-2.507045	6.269793	9.703582	7.018860	2.793575	3.249853	0.067631	6.603202	-10.411142	-8.983951	-12.068383	11.322079	-12.888150	-16.388637	-5.280763	-10.751646	-3.336773	-0.451239
73	3	37	7.864325	5.454648	2.250292	0.924382	1.123733	3.605994	5.417273	6.667169	2.879384	-3.159363	9.703582	2.183174	6.555511	0.476419	6.513425	6.603202	-10.411142	-8.981691	-12.068383	11.322079	-12.888150	-12.247281	-5.280763	-5.325604	-3.336773	-0.451245
73	3	5	7.891239	5.454664	2.250322	0.845715	1.123733	3.605994	5.417273	6.667169	2.879385	-9.311126	-13.222103	2.183050	6.555526	0.476418	6.513435	-4.783851	4.061602	11.395628	5.741411	-15.842604	4.272852	8.077836	5.326943	3.782149	7.609303	8.457249
74	3	23	-8.382341	1.874329	2.970045	6.403766	8.707854	7.570543	3.913114	4.093783	-8.672333	3.412408	8.809272	7.191847	1.839030	5.942587	2.516405	6.357540	-9.508750	-19.193279	-6.534105	10.335491	-5.939635	-5.904860	-8.394294	-5.418295	-11.318495	5.008073
74	3	32	5.562528	6.474317	8.341329	0.627294	5.190540	7.340693	7.439661	9.493460	5.524332	-4.639246	8.809250	4.195174	6.609210	2.142582	6.484038	6.357540	-9.508750	-19.193276	-6.534105	10.335491	-5.939635	-2.451980	-8.394294	-3.826534	-11.318426	5.008073
74	3	45	5.562528	6.474317	8.341329	0.627294	5.190540	7.340693	7.439661	9.493460	5.524332	-9.855946	-9.767359	4.195174	6.609210	2.142582	6.484038	-6.460786	7.040822	7.163362	7.248657	-11.383660	7.236939	12.382109	3.118017	8.113911	6.389528	9.024279
75	2	18	-6.476262	1.010483	1.883670	8.461258	3.673578	6.756133	2.975757	-2.799873	-6.777265	6.097975	9.958012	6.096580	0.262281	7.214958	7.262460	6.225126	-6.394910	-14.186813	-8.847433	9.983309	-8.806514	-3.765247	-4.698265	-1.567688	-11.253930	-4.522032
75	2	82	7.229481	6.513530	6.808141	1.933405	-2.495038	4.491721	8.984268	2.601701	4.678527	-5.334000	-11.780708	-0.229884	6.532476	6.222141	8.143272	-11.875170	9.024872	9.641489	8.227245	-14.801918	6.733962	10.104326	7.318470	8.682447	6.968017	7.352943
76	2	49	3.208672	6.906215	5.302980	1.116122	-0.889740	0.155623	7.080151	7.589012	3.256625	-2.607350	9.582481	0.320978	6.221925	2.391964	6.844054	6.314407	-7.741958	-16.728236	-10.020070	9.899424	-9.971473	-14.235353	-4.075169	-5.212085	-10.015876	-3.536416
76	2	51	3.208672	6.906215	5.302980	0.996183	-0.889744	0.155623	7.080151	7.589012	3.256639	-8.953550	-10.143926	0.320934	6.221925	2.391964	6.844056	-12.536470	8.958984	9.466695	3.377438	-18.612622	7.724442	10.041794	6.154915	5.875297	8.892579	6.989480
77	2	67	7.060887	7.125302	8.385834	2.214848	3.376733	4.929260	5.153869	5.868048	4.916287	-8.248761	11.253747	4.108298	5.069538	7.686055	6.309431	6.382938	-10.422178	-20.164895	-7.220821	9.442637	-9.381975	-9.558766	-3.030198	-3.913697	-8.614904	0.595427
77	2	33	7.193421	7.125302	8.385834	2.011037	3.211979	4.747276	5.153884	5.871221	5.003229	-13.712915	-4.386797	4.007741	5.069538	7.686055	6.343335	-10.459201	7.014777	7.647438	7.034416	-16.442522	6.442768	10.562089	6.991649	6.022203	7.175814	8.579205
78	2	99	-13.586920	1.562750	0.413054	7.091973	7.860623	4.990827	-1.301980	1.289634	-7.937521	7.608953	11.736053	6.774526	-1.556653	2.696047	2.647104	6.766966	-12.865982	-16.764582	-8.377502	9.815704	-7.566743	-18.294025	0.141167	-10.355152	-9.656664	-6.274745
78	2	1	8.664896	6.444687	5.908154	2.558406	5.479602	2.415968	5.081543	5.813555	0.643119	-5.230233	-15.223035	1.836666	4.840984	2.670009	6.481586	-10.101254	3.660204	9.201685	7.471580	-14.559751	6.094688	8.894745	7.751015	6.557121	6.982671	5.223616
79	4	48	-10.524302	2.023105	-3.122872	7.946815	4.451046	7.493451	-3.560860	0.993177	-14.178145	5.895433	11.888379	5.055819	0.494757	6.112505	-3.094585	5.174081	-5.744951	-23.460812	-9.293493	10.379453	-6.040430	-13.686993	-1.633720	-9.460010	-11.123844	-7.575124
79	4	15	-5.051684	2.023187	-3.122868	5.596004	4.041825	7.208698	-3.160984	1.000990	-8.942011	0.399304	-14.218922	4.205154	0.516152	6.112497	-3.093516	-11.718823	7.364334	6.770948	8.167344	-18.183597	7.119973	5.062654	6.186080	1.949455	4.047821	3.199467
79	4	20	5.249067	8.465088	3.312337	2.440948	1.228574	5.286921	2.452157	7.206402	0.356201	-9.585363	-14.220863	-1.137118	6.433700	0.939155	2.051092	-11.719047	7.364334	6.774091	8.167467	-18.183597	7.119976	5.096279	6.186080	1.962463	4.056870	3.199678
79	4	17	5.249067	8.465088	3.312337	2.440950	1.228574	5.286921	2.452157	7.206402	0.356201	-4.089235	11.888379	-1.137117	6.433700	0.939155	2.051091	5.174081	-5.744951	-23.460812	-9.293493	10.379453	-6.040430	-13.675084	-1.633720	-9.447003	-11.123844	-7.575124
80	2	65	5.788016	9.192290	5.956687	5.860140	7.318553	6.273857	6.840932	6.989626	-4.172147	-1.876382	11.673522	6.135426	6.053099	5.849345	4.334381	7.374797	-8.079170	-19.462172	-8.980812	10.356508	-6.361646	-8.863002	-2.934539	-5.489705	-10.141766	-5.615485
80	2	35	7.248132	9.193694	5.956747	2.291188	4.370070	6.249010	6.842345	6.989626	3.284857	-8.286645	-6.278367	4.044267	6.079276	5.816101	7.127953	-9.525546	7.054680	8.407258	4.751784	-15.891538	8.016759	10.142173	5.772230	6.095176	6.438646	6.524619
81	2	24	1.236449	2.371202	6.857335	1.285751	6.433925	7.148740	7.444774	0.650695	1.342325	-1.513206	-15.662595	4.751071	7.716767	0.146290	6.722449	-6.472938	3.564951	8.818944	6.690329	-18.074341	7.089988	7.593864	6.649708	7.383374	6.961300	4.701822
81	2	76	-1.923952	0.243247	5.296300	6.894004	6.517688	7.149550	4.298836	-0.600727	-8.854703	5.105828	8.511837	7.917173	4.738255	1.716209	0.336286	7.897244	-4.529336	-16.061051	-9.954829	8.673208	-8.719846	-18.396250	0.024324	-8.287506	-1.917621	-3.130666
82	2	41	-9.252125	1.766632	1.245681	0.039751	9.009953	6.957197	-0.012565	1.778632	-1.130347	-0.679920	-22.639165	4.249076	3.827445	6.825808	5.350200	-12.706544	8.702290	6.875039	6.686651	-15.647190	7.250493	7.386371	6.910177	4.920592	8.343804	6.094787
82	2	59	-13.877960	1.766575	1.245681	5.922325	9.183126	6.957725	-0.012565	1.373654	-7.468702	5.180603	4.768716	4.764781	3.807361	6.826088	4.196293	3.832807	-6.970101	-18.819177	-9.712799	10.965585	-11.526658	-21.714568	-1.758702	-6.555703	-7.490958	-5.335571
83	3	29	11.039062	8.829110	7.273965	3.593501	4.965315	4.978353	8.005291	9.143244	4.931891	-6.093831	-17.758932	4.199264	5.869135	1.638340	8.236925	-7.286844	7.176360	9.854888	5.435329	-18.441846	6.486263	9.340108	5.314125	7.855510	6.769351	9.135461
83	3	64	10.988548	8.829110	7.273965	3.617086	4.996468	5.039909	8.005244	9.143244	4.859152	-0.641718	10.202988	4.254473	5.869114	1.638351	8.236232	5.722857	-10.637395	-13.979688	-11.105547	8.754507	-10.434888	-12.111270	-5.574087	-3.172737	-7.740040	-0.671011
83	3	7	11.039062	8.829110	7.273965	3.593501	4.965315	4.978353	8.005291	9.143244	4.931891	-6.077949	-3.279794	4.199264	5.869135	1.638340	8.236925	-0.556737	-4.601086	5.766838	0.415365	-5.995589	6.437085	5.509369	0.078839	7.801269	0.331907	8.115568
84	3	28	7.755535	7.092546	6.763907	0.083423	2.819178	1.638448	7.245949	7.298754	4.317435	-0.412062	8.146999	3.582416	4.699207	5.081043	3.907730	5.070252	-8.720075	-15.591065	-11.421040	8.200874	-7.985414	-6.240699	2.517105	-7.126879	-7.735106	-2.121490
84	3	58	7.757062	7.092546	6.763907	0.011442	2.810168	1.636384	7.245949	7.298760	4.318439	-6.673006	-16.584357	3.568271	4.699212	5.081039	3.908804	-10.840235	6.690041	8.662544	5.165848	-19.141075	6.223437	9.801123	7.041064	2.411912	7.546904	6.349479
84	3	14	-5.179551	1.519107	1.890265	6.305686	4.028222	4.345854	2.186359	2.788194	0.775672	7.040010	8.146999	6.511112	0.446174	5.417111	2.828777	5.070252	-8.720077	-15.591584	-11.769008	8.200893	-7.987711	-6.862371	2.517105	-9.205304	-7.735292	-2.121490
85	4	36	9.644277	7.630768	6.657413	0.113774	-0.766839	4.458243	7.677709	8.094712	5.067989	-6.944859	9.421479	1.938802	2.636319	5.188748	6.123837	7.482913	-10.669097	-12.997047	-0.809227	10.644216	-6.730634	-9.350825	-6.313248	-5.652254	-7.836694	-3.529372
85	4	37	9.644277	7.630768	6.657413	0.113774	-0.766839	4.458243	7.677709	8.094712	5.067989	-13.553115	-15.697248	1.938802	2.636319	5.188748	6.123837	-10.017723	5.876681	9.266331	6.284844	-12.370170	7.896137	10.763461	5.855452	5.960894	6.865520	6.700935
85	4	16	-1.633378	1.536507	0.476155	0.129436	-0.766805	4.458243	1.895813	3.077097	-0.093324	-2.498099	-15.697248	1.940368	0.093997	5.192128	6.123836	-10.017723	5.876681	9.266331	6.284844	-12.370170	7.896137	10.763461	5.855452	5.960894	6.865520	6.700935
85	4	11	-8.380834	1.494848	0.476109	6.001844	5.362600	5.192900	1.183778	3.075345	-3.111933	4.110567	9.421481	7.024767	-3.563513	5.192128	5.370434	7.482913	-10.669097	-13.141195	-0.809227	10.644216	-6.730634	-9.959101	-6.313279	-6.240508	-7.838889	-3.529372
86	3	35	7.516221	6.473022	6.386697	5.068688	3.219893	0.148692	6.454020	9.394370	4.585669	-1.030174	9.460820	4.350432	6.663795	0.676090	6.256524	7.152843	-7.175588	-17.586386	-12.074954	11.394965	-11.449481	-4.546990	-5.877904	-5.065203	-7.409011	-3.027498
86	3	29	8.367401	6.473038	6.386705	4.771005	0.865420	-0.135128	6.454020	9.394593	4.736149	-7.575073	-15.464368	3.007732	6.663797	0.676089	6.363188	-7.875613	6.297009	12.407162	6.258418	-16.133375	5.959766	12.237575	6.910435	6.076358	6.444556	6.097545
86	3	36	-3.071338	2.478770	0.504907	7.214815	5.067187	4.652813	0.868198	4.178152	-14.696713	3.970450	9.460820	6.918413	2.106264	6.650222	0.488203	7.152843	-7.175588	-17.593887	-12.118034	11.394965	-11.449481	-9.750402	-5.877904	-10.965836	-7.930663	-3.027524
87	3	79	-7.982651	2.592761	0.985976	5.737050	7.285973	5.347297	0.949049	3.688435	-15.183572	3.508871	-2.722516	6.783770	0.523075	7.451582	-2.171366	-6.481360	2.236219	4.487929	-6.317040	-9.013446	2.271291	-4.068552	6.785977	0.022858	-4.885177	2.229350
87	3	18	-7.982651	2.592761	0.985976	5.737050	7.285973	5.347297	0.949049	3.688435	-15.183573	8.391504	9.792878	6.783770	0.523075	7.451582	-2.171366	4.951616	-8.441329	-10.723708	-12.055118	9.429620	-5.012619	-18.541896	-0.333987	-8.775753	-10.703404	-3.718048
87	3	3	2.484719	6.111582	7.423265	2.402946	6.806750	5.185817	7.215848	6.656297	-6.670281	-4.295711	-2.851021	4.805297	6.809667	5.194239	3.862388	-6.516917	2.239403	4.638993	-5.371086	-9.020587	2.272126	-2.514363	6.791896	2.997788	-1.394495	2.229611
88	3	35	-1.140997	1.160381	1.787674	5.915778	1.653386	1.414315	1.351245	3.182108	-6.447212	5.981222	10.387397	4.306456	0.287168	5.739388	4.258120	5.228080	-10.101095	-14.531614	-9.093326	10.211084	-8.567619	-15.066986	-9.247753	-10.830309	-8.903597	-3.740381
88	3	55	9.460379	6.453031	7.895762	3.213058	0.229937	1.409377	1.958631	8.473540	4.008175	-2.725782	10.387397	2.502716	6.805226	-0.282554	4.949947	5.228080	-10.101095	-14.531615	-9.093326	10.211084	-8.567619	-13.407219	-9.247753	-8.373018	-8.903597	-3.740381
88	3	10	9.460394	6.453031	7.895762	3.212945	0.229933	1.409377	1.958631	8.473540	4.008181	-7.575831	-15.429700	2.502630	6.805226	-0.282554	4.949960	-8.527869	8.363576	12.010300	3.365290	-13.109545	7.190639	6.522313	3.116641	2.213332	5.262437	7.832853
89	4	37	-9.086986	3.486461	1.707486	6.581999	7.485571	6.415058	0.873396	3.632160	-7.549973	1.308844	-9.923233	7.478055	0.742594	8.830919	6.390232	-9.487149	6.216807	10.186063	7.035557	-18.021588	8.060917	9.383323	4.954554	8.005873	2.304302	6.322211
89	4	25	11.224347	6.833788	6.772131	1.620416	2.608465	0.635699	6.676609	4.965552	6.296247	-6.798343	-9.923292	2.524903	6.960976	7.142337	8.319339	-9.487154	6.216807	10.186063	7.035672	-18.021588	8.060917	9.401897	4.954554	8.012821	2.304519	6.322760
89	4	32	-10.524846	3.486461	1.707486	7.669922	7.489398	6.415127	0.873167	3.632160	-8.281409	7.066662	9.357801	7.493780	0.742594	8.830919	6.219173	7.385538	-8.109353	-16.457393	-8.553066	9.397495	-3.140781	-6.794294	-6.580233	-2.734580	-14.684075	-1.571391
89	4	6	8.165745	6.833784	6.772130	4.969496	4.625009	2.932888	6.676609	4.965552	5.760366	-1.038440	9.357801	4.498193	6.960976	7.142337	8.059886	7.385538	-8.109353	-16.450952	-8.553065	9.397495	-3.140781	-6.760883	-6.580233	-2.720467	-14.680803	-1.571391
90	3	43	-8.533808	-1.672515	6.672984	6.265234	6.615810	7.293424	-1.458797	0.101484	-6.090995	5.237164	9.035232	8.151672	2.357745	2.654881	5.759598	3.510235	-7.224459	-9.150174	-10.304559	10.150440	-12.175487	-9.372603	-5.124928	-4.997096	-9.101884	1.270406
90	3	52	-6.847991	-1.672515	6.672984	5.186289	6.614245	7.293036	-1.314671	0.403368	-5.598492	0.269455	-11.267235	7.727505	2.357747	2.654881	6.232408	-7.781373	6.443564	8.987846	5.962006	-19.191536	7.373061	8.006499	5.340640	5.809054	6.031487	6.566310
90	3	5	5.261465	4.209351	6.815180	-0.287749	0.982615	2.590339	4.365922	6.283582	5.519892	-8.100693	-11.361734	3.749198	7.556425	-2.913712	6.851445	-7.781384	6.443582	8.987846	5.966899	-19.191618	7.373061	8.207379	5.340640	5.843211	6.031503	6.566310
91	2	65	-7.173337	0.978338	1.327042	4.919975	7.275101	2.949140	3.419315	1.483600	-4.470143	7.199146	5.052009	5.353457	1.533258	8.949986	-1.686868	6.198098	-14.375536	-16.965949	-7.888819	8.131732	-11.689612	-16.243155	-5.776635	-4.906445	-8.802715	-5.577877
91	2	35	-7.084052	0.978338	1.327042	3.953211	7.273395	2.948965	3.422100	1.487484	-4.254434	0.812408	-22.592194	4.833181	1.533258	8.949986	0.048085	-12.783441	3.217557	10.447113	7.036439	-15.973260	6.238894	5.632892	5.793289	2.687631	6.578892	4.805647
92	3	50	4.906643	7.752367	5.861898	7.313656	3.982884	1.362132	5.437733	5.653543	-1.009982	-0.025547	10.292529	6.614369	4.562511	6.821147	2.909020	8.073578	-9.442587	-19.104489	-7.463767	8.848394	-10.829084	-14.165775	-3.128836	-9.652287	-10.237208	-6.929443
92	3	39	8.535355	7.756988	5.862236	1.965672	3.281446	1.096522	5.482839	5.653554	4.543950	-7.185649	-14.695918	1.480222	4.563563	6.821096	6.657723	-7.133643	6.114636	12.056221	6.001360	-14.008674	6.352282	12.088884	6.669418	6.446015	7.771360	3.680941
92	3	11	-5.777595	3.668912	2.493697	7.321984	3.982884	1.362132	2.047335	-0.508047	-4.928435	3.290697	10.292529	6.614378	-1.929327	6.838666	2.908687	8.073578	-9.442587	-19.104527	-7.463767	8.848394	-10.829084	-14.165955	-3.128836	-9.652287	-10.237208	-6.929443
93	4	40	-3.850873	1.969265	5.747373	6.317249	6.480177	8.048200	0.966627	-2.430462	-6.822674	5.151546	-16.107456	7.143309	1.418010	7.009948	4.159849	-7.672515	5.602040	9.617290	7.696020	-13.451028	8.654050	9.655736	6.455967	3.328600	6.572294	5.109868
93	4	52	-3.850894	1.969255	5.747372	6.317285	6.480177	8.048200	0.966619	-2.430462	-6.822684	6.533994	10.398815	7.143310	1.418010	7.009948	4.159843	7.705957	-8.549130	-14.101901	-8.294378	9.457448	-8.113172	-13.791766	-5.548802	-6.666822	-4.005506	-6.628841
93	4	4	5.586739	6.492650	7.967832	0.869424	2.255636	5.565582	6.665771	2.928658	4.889055	-0.260688	10.398815	1.352403	7.511817	1.176730	6.241064	7.705957	-8.549130	-14.061171	-8.294378	9.457448	-8.114146	-12.344989	-5.548802	-0.879976	-3.967658	-6.628841
93	4	4	5.633134	6.495654	7.967832	-0.096470	2.236283	5.550190	6.665771	2.928658	5.134278	-1.643138	-16.107457	1.327684	7.511817	1.176729	6.241083	-7.672515	5.602040	9.617393	7.696021	-13.451028	8.654050	10.574053	6.455967	9.115560	6.636875	5.109871
94	2	95	-11.220068	2.040234	2.284654	9.009167	7.521056	7.180108	-0.270600	-2.691180	-6.331080	5.593284	11.679248	6.402457	2.426773	1.969399	5.173393	6.958992	-11.702322	-18.424729	-10.318475	11.577308	-6.924063	-17.003465	-4.419329	-5.672326	-10.960036	-5.480072
94	2	5	-11.220069	2.040234	2.284654	9.009166	7.521056	7.180108	-0.270600	-2.691180	-6.331080	5.200703	-6.221535	6.402457	2.426773	1.969399	5.173393	-9.307169	6.574697	9.680109	4.347772	-15.071539	8.159526	5.343123	6.140162	5.781892	2.316504	6.060318
95	2	80	10.396195	6.313199	7.000585	-0.755936	1.208056	-1.300938	7.464229	4.780966	7.151767	-7.449016	-20.616189	-0.815820	5.283180	5.649247	7.328760	-5.852690	6.374886	9.225186	7.264844	-21.798492	6.708606	10.392408	6.270760	9.062329	7.049179	6.248639
95	2	20	10.396195	6.313199	7.000585	-0.751139	1.208056	-1.300938	7.464229	4.780966	7.151767	-3.354724	9.971656	-0.815818	5.283180	5.649247	7.328760	7.249643	-9.314832	-10.325350	-5.749125	5.955316	-12.604112	-13.215076	-4.554395	-1.930562	-5.475723	-2.033449
96	4	27	-6.125875	0.695990	1.907849	7.558559	5.819072	6.234685	1.760611	1.556400	-10.648717	6.751536	9.921243	7.411206	-0.163363	6.506702	1.749370	7.177754	-9.887401	-15.855614	-9.250209	9.672629	-5.887040	-17.478729	-3.784399	-6.243562	-13.386717	-0.306178
96	4	29	7.735387	6.281723	7.279227	1.233954	1.277406	0.963185	7.484658	6.781573	5.171718	-9.986550	-14.013361	1.472587	6.311735	1.849583	7.688029	-8.575577	7.091396	9.815205	8.691041	-7.717174	8.578996	9.373965	7.371501	6.615043	5.108042	7.432382
96	4	27	7.735387	6.281723	7.279227	1.233954	1.277406	0.963185	7.484658	6.781573	5.171718	-4.020595	9.921243	1.472587	6.311735	1.849583	7.688029	7.177754	-9.887401	-15.855614	-9.250209	9.672629	-5.887040	-10.839174	-3.784399	-3.432368	-12.240551	-0.306178
96	4	17	-3.564790	0.695997	1.907850	5.281662	5.802842	6.224126	3.091142	1.556400	-8.064234	0.785142	-14.013351	7.358836	-0.163256	6.506702	7.583541	-8.575577	7.091396	9.815205	8.691017	-7.717174	8.578996	9.373154	7.371501	6.602975	5.107710	7.432382
97	2	60	-0.495465	1.233914	1.050301	4.239451	3.907361	2.977431	2.198434	1.618298	3.089946	1.346968	9.833694	0.992719	7.024177	-0.844671	-1.406472	6.823621	-5.336140	-17.611505	-8.972050	9.035311	-6.799858	-20.907940	-3.433053	-11.025005	-11.574356	-5.947488
97	2	40	7.793639	6.427673	5.827717	-1.338588	3.884424	2.883021	5.591138	6.297845	5.888367	-2.569920	9.833694	0.894150	9.743968	-0.867157	5.010622	6.823621	-5.336140	-17.611017	-8.972050	9.035311	-6.799858	-17.344528	-3.433053	-6.783446	-11.573834	-5.947471
98	3	49	9.782310	6.407751	6.051676	-0.667118	-2.345144	1.598579	4.155623	6.386582	5.438951	-4.690944	10.638387	2.056943	6.622904	3.441511	5.087381	6.947153	-9.465213	-11.841294	-6.543586	11.935859	-12.086204	-6.822241	-6.303516	-4.970623	-9.922566	-6.311980
98	3	13	-3.712851	-0.194187	-0.474857	5.615954	2.034242	1.601326	0.209924	3.215919	2.845413	5.922072	10.638387	5.679294	4.715653	3.442775	4.187887	6.947153	-9.465213	-11.841496	-6.543586	11.935859	-12.086204	-7.337081	-6.303516	-5.497613	-9.933707	-6.312090
98	3	38	9.782310	6.407751	6.051676	-0.667118	-2.345144	1.598579	4.155623	6.386582	5.438951	-10.900524	-8.569484	2.056943	6.622904	3.441511	5.087381	-9.025766	6.137433	9.857632	7.183165	-11.726071	6.482430	6.842462	1.921740	5.926931	7.649021	6.156293
99	4	73	-11.910133	-0.409271	0.518262	6.780380	8.492160	6.639144	-5.047256	2.104300	-9.527269	4.044956	10.048134	6.487465	2.897468	5.890827	0.381654	7.178810	-10.652592	-18.101420	-8.442283	9.345849	-3.341690	-13.337068	-4.483887	-6.848625	-11.992965	-4.196151
99	4	21	-11.113162	-0.409271	0.518262	5.107706	8.467700	6.639099	-5.047249	2.104298	-8.595861	1.695516	-14.151116	3.535908	2.897468	5.890827	2.761624	-2.335357	3.013798	9.728941	6.891651	-18.932926	9.110760	6.261067	7.877709	2.857617	7.267422	7.310870
99	4	3	3.494873	5.738992	6.854428	0.620224	6.059552	5.282201	1.288148	8.675615	0.680317	-3.226297	10.048134	0.824760	6.933443	3.304195	6.768251	7.178810	-10.652592	-16.437870	-8.442283	9.345849	-3.341693	-8.101481	-4.483887	-2.732665	-10.600365	-4.192433
99	4	3	3.494914	5.738993	6.854428	0.618652	6.059552	5.282201	1.288149	8.675615	0.680368	-5.575497	-14.151132	0.824760	6.933443	3.304195	6.768251	-2.335359	3.013802	9.779646	6.891680	-18.932940	9.110761	8.956914	7.877710	6.973122	7.267437	7.310870
100	3	35	-6.181806	0.290718	0.546846	5.646342	4.629261	6.943187	0.838758	0.285291	-2.265058	-0.244840	-15.135517	7.844437	-0.856566	6.545375	6.201718	-10.003431	7.443061	10.969612	6.563902	-17.677018	4.167962	10.212511	6.469113	7.512024	7.361122	9.679300
100	3	56	-9.194040	0.290718	0.546846	7.334705	4.629261	6.943187	0.837175	0.285291	-5.066788	4.743456	11.072840	8.815016	-0.856631	6.545375	1.291397	4.849535	-9.846410	-18.368615	-9.484719	10.361617	-11.078286	-7.383096	-2.408683	-7.303640	-9.637372	-0.909315
100	3	9	2.128901	6.535184	7.065189	5.205691	4.629100	6.943182	6.460726	5.580280	0.215688	-5.537678	-15.135517	6.484364	4.291491	5.766311	6.569762	-10.003431	7.443061	10.969612	6.563902	-17.677018	4.167962	10.322802	6.469113	7.517956	7.361122	9.679300
