1	2	97	0.126925	2.146895	-0.078966	-5.025497	-12.024151	7.162002	12.356976	-4.084269	-9.732723	-13.737434	-12.802210	-7.265338	-15.340816	-6.574263	-2.952134	-9.947338	11.353885	-6.727778
1	2	3	5.551365	1.856696	-0.078798	0.417516	0.863687	-7.276263	-1.005877	0.395630	7.797423	7.366576	5.928410	5.626901	5.007430	3.470695	6.136459	5.040243	-16.590813	4.266900
2	1	100	1.658378	7.205337	-1.135249	-9.834305	-14.630342	5.722377	11.411232	-2.889206	-12.958122	-17.737186	-11.032140	-5.374411	-12.004754	-3.957506	-4.229246	-9.247315	9.049326	-5.351142
3	2	51	7.321310	0.217770	1.348465	2.597635	7.068679	-8.718431	-19.321514	4.592136	6.667947	10.016190	6.043643	6.302101	5.795620	3.549765	7.887285	3.286589	-11.971150	6.818647
3	2	49	2.105938	2.487813	-0.236025	0.933947	-1.828528	5.589095	10.003520	-1.140860	-15.402472	-15.692260	-8.954806	-10.045099	-9.303552	-4.816734	-0.994763	-11.517674	7.853891	-3.866779
4	3	54	-2.494121	6.565220	-0.382046	-2.861416	-14.979606	8.493370	10.033178	-5.375389	-17.153215	-9.445065	-4.851063	-10.624368	-17.567465	-3.982549	-1.265108	-2.709520	9.995172	-6.806105
4	3	36	-1.793261	6.565220	-0.381894	1.360688	-2.380046	-6.912417	-15.241056	-5.222304	1.120259	8.368089	8.966768	7.589236	4.149858	5.831279	9.187957	6.858836	-14.636840	5.238674
4	3	10	3.994890	6.555301	5.294764	8.030682	1.029076	-6.984281	-19.559836	4.244461	5.119925	8.368093	8.971439	7.589252	4.149869	6.007252	9.188196	7.356541	-14.708928	5.239095
5	5	9	3.964884	8.185013	6.907731	6.356955	0.466012	-7.610705	-19.312404	1.998174	6.253971	9.039702	8.917412	2.174217	3.519669	6.469093	6.429574	5.924833	-12.151456	7.877539
5	5	37	-1.069249	8.741310	1.387638	-4.297280	-17.103937	5.121418	7.758374	-5.312550	-10.663897	-21.141399	-6.581512	-11.156944	-16.501983	-1.532107	-6.466863	-9.239931	7.669629	-3.172508
5	5	18	-1.069248	8.741310	1.393654	-3.658817	-5.850328	-5.243088	-16.138110	-5.312540	2.922273	2.505877	6.088570	1.785521	-3.095213	6.426052	6.429574	2.211715	-9.691656	6.182981
5	5	34	3.964879	8.185018	6.907731	6.356927	0.465937	-5.271791	-18.209589	1.998163	5.968239	2.505898	6.088628	1.785532	-3.095148	6.453601	6.429574	2.211774	-9.723432	6.183057
5	5	2	-1.069248	8.741310	1.393654	-3.658791	-5.850251	-7.599995	-17.321538	-5.312540	3.207996	9.039694	8.917411	2.174217	3.519651	6.453997	6.429574	5.924799	-12.129988	7.877538
6	3	26	4.050953	5.804438	0.606726	-5.099546	-4.456128	-8.478217	-17.049546	-2.353583	3.834108	6.614526	4.434257	6.972822	2.850909	0.889223	3.633525	6.649808	-7.563209	6.261103
6	3	67	3.974757	5.820637	0.606678	-5.313418	-16.063340	6.700657	8.024104	-2.504536	-10.984166	-19.505582	-12.250681	-11.620542	-12.754658	-11.608877	-6.943254	-9.424980	11.664306	-5.920120
6	3	7	8.188347	3.659200	6.155604	6.006143	2.137802	-8.478217	-17.061576	8.387985	5.580004	6.614564	4.434257	6.972822	2.868972	0.918095	3.633525	6.649939	-7.602974	6.261104
7	2	31	0.369862	4.562141	-2.417973	-3.591093	-1.516336	-11.163150	-14.923590	-6.243506	2.495681	10.211531	7.911331	7.641422	6.845217	4.767861	6.544379	5.041338	-16.806502	7.579622
7	2	69	-1.438771	4.562142	-2.421734	-3.875652	-9.709977	7.300276	8.743107	-6.861180	-16.142962	-20.480357	-8.535069	-7.530341	-12.549099	-7.052442	-5.539946	-8.690097	5.591509	2.268445
8	2	50	-0.489970	8.048778	2.271112	-3.501201	-10.023648	5.578431	9.944368	4.376135	-12.701159	-19.080580	-3.465431	-9.633302	-13.030262	-3.503095	-7.718800	-8.755258	10.420848	-5.075158
8	2	50	5.124679	2.296497	7.439585	6.200072	7.483709	-12.295558	-14.728775	5.234223	1.702200	5.395547	4.775729	8.057331	6.341292	5.687994	1.831419	0.149043	-14.358904	1.551091
9	2	33	1.236580	7.217969	4.220940	-2.135960	-13.088948	5.461612	8.488136	-1.043377	-12.509428	-10.465376	-9.251176	-10.356973	-13.791735	-0.332086	-5.450625	-7.480074	10.561676	-5.684792
9	2	67	6.948943	6.018495	7.436385	7.735770	2.441469	-12.101636	-18.704830	5.840679	6.074578	9.095487	6.880422	7.915758	6.340646	7.120117	6.850184	8.857396	-13.670769	6.639773
10	3	71	6.907328	0.112555	6.884139	4.979202	-0.767206	8.581343	10.740956	7.525254	-12.284425	-20.991214	-7.744050	-9.495928	-16.837698	-7.855954	-1.710749	-13.348998	11.006988	-2.289072
10	3	20	3.680261	5.857202	0.996007	-2.018459	-6.891354	8.581603	10.740956	0.077294	-17.261984	-20.991214	-7.744050	-9.495927	-16.837698	-7.856036	-1.710749	-13.349000	11.006988	-2.289072
10	3	9	7.120814	-0.195511	6.902113	7.787526	4.441184	-2.780871	-13.447937	7.531772	6.458327	9.998253	9.272721	8.677381	5.373894	2.800259	6.278637	5.223452	-11.194169	5.812370
11	2	79	5.389235	5.053724	-3.949072	0.418658	-21.406590	7.268907	7.562674	5.272668	-10.656905	-18.216514	-9.096003	-11.315685	-14.462714	0.742008	-6.306114	-11.372116	9.381110	-8.451982
11	2	21	5.389235	5.053724	-3.949072	0.418658	-9.578440	-11.174783	-16.513285	5.272669	6.868624	9.901942	5.566897	5.672219	6.392747	6.546910	5.827404	5.598821	-17.169181	3.138227
12	3	24	7.386355	0.759903	7.354876	7.347563	5.355231	-5.397240	-10.162347	8.426426	6.108887	11.181078	7.176655	6.640547	7.372371	7.194419	8.586696	7.852081	-17.137389	7.472725
12	3	66	7.074063	0.760490	7.354522	3.569728	-2.388679	9.004987	10.117488	8.340552	-13.163250	-16.902460	-11.614191	-10.549799	-13.776372	-3.692043	-3.014566	-10.687003	10.320676	-2.973193
12	3	10	0.929403	6.713452	2.080207	-4.310896	-14.036717	9.004987	10.117488	2.040929	-13.456243	-16.902460	-11.614191	-10.549799	-13.776372	-3.692614	-3.014578	-10.687003	10.320676	-2.973193
13	2	31	0.532515	4.779046	-1.101828	-5.780291	-4.783880	4.279950	9.220242	-1.913041	-13.094571	-17.701561	-7.654049	-5.707011	-11.609561	-4.128010	-6.694850	-8.528572	8.549027	-7.810443
13	2	69	6.935532	-0.206631	-1.098692	-1.261422	2.264534	-11.313653	-11.743513	1.633467	6.638534	10.252137	8.378825	9.021036	6.715321	4.847863	5.613189	6.873756	-19.445839	3.492498
14	2	65	2.370699	6.322555	1.733579	-3.685029	-22.392122	6.977826	9.235238	-5.771073	-14.759367	-17.964970	-8.778328	-9.024459	-11.449912	-4.292281	-10.550288	-10.538672	11.919208	-5.801397
14	2	35	2.370726	6.322555	1.733579	-3.685029	-10.521447	-6.584008	-14.072915	-5.771073	2.865175	3.630487	6.705165	7.968932	4.325689	7.618818	1.889147	5.025150	-12.265217	6.605310
15	3	52	2.254599	5.958138	-1.268116	-2.889011	-8.731398	5.786562	9.629764	-4.688199	-14.742165	-14.119178	-8.660776	-12.070696	-13.587025	-3.251773	-2.130719	-11.875489	8.654242	-3.011156
15	3	34	6.960048	-0.408048	-1.084108	1.944438	3.652982	-11.635076	-16.095250	1.342749	4.424188	11.486460	7.931224	4.378008	7.157069	7.454403	4.307739	5.704666	-18.472290	8.427098
15	3	14	6.960048	-0.408048	4.202392	6.002947	3.775675	-11.635076	-16.095250	4.553148	4.424188	11.486460	7.931224	4.378008	7.157069	7.454403	4.307739	5.704666	-18.472290	8.427098
16	2	14	1.678374	6.328788	-0.097132	-8.182511	-10.446057	5.145295	9.066643	-4.624591	-12.053206	-8.767349	-7.490803	-3.038055	-14.217693	-4.745880	-0.488831	-12.510685	10.354526	-5.800039
16	2	86	7.035486	0.121290	5.460744	3.606489	8.386091	-9.440244	-20.302545	3.877944	7.025783	9.054863	8.380091	7.018533	3.943333	4.259150	7.063541	6.317215	-13.536499	6.821484
17	2	83	1.080610	4.226297	6.587352	4.518421	-3.984207	8.215888	11.428477	0.407542	-9.225038	-18.029869	-11.871045	-11.007400	-16.603185	-2.668272	-3.226652	-10.877287	9.262548	-6.844215
17	2	17	7.241800	0.130691	7.303968	7.731621	8.375018	-7.293736	-19.327576	6.665181	6.980169	7.808150	5.709101	5.285287	6.395488	6.650574	7.643857	6.713943	-15.366344	6.010791
18	3	34	-0.498133	3.573990	-1.119937	1.074962	-2.214435	-3.404376	-20.052643	-3.087341	1.429700	10.643927	9.393873	6.958011	5.081587	6.855865	4.787184	9.129310	-14.232732	7.024498
18	3	27	4.008664	3.553940	5.381828	6.906840	4.269149	-6.409960	-20.150108	5.280696	6.328717	10.644161	9.393874	6.958011	5.081850	6.866690	4.789340	9.160199	-14.458296	7.024498
18	3	39	-1.080718	3.573990	-1.120149	-3.615375	-12.383080	7.522386	8.197998	-3.087371	-15.912194	-16.398977	-6.749430	1.245332	-13.996824	-2.038575	-7.094427	-7.778065	8.883237	-0.138794
19	3	35	2.451078	7.793696	-2.386211	-1.351342	-13.666511	7.443934	12.294059	-1.639416	-11.485904	-8.802011	-6.307405	-7.991226	-15.725513	-1.642339	-3.891084	-3.647924	10.058113	-1.068550
19	3	33	5.966330	2.243746	-0.727822	1.948723	2.084476	-11.402611	-13.602244	0.582739	5.495481	11.486009	6.977187	8.653564	7.102400	6.350659	7.646227	6.535662	-15.554570	5.725616
19	3	32	2.585739	7.793616	-2.348560	-0.139802	-2.928768	-9.979293	-13.470924	-1.628584	3.467698	11.486009	6.977187	8.653547	7.102398	6.326662	7.644502	6.535644	-15.554535	5.725615
20	3	94	3.326475	5.120338	1.957660	-3.916906	-6.915238	0.700032	10.419510	-0.663081	-8.372972	-15.963527	-12.590028	-12.661349	-10.254586	-2.770521	3.108459	-8.206788	10.247571	-7.433310
20	3	3	5.632460	1.212722	1.957745	0.906297	-0.175251	-14.633195	-7.809138	-0.478297	7.247239	9.332115	5.449094	4.489140	4.091654	6.030229	6.859431	3.006787	-15.183705	4.807987
20	3	3	7.071799	-0.697428	6.641756	6.398472	4.628428	-14.633355	-7.809856	5.748361	7.315709	9.332115	5.449514	4.489143	4.091654	6.030246	6.859433	3.006938	-15.183721	4.808100
21	3	32	3.861032	6.328525	3.734664	4.659808	-2.243531	-7.796988	-16.668079	1.050455	5.883987	11.819295	9.090409	8.750574	7.169380	8.176657	7.664464	6.061952	-15.936983	6.929658
21	3	24	1.488129	6.328934	-1.449587	-3.907644	-13.560240	9.426122	9.283047	-4.995998	-13.859945	-14.574629	-6.577031	-5.684534	-11.584584	-2.972919	-2.270283	-8.994371	9.576562	0.099007
21	3	44	1.557775	6.328934	0.348661	-0.400576	-3.588710	-7.785666	-16.632614	-4.936368	4.137074	11.819295	9.090408	8.750574	7.169380	8.089863	7.664464	6.059885	-15.936982	6.929653
22	3	76	0.503764	6.607956	4.305162	-5.844914	-11.740530	4.170348	10.002391	-0.936262	-13.353039	-16.622309	-8.697957	-7.935663	-13.388895	-7.276702	-7.540804	-9.840881	5.736232	-3.429670
22	3	19	7.051577	2.677484	8.451462	5.555718	7.295775	-9.880417	-16.329118	5.866401	4.885930	10.388498	6.069507	7.427185	4.752018	4.282829	4.931839	5.877585	-18.463727	6.451057
22	3	5	7.051577	2.677484	4.305222	-0.150070	1.609277	-9.880417	-16.329118	4.782025	4.885930	10.388498	6.069507	7.427185	4.752018	4.282829	4.931839	5.877585	-18.463727	6.451057
23	2	69	1.814899	6.383750	2.793488	-4.929599	-6.500889	4.974055	9.525253	-1.610801	-16.083532	-18.846261	-6.502055	-10.845017	-15.874635	-6.352226	-3.584788	-9.060252	10.324130	-4.286097
23	2	31	8.365830	0.764408	6.674759	3.914961	5.129963	-11.339289	-18.184418	4.845949	4.829545	7.463884	5.721062	4.333237	6.827488	5.619061	6.629376	7.295206	-7.716723	5.175202
24	3	22	6.215857	5.439825	7.223255	6.042280	5.805257	-5.264508	-12.875090	4.389748	5.640479	11.940438	7.544598	7.192325	6.438567	6.563108	5.854349	7.314197	-17.677011	3.636388
24	3	70	0.054732	7.438474	3.334906	-6.103641	-15.719313	7.949627	10.955349	0.569333	-15.636185	-13.647411	-8.112491	-5.503465	-16.583602	-5.591306	-5.683912	-7.377701	10.183426	-8.409770
24	3	8	0.239429	7.438176	3.334906	-6.099712	-4.097685	-3.477539	-10.028516	0.569335	-0.079049	11.940239	7.544597	7.192324	6.382610	5.554982	5.854345	5.757489	-12.372078	3.567502
25	3	27	0.916738	6.099585	1.267145	-2.260348	-1.489772	-1.930914	-11.322901	-4.820979	-0.699295	10.672379	6.580957	5.129244	5.747217	7.048251	7.785311	4.204675	-13.081307	8.304327
25	3	61	0.763317	6.106016	1.267145	-6.450026	-12.630232	8.505515	8.331892	-4.821022	-14.412320	-18.519227	-1.908864	-11.625522	-17.559293	-4.184644	-4.867873	-3.872081	8.406349	-1.747555
25	3	12	7.008526	4.166601	1.267174	0.172412	3.719410	-7.742960	-16.146221	0.672620	6.378478	10.672379	6.583826	5.129306	5.748678	7.273813	8.064761	6.673194	-17.544254	8.430765
26	2	40	7.089291	0.756773	6.433654	-0.227474	-4.698145	6.688451	9.466131	6.889542	-7.406356	-13.949682	-10.013174	-10.184663	-15.765007	-4.652884	-1.495417	-13.725194	12.573665	5.048808
26	2	60	7.207733	0.753829	6.901214	5.127071	1.556633	-11.163456	-17.522815	6.937520	9.672560	8.226606	6.267594	6.644850	8.451082	5.465966	7.521233	3.691989	-11.075490	9.202245
27	3	20	6.940793	5.399429	2.868609	1.369803	0.132502	-11.848470	-12.681064	-2.117001	9.268421	10.025230	5.142225	7.973303	3.339141	4.591819	8.452570	6.955617	-11.869801	6.139495
27	3	75	1.454341	8.101540	2.868197	-3.449940	-11.507824	5.369686	12.517750	-4.945747	-10.077977	-13.232342	-10.824861	-8.009542	-15.558826	-3.291341	-3.920025	-6.979020	10.568320	-2.385240
27	3	5	7.915141	3.581220	2.869161	1.574009	4.304028	-11.848470	-12.681064	-1.889100	9.268494	10.025230	5.142225	7.973303	3.339141	4.591819	8.452570	6.955617	-11.869801	6.139495
28	2	56	3.590954	4.785972	0.901901	-3.368674	-14.969581	7.946690	11.259196	-1.384586	-11.855367	-9.945352	-10.354292	-10.874947	-12.750412	-5.369673	1.590856	-3.084819	8.687723	-1.104016
28	2	44	7.662339	1.834139	6.609573	7.857010	1.859331	-8.433842	-12.048863	4.772154	6.102785	10.245713	6.406531	6.023657	5.089006	6.610262	8.325551	8.695706	-18.872308	7.670726
29	2	37	-1.441175	6.477563	-0.569473	-3.135604	-15.795531	6.411369	5.242882	-5.421877	-11.365682	-14.647024	-7.114738	-5.848247	-17.313371	-2.951919	-3.954710	-1.882463	10.969869	1.221521
29	2	63	-1.182379	6.477563	-0.569473	-3.115778	-5.120155	-7.408459	-21.672019	-5.421872	4.390994	10.349047	6.254934	6.330164	3.918834	7.406622	7.001970	8.401485	-17.660305	8.619961
30	4	28	6.077192	4.727102	7.758068	5.898247	4.323006	-10.181089	-18.596840	6.337675	6.482525	11.757001	7.103015	7.749447	7.124835	7.212665	6.056863	6.688752	-14.247333	6.110880
30	4	33	3.257418	6.265746	1.510958	-4.939050	-11.613662	3.873057	10.170983	-5.229278	-11.948550	-17.127236	-7.287647	-7.614250	-17.404080	-3.770368	-4.624953	-4.488276	10.318399	-3.730686
30	4	17	3.273109	6.264420	1.511088	-4.045482	-2.158216	-10.180809	-18.596717	-5.228328	4.478007	11.757001	7.103015	7.749447	7.124835	7.170365	6.056863	6.688751	-13.520241	6.110880
30	4	22	6.070821	4.735047	2.232471	0.143826	1.183829	-10.181089	-18.596840	2.254418	6.478572	11.757001	7.103015	7.749447	7.124835	7.212625	6.056863	6.688752	-14.246443	6.110880
31	2	27	9.930724	3.001745	7.408568	6.196408	6.676728	-9.070421	-12.640640	7.277559	5.632454	9.440431	6.386215	5.719680	8.493444	7.734428	0.934556	5.164371	-12.528119	5.292384
31	2	73	6.511669	5.450071	2.336306	-3.641052	-10.556948	6.527522	12.055523	0.430690	-8.044244	-17.146436	-9.865160	-10.469152	-13.301401	-5.175265	-9.382786	-10.967535	10.963538	-6.374290
32	2	23	5.647045	3.511598	-3.619444	2.501907	2.446253	-8.069806	-14.832170	3.616500	6.386587	10.525253	7.808796	4.805024	5.855673	8.172672	7.450014	7.470022	-18.931313	7.475847
32	2	77	-0.423003	5.027078	-4.265269	-1.413282	-9.170612	7.113893	9.826059	-2.976172	-15.756809	-17.742780	-9.083244	-11.238272	-12.289805	-3.742286	-4.983743	-9.929122	9.690554	-4.594230
33	2	45	2.844371	5.742431	7.800025	5.997568	-6.653182	7.470327	9.136306	0.625424	-13.656532	-18.361563	-13.310975	-8.259073	-16.499263	-2.795835	-3.474813	-8.515857	10.493512	-4.166058
33	2	55	6.471479	1.634426	7.800331	7.688458	6.628337	-7.011092	-14.798164	5.760555	5.988294	8.967413	5.092484	9.264516	7.086535	8.931008	8.280488	6.348635	-13.141763	7.358023
34	2	87	0.788491	6.206756	7.358285	3.836973	-10.415512	7.011872	11.374794	-3.143531	-10.341737	-13.326654	-6.062703	-12.261680	-18.931575	-6.076331	-3.905649	-8.816814	11.529740	-1.762908
34	2	13	6.982343	4.329362	7.381246	7.028229	3.850392	-10.161682	-15.340117	3.270825	8.149435	8.328040	8.365358	6.263737	5.278428	5.702941	3.959672	6.143611	-14.041689	6.592493
35	4	33	5.572277	2.113625	6.602747	5.961495	7.188533	-10.801826	-17.356675	5.904394	1.907338	10.163270	7.568593	7.536669	6.399996	6.188082	5.358405	8.921206	-8.219807	7.849061
35	4	55	5.572277	2.113625	6.602647	5.960625	0.788682	5.465182	10.311999	5.904340	-16.345476	-18.555569	-7.967620	-7.904071	-15.351428	-2.812309	-6.399619	-4.137794	8.065447	-3.521395
35	4	10	5.572132	2.113701	0.469303	-0.081770	-2.640587	5.465182	10.311999	-0.019750	-16.345621	-18.555569	-7.967620	-7.904071	-15.351428	-2.812309	-6.399619	-4.137794	8.065447	-3.521395
35	4	2	-0.856375	7.172954	0.469200	-0.087321	-8.261427	5.465182	10.311999	-6.535570	-20.958076	-18.555569	-7.967620	-7.904071	-15.351428	-2.812309	-6.399619	-4.138123	8.065447	-3.521395
36	3	88	0.889401	8.927774	3.381869	-6.614380	-15.402120	7.201441	9.765340	-6.128991	-10.256943	-11.246649	-13.320177	-8.668056	-15.097436	-7.488333	-5.769195	-11.186721	9.337863	-4.306113
36	3	4	6.681305	2.390623	3.382473	-1.723804	0.790650	-5.953901	-7.817318	0.355284	6.341929	12.430438	5.779513	7.011956	4.172935	2.377661	4.830205	6.163478	-13.906311	6.627142
36	3	8	6.728284	2.386092	8.757816	4.136380	6.227336	-5.953901	-7.817318	5.720645	6.342968	12.430438	5.779513	7.011956	4.172935	2.377661	4.830205	6.163479	-13.906311	6.627142
37	3	56	0.411561	7.518318	2.136493	-5.049311	-12.591904	1.709237	10.715622	0.122895	-14.493565	-16.511118	-9.271637	-9.369123	-13.669343	-0.153526	-6.201790	-14.216645	9.449015	-6.591798
37	3	25	6.534280	6.200007	6.151544	4.846522	4.964349	-10.972305	-15.573530	6.130174	8.497290	7.726869	4.855072	6.838201	5.544648	6.838486	2.224013	-2.870114	-20.631037	0.747378
37	3	19	1.143031	7.518318	2.136493	-5.021347	-2.332501	-10.742887	-15.189875	0.150650	2.758160	7.725818	4.833641	6.838201	5.539383	6.750834	2.223762	-2.903382	-19.919625	0.729489
38	2	41	1.123221	7.747826	-0.156424	-2.749304	-15.803185	8.616564	8.587945	-1.726175	-15.531192	-14.956916	-5.381760	-7.930811	-11.435667	-4.339696	-5.240197	-11.740889	7.540599	-3.893543
38	2	59	5.943288	5.634636	6.285920	5.482076	1.822841	-3.682247	-15.819859	7.087620	4.691480	8.344607	7.266549	7.373044	7.508900	7.026418	6.501870	6.667122	-19.393312	7.734024
39	3	52	0.892682	5.988220	2.473892	-1.261752	-12.994773	4.729643	9.561200	-6.735208	-14.431621	-17.675813	-6.378101	-12.680445	-15.274200	-3.169953	-5.181491	-9.563308	10.322068	-3.222449
39	3	34	5.023057	4.920861	8.614277	6.234225	-0.161452	-12.819360	-16.792101	2.841794	3.431642	10.404612	9.156837	4.587521	6.836050	6.654844	7.238785	4.923554	-18.004094	9.272148
39	3	14	3.939946	5.828720	2.473893	-1.219527	-2.270124	-9.945568	-16.417635	-4.518649	1.469036	10.404612	9.156837	4.587521	6.836050	6.638084	7.238785	4.923554	-16.438091	9.272148
40	2	47	0.875911	7.195982	-4.839464	-3.067921	-2.496483	-9.077731	-12.962448	-3.005584	1.945196	11.412634	7.104029	6.843561	6.851911	5.756207	7.532197	5.059737	-11.534764	6.051096
40	2	53	0.873853	7.196037	-4.839464	-6.128433	-14.016210	4.383652	10.681699	-3.005584	-16.079810	-14.606190	-10.447164	-9.540576	-9.772651	-5.114593	-1.768416	-10.761700	12.752826	-4.789664
41	2	58	0.602828	7.285471	-3.271557	-0.469262	-3.599442	-9.711573	-20.556179	-2.127040	5.493772	9.423518	6.669104	6.084267	7.141239	6.270175	5.329081	4.277572	-12.096612	6.817388
41	2	42	0.591808	7.285471	-3.272378	-0.496681	-15.475945	5.768404	10.051253	-2.133674	-11.490987	-13.618878	-11.835255	-12.888180	-12.417703	-2.707301	-3.423347	-11.958728	9.901196	-4.280065
42	2	64	5.340720	3.795776	-0.114894	-0.179203	0.252325	-14.418706	-11.009251	-0.029011	8.397389	9.965344	7.363774	5.275610	9.554104	6.203031	7.041666	8.613865	-12.647922	7.437864
42	2	36	-1.090857	4.670409	-0.120017	-1.273865	-9.732836	4.530848	9.887830	-4.033035	-12.702990	-19.876556	-5.347743	-10.212050	-13.339751	-3.472287	-3.127626	-1.123742	9.495800	-4.179720
43	3	49	4.162234	7.388704	7.707664	3.788792	-3.574171	8.327133	10.504680	3.908665	-11.219302	-19.196349	-5.227568	-14.425178	-15.056224	-7.211644	-3.244917	-9.056125	8.801870	-6.625873
43	3	35	6.882918	4.260142	9.467780	6.340065	8.244057	-4.877610	-9.874368	7.076718	6.589302	10.645993	7.885964	3.512769	8.304097	4.281519	7.983156	8.906925	-9.429535	6.583532
43	3	16	3.632196	7.430609	3.629297	-5.714678	-9.878680	8.327133	10.504680	-3.205399	-11.545068	-19.196349	-5.227568	-14.425178	-15.056224	-7.211644	-3.244917	-9.056124	8.801928	-6.625873
44	3	86	3.489297	7.642291	1.353662	-4.407067	-10.762835	5.516504	10.367640	-4.936318	-9.766069	-16.268902	-14.324880	-11.062654	-14.632908	-0.993032	-1.739705	-9.646797	8.560176	-3.739428
44	3	2	3.507424	7.642280	1.353662	-3.816442	-1.783792	-8.577464	-10.141240	-4.923870	5.269777	8.911093	3.670069	6.185279	6.821036	7.311119	8.879546	5.163692	-17.028485	5.116089
44	3	12	8.918262	1.536008	7.254114	7.920458	7.311569	-8.577481	-10.141244	3.286240	6.152760	8.911093	3.670071	6.185279	6.821036	7.311120	8.879546	5.163713	-17.028635	5.116089
45	2	24	1.455443	8.797455	2.425247	0.592826	-12.342444	6.262782	6.455928	-5.049374	-13.914450	-9.526857	-6.544267	-8.401126	-7.301287	-3.694840	1.207129	-7.242645	9.386403	-0.385966
45	2	76	7.117494	4.715404	7.088344	5.356231	5.375219	-10.423904	-17.872739	6.063298	4.955818	10.665134	6.948362	7.240864	5.331873	7.111386	7.771868	8.008263	-20.313036	8.722477
46	3	1	-0.088335	6.899218	0.128063	-2.387728	-1.970808	-4.962103	-12.909472	-3.434211	1.030637	9.209019	8.278316	5.899770	4.258731	6.281729	5.563189	8.572332	-10.603225	6.549148
46	3	98	-1.552856	6.899218	-0.297202	-4.996803	-13.547739	9.455747	10.286309	-3.531780	-14.803645	-19.155053	-9.093532	-12.127445	-19.598548	-1.601595	-4.352055	-8.285727	10.502949	-5.253771
46	3	1	-0.059544	6.899218	3.785770	3.527740	-1.963186	-4.962114	-12.911081	-2.246888	1.031125	9.209019	8.278316	5.899770	4.258740	6.282162	5.563190	8.572351	-10.604561	6.549148
47	2	61	1.552156	6.534888	3.381578	1.130006	-12.121312	8.567176	9.266290	1.776503	-8.688933	-17.812987	-9.685810	-10.337978	-12.184601	-1.416758	-2.231589	-14.192458	7.483048	0.971881
47	2	39	7.663708	3.351794	6.613391	6.817800	4.785461	-5.475113	-17.828302	7.942564	7.604283	7.775222	8.009520	7.337319	7.895419	6.173351	6.809286	3.971240	-20.689076	8.464746
48	2	74	3.538138	6.821886	9.280872	7.090194	3.287138	-11.553626	-19.212514	3.304759	0.585254	9.905732	5.482516	7.070194	7.939238	5.300972	5.712797	6.055968	-6.959002	6.142613
48	2	26	-0.829453	6.908440	5.302111	-2.883441	-5.132388	5.106128	5.596892	-2.153742	-15.482840	-16.400603	-8.246131	-9.047883	-12.869909	-3.720794	-0.314181	-8.355059	12.435435	-4.338109
49	6	40	7.415974	1.094426	0.942121	-0.458917	0.205771	7.787168	12.955106	1.904110	-10.979465	-12.114163	-9.525368	-13.697164	-16.446917	-4.528543	0.027766	-5.594677	10.927097	-5.315049
49	6	42	8.048184	1.064877	6.145790	5.869174	2.017173	7.787168	12.955106	7.476652	-10.946232	-12.114163	-9.525368	-13.697164	-16.446917	-4.528543	0.027766	-5.594530	10.927027	-5.315048
49	6	10	1.742514	7.311473	0.942015	-6.023109	-4.466885	7.787168	12.955106	-1.308957	-16.520142	-12.114163	-9.525368	-13.697164	-16.446917	-4.528543	0.027766	-5.600857	10.930036	-5.315058
49	6	5	8.049688	1.064862	6.146808	5.892287	8.329403	-6.364332	-10.542442	7.477384	6.189630	4.468577	3.022359	1.137533	-1.836320	6.321184	8.688165	5.017827	-4.953806	6.728276
49	6	2	8.049688	1.064862	0.942887	0.300031	6.518234	-6.364332	-10.542441	1.969710	6.189630	4.468577	3.022359	1.137533	-1.836320	6.321184	8.688165	5.017827	-4.953806	6.728276
49	6	1	8.049688	1.064862	6.146808	5.892287	8.329528	-7.915219	-11.106933	7.477384	6.650004	9.471069	6.947858	1.141045	4.685373	6.321184	8.688336	6.805343	-11.563330	6.779765
50	2	64	-0.427572	6.801006	2.473490	-0.411390	-12.308742	6.742526	11.295225	-0.486788	-14.164937	-18.023025	-4.614776	-8.516835	-15.394755	-6.168057	-5.498468	-9.527255	10.576642	-1.406573
50	2	36	5.749341	0.294950	6.214219	6.519374	5.152115	-10.559556	-17.191444	4.485016	3.936957	10.797657	8.203067	3.974088	3.665757	5.532249	5.233634	5.902120	-13.580908	7.374810
51	4	49	-0.491786	8.209064	0.262614	-4.450910	-3.092564	-3.431439	-9.169967	-3.056982	-0.007378	10.649057	8.524469	7.222725	7.214151	3.876151	7.397595	3.262205	-11.039294	4.448723
51	4	35	-1.785977	8.212873	0.262614	-5.270976	-13.114480	7.216962	9.576604	-3.056982	-11.771939	-11.359009	1.037675	-5.239568	-13.986351	-2.400427	-3.953797	-12.817963	5.396553	-7.601788
51	4	8	4.769154	1.878667	0.262911	0.837714	2.452144	-3.808583	-12.106459	-2.586373	2.938480	10.657030	8.526462	7.222747	7.853291	5.869784	7.398489	4.726229	-15.763043	4.531889
51	4	8	4.810836	1.876557	6.821379	6.318031	6.132689	-3.809456	-12.108140	2.435495	3.018027	10.657031	8.526462	7.222747	7.853395	5.870337	7.398491	4.726376	-15.763180	4.531890
52	2	63	0.903875	6.005982	-4.098406	-4.378145	-4.524416	4.250071	5.020114	-9.075304	-16.375969	-14.094090	-8.777786	-10.581665	-5.767380	3.021519	-1.352906	0.650979	9.629302	0.147806
52	2	37	6.113797	3.476518	-2.845804	1.669654	3.737844	-8.778658	-15.617998	-2.634180	6.165053	9.913491	3.976063	4.605358	5.431671	7.837313	9.665649	8.175757	-13.996959	4.181873
53	2	58	8.211216	2.416000	5.750628	6.330818	5.860536	-7.365575	-18.567627	8.529595	8.335266	10.208385	4.961389	5.203638	7.180740	6.073602	8.382830	6.759791	-15.110613	6.654560
53	2	42	7.575997	3.293985	-0.140592	-4.487633	-5.358472	6.561720	7.208340	3.804440	-8.365836	-10.720145	-11.581507	-11.077837	-14.997576	-1.555501	-2.113947	-5.784565	10.083473	-5.764788
54	4	11	7.095298	5.457303	1.758896	0.391964	1.493274	-11.864324	-16.126816	0.572826	6.593684	9.903873	6.537214	6.013005	7.261702	7.890857	6.307176	6.509220	-10.813561	7.443053
54	4	51	0.644595	9.250456	-0.364710	-5.113071	-13.031563	6.469230	9.379994	-4.327514	-11.706277	-19.535722	-6.966783	-3.225660	-9.454857	-1.697266	-2.383309	-8.943617	11.446698	-5.291709
54	4	23	2.228149	9.157901	-0.364705	-5.076998	-2.679536	-7.844324	-15.768778	-4.205923	1.786319	9.903873	6.537212	6.013002	7.236482	7.520246	6.307174	6.485273	-10.504325	7.443047
54	4	15	7.105594	5.453469	6.162701	5.013889	4.390829	-11.864379	-16.126816	5.968177	6.594746	9.903873	6.537214	6.013005	7.261703	7.890869	6.307176	6.509220	-10.813565	7.443053
55	6	17	1.446527	7.329347	1.420172	-1.463850	-16.156498	9.279129	10.742940	-5.509916	-17.501135	-5.956016	-4.913070	-8.135732	1.271008	-4.145043	3.708691	0.845874	7.118905	-4.044993
55	6	55	1.446529	7.329347	6.791066	5.076387	-12.949946	9.279129	10.742940	-3.052380	-17.501134	-5.956016	-4.913070	-8.135732	1.271008	-4.145043	3.708691	0.845874	7.118905	-4.044993
55	6	5	1.446529	7.329347	6.791066	5.076387	-12.949946	9.284336	10.742941	-3.052379	-17.508362	-9.623530	-6.218767	-9.027388	-4.615766	-4.145950	3.708687	-2.138172	9.452531	-5.512206
55	6	20	6.450187	6.513372	6.825387	9.302658	1.108950	-7.674485	-14.931279	3.240721	4.548220	11.354152	8.109020	9.061439	8.272182	5.449005	8.391316	5.239984	-14.226489	6.255055
55	6	2	2.071671	7.286301	1.420203	-1.217625	-3.646814	0.388695	-5.176746	-5.379285	-4.471830	11.351364	5.262788	9.061373	7.802470	1.151076	8.231955	2.539163	-7.419373	5.579921
55	6	1	1.446527	7.329347	1.420172	-1.463849	-16.156498	9.284336	10.742941	-5.509916	-17.508363	-9.623530	-6.218767	-9.027388	-4.615765	-4.145950	3.708687	-2.138172	9.452531	-5.512206
56	2	62	0.538354	6.103960	2.056128	1.729978	-13.320280	5.864403	9.259350	-1.334909	-12.154048	-14.879733	-9.127001	-8.234016	-21.555134	-4.005006	-5.276384	-7.166137	9.838622	-8.563946
56	2	38	3.635183	5.640616	5.932133	6.627201	2.049653	-5.263738	-16.068592	5.507194	5.370756	6.752262	4.673740	6.603530	-3.176690	7.038682	6.225772	2.911042	-11.315016	2.907163
57	5	78	0.357350	9.078741	-1.545428	-2.730896	-12.860712	7.968467	11.852911	-4.491002	-17.624064	-11.771632	-7.797747	-10.530283	-20.627837	-2.164901	-1.792068	-4.372596	10.754173	-3.169282
57	5	13	6.764870	5.043724	4.798366	7.411936	5.835617	-6.631360	-15.281910	5.287241	6.953107	6.883211	3.584582	7.743456	-1.523575	6.765195	8.171034	5.331748	-14.796521	7.891299
57	5	6	0.412046	9.078734	-1.545410	-2.498655	-2.151872	-6.209864	-15.143336	-4.488199	0.803547	6.883031	3.584313	7.743410	-1.523690	6.611293	8.171033	5.327694	-8.781832	7.891296
57	5	2	0.412046	9.078734	-1.545410	-2.498655	-2.151872	-6.233485	-15.185810	-4.488199	0.821390	10.081977	6.249331	7.967574	4.342444	6.618473	8.171034	5.377985	-12.673509	7.891339
57	5	1	6.764870	5.043724	4.798366	7.411936	5.835617	-6.633521	-15.318250	5.287241	6.970940	10.081977	6.249561	7.967582	4.342548	6.765224	8.171035	5.381732	-18.658049	7.891342
58	2	74	2.577805	6.746752	-0.472749	-3.932379	-6.776777	-11.421738	-16.582370	-3.603774	7.545075	13.056321	6.077776	7.258355	6.625543	8.136244	9.207203	2.594590	-18.579239	5.943051
58	2	26	2.577805	6.746754	-0.472749	-3.932379	-17.395426	6.081813	10.491949	-3.603774	-11.418963	-9.908163	-7.876690	-5.954019	-16.798404	-4.518518	-0.373935	-13.886546	8.237692	-3.745389
59	3	36	-0.377452	2.898710	1.694225	-3.600542	-11.108558	6.759129	10.782784	2.659228	-15.297656	-20.807307	-10.918631	-11.061801	-12.701095	-1.414505	-2.307245	-8.379385	9.361578	-2.641756
59	3	58	-0.362580	2.898710	6.986403	4.588378	-5.239036	6.759129	10.782784	3.166615	-15.294544	-20.807307	-10.918632	-11.061801	-12.701095	-1.414505	-2.307245	-8.379398	9.361578	-2.641756
59	3	6	5.206689	2.768145	7.254702	6.728814	5.797497	-2.469278	-12.882842	6.197846	6.818629	8.199960	4.149405	6.397620	6.062932	6.986817	6.465036	7.243347	-19.920017	9.077155
60	2	60	4.893156	5.478721	2.463325	0.703045	-7.956045	4.740118	8.155939	2.515019	-6.694729	-15.718080	-6.031219	-13.139107	-16.622610	-9.860455	-7.673794	-8.081381	9.772552	-4.038941
60	2	40	8.034078	1.706911	6.482774	7.407180	6.879977	-11.029411	-12.667580	8.166139	7.325604	9.776510	4.336957	5.168751	6.644138	1.880407	4.368709	9.182349	-11.515702	6.096406
61	2	77	0.093563	5.729152	0.012019	-10.377796	-11.806756	2.701291	7.034156	-2.195224	-11.304218	-17.713372	-10.240513	-9.858677	-17.031510	-1.507297	-2.329213	-10.440550	9.111373	-4.635061
61	2	23	5.700471	3.624863	0.012019	-4.739823	-0.332837	-12.219398	-13.238138	3.622441	5.535436	10.148740	3.251850	5.878414	3.984172	6.218132	5.797999	6.272304	-15.448563	8.179363
62	3	46	8.166798	6.244149	2.747191	-0.034884	1.377183	-6.442539	-20.260837	-0.073589	6.905272	10.354643	7.948067	7.586069	5.471198	6.616932	6.034003	9.294790	-15.579237	5.517780
62	3	40	3.776325	7.605903	0.400401	-5.048436	-10.588728	6.421717	8.921200	-6.316611	-13.653660	-19.625533	-8.571953	-6.465823	-15.930593	-4.323025	-4.408221	-3.642166	7.787700	-3.115529
62	3	14	8.166846	6.244149	5.959025	6.042470	1.377383	-6.442539	-20.260837	4.363873	6.905274	10.354643	7.948067	7.586069	5.471198	6.616932	6.034003	9.294790	-15.579237	5.517780
63	3	16	1.060487	5.788881	0.907525	-7.754351	-5.402552	-6.109124	-20.560627	-2.308585	3.253855	9.790192	6.910343	7.990917	6.790292	7.116220	8.510667	6.117179	-17.212755	7.212381
63	3	36	1.049502	5.788881	0.906737	-7.791872	-17.447978	6.337624	9.928119	-2.309576	-6.894968	-16.329492	-6.945007	-6.698763	-13.974320	-3.301631	-3.729463	-9.495930	9.129454	-4.728383
63	3	48	6.857187	-0.382768	7.427302	2.188855	7.037752	-6.694791	-20.560648	6.989673	8.918654	9.790192	6.910353	7.990917	6.791739	7.133859	8.511975	6.204762	-17.213592	7.212388
64	2	93	1.409792	6.184267	-2.588439	-4.936064	-14.724799	4.357767	9.609729	-3.013391	-13.826763	-20.161936	-14.776370	-8.546471	-15.871879	-6.244919	-6.076764	-11.618736	5.655618	-3.597969
64	2	7	2.523524	6.124752	-1.289468	-1.463112	-2.862286	-14.293589	-8.684049	-2.670598	1.950480	10.496285	3.964717	6.060002	6.306536	6.523394	4.317542	6.700268	-12.592346	8.682048
65	2	35	3.298123	7.882026	3.488082	0.661954	-3.271746	6.461875	10.478429	2.597943	-13.931141	-14.910025	-10.689899	-7.549143	-12.075894	-5.669306	-4.372636	-9.698015	7.867482	-5.505183
65	2	65	6.807866	1.623675	7.171008	5.388089	7.291928	-8.300472	-15.630287	6.669347	6.315345	12.296639	6.539374	7.195722	8.022612	6.094446	7.139028	6.301925	-20.006378	7.328439
66	2	60	2.027797	6.683454	0.281344	-1.494387	-1.051673	-3.804612	-10.822403	-3.258311	-0.086330	7.738907	4.888657	7.722487	7.137544	4.830568	6.420409	2.007354	-16.799676	4.590662
66	2	40	1.303595	6.685515	0.281344	-7.172481	-12.565013	6.824233	8.524279	-3.311645	-17.647276	-9.424264	-9.888043	0.440308	-11.475378	-5.611469	-2.613420	-10.826256	9.204174	-4.126002
67	2	63	0.239405	6.796478	-1.288648	-4.863359	-13.080881	5.686586	10.111827	-6.848043	-11.407532	-19.143616	-11.199771	-11.152966	-10.934501	-2.515483	-4.919099	-11.736284	9.316356	-6.678176
67	2	37	0.239432	6.796477	-1.288648	-4.863333	-5.715710	-7.816562	-9.147154	-6.848039	1.678074	10.340221	7.247834	7.665417	6.806788	3.872289	6.311795	5.934343	-18.130227	6.420678
68	3	57	0.897485	7.139767	0.726527	-5.541009	-14.840709	3.110731	10.704758	-3.622535	-16.149019	-17.552387	-11.034451	-5.444668	-11.171203	-2.346528	0.618314	-5.233527	9.037985	-5.385220
68	3	33	6.386916	3.555586	6.134668	6.513403	8.605265	-13.108378	-18.595570	4.533155	6.505427	9.962938	6.001800	7.833744	6.585839	5.933347	6.411615	6.715091	-11.961137	4.765037
68	3	10	0.917605	7.139767	0.726709	-5.188455	-2.745067	-12.827333	-15.781112	-3.622402	1.269082	9.962877	6.001800	7.833744	6.578479	5.410282	6.411615	6.715086	-9.130957	4.765037
69	2	62	0.862879	6.665749	0.186708	-5.894240	-7.285082	-6.692731	-13.801767	-4.844185	3.188350	11.671250	7.181154	6.809856	7.343197	6.302142	6.704520	4.878645	-22.605279	7.191681
69	2	38	0.862879	6.665749	0.186433	-5.896548	-16.912081	6.752786	5.251311	-4.844185	-13.200574	-15.294311	-9.626459	-9.274859	-14.233600	-3.880268	-1.300225	-3.511559	7.006615	-4.765202
70	2	98	4.104704	1.297767	1.923814	1.308678	-11.077050	4.074674	10.039805	7.088572	-15.050330	-23.446632	-11.530090	-12.472609	-13.083141	-4.541295	-3.714638	-10.153575	9.691160	-5.207205
70	2	2	9.042778	1.297765	6.675087	7.782497	3.268416	-7.056278	-16.585400	7.684975	1.361812	6.119742	4.048532	6.386125	7.965100	6.506254	7.737346	3.504921	-11.990638	6.401156
71	2	33	0.233772	6.983488	2.084272	-3.985881	-13.197285	7.085959	7.218838	-11.797207	-14.682062	-17.892039	-5.273445	-10.816639	-10.882086	-1.077442	-4.481447	-5.261810	8.645505	-5.168438
71	2	67	5.871001	5.507376	2.085440	1.330192	-1.645332	-9.785066	-16.514081	-6.319700	5.329793	9.085165	7.082066	5.887693	8.554692	8.560161	5.516828	7.137152	-12.652023	5.617534
72	3	75	0.012522	7.148637	3.073799	-7.974653	-7.412127	5.345511	10.101012	-3.625578	-16.693812	-14.614934	-7.584828	-9.568947	-18.119309	-0.456085	-5.460937	-8.711620	10.246511	-3.926690
72	3	11	6.548411	2.647321	3.074593	-1.485010	4.782747	-8.515945	-10.682336	0.655583	1.981251	7.875103	7.132722	7.343362	5.986046	6.031184	5.335784	3.585468	-12.910318	7.532768
72	3	14	6.548414	2.647310	8.855747	5.076537	6.093123	-8.515950	-10.682338	5.861956	1.981253	7.875103	7.132722	7.343362	5.986046	6.031184	5.335784	3.585468	-12.910318	7.532768
73	2	86	-0.094118	6.237406	-2.158609	-3.851894	-12.470372	7.892575	6.958596	-6.080154	-14.266768	-21.297318	-10.447396	-10.443160	-18.853499	-4.192130	-4.526086	-10.272813	10.231495	-0.997704
73	2	14	0.079990	6.234233	-2.158609	-3.851680	-4.605758	-3.063128	-14.712289	-5.998533	0.784526	8.172377	6.623744	4.127033	6.344537	3.919889	5.237158	4.999343	-13.071723	8.477585
74	3	94	-1.535313	7.384618	1.121403	-1.777640	-16.294927	8.954992	9.176756	0.936949	-17.340121	-17.129503	-8.616839	-7.108564	-14.117654	-7.319686	-4.410018	-6.563004	8.400980	-2.724296
74	3	5	4.851524	6.755902	6.478638	5.883948	1.228497	-5.121805	-10.652814	3.826039	3.176113	11.630235	6.535917	7.300800	7.476821	4.898679	7.204727	6.969892	-20.614916	7.233333
74	3	1	4.375798	6.907880	1.121443	-1.590575	-3.251721	-4.171433	-10.611955	2.656160	2.462700	11.630235	6.535914	7.300787	7.474369	4.898627	7.175215	6.935769	-20.539822	7.233286
75	2	54	4.950172	7.492653	0.783973	-2.474830	-9.794789	5.811277	4.910355	0.136108	-11.293192	-11.683041	-6.472154	-9.706927	-12.766333	-4.076130	-4.328978	-10.983640	9.385022	-2.189507
75	2	46	7.184625	5.801366	5.332950	5.136883	7.851505	-10.979173	-20.414258	6.165370	7.424823	9.988738	5.829479	5.780240	6.658066	5.434641	4.590264	5.740638	-14.342252	7.049599
76	2	75	6.329041	-0.445251	6.172566	-0.044329	-4.568852	8.134677	10.002941	4.260497	-11.626071	-17.608437	-11.184146	-6.704104	-12.260038	-3.511866	-9.245932	-6.524892	9.869999	-3.891327
76	2	25	9.612590	-2.723430	6.285212	5.835020	5.905508	-3.611213	-13.702087	4.540302	6.384390	8.340899	6.136185	8.547416	6.685199	6.979180	3.159710	5.121912	-12.693979	7.457056
77	2	59	5.977554	5.027869	7.798312	8.472322	2.698062	-10.153085	-16.915969	6.935913	6.881560	9.478105	8.837863	8.687580	7.587493	6.855310	6.166391	9.728989	-21.244106	8.684902
77	2	41	-0.631236	6.564042	5.875793	2.145885	-10.371317	6.594988	8.876402	0.719958	-14.491074	-20.151783	-8.737745	-3.633565	-15.182136	-1.223096	-2.017658	-7.475072	8.425876	-2.122911
78	3	66	-1.143089	7.524059	2.204306	-5.663080	-12.301092	5.994771	7.741251	-2.859873	-14.903406	-16.973101	-10.075138	-8.617457	-15.935884	-1.136585	-3.036578	-9.612702	10.234647	-10.317289
78	3	20	-1.061337	7.524046	2.204328	-4.426965	-3.254473	0.983261	-7.374826	-2.801684	-3.949935	3.946331	-5.215907	3.763885	-1.813544	4.594738	7.353158	-4.319808	2.644804	-3.115268
78	3	14	-0.193028	7.523765	2.204484	-3.044169	-2.584996	-5.877855	-10.186493	-2.157539	1.169254	9.470985	6.530766	7.362948	5.005716	7.894766	8.697051	7.025921	-16.325242	1.912540
79	2	68	0.154819	8.527221	-0.523532	-6.646329	-12.586343	7.153121	7.859447	-4.037506	-17.183127	-22.361114	-7.959867	-6.314869	-12.131088	-6.418242	-6.258322	-13.398156	11.463944	-5.609815
79	2	32	6.313115	7.364314	-0.437479	-5.504982	-2.237704	-9.478429	-18.476009	2.524796	5.275675	8.825834	8.588640	7.603035	7.700985	6.501981	4.243948	2.540220	-11.210226	5.025611
80	2	48	-2.785823	6.105119	1.344222	-0.240430	-8.699952	5.538043	8.494725	-1.693893	-14.628790	-12.922219	-5.524460	-10.306403	-12.212872	-1.315077	-0.141620	-7.411047	6.072658	-5.852480
80	2	52	2.110134	4.367104	6.898027	5.958308	5.471010	-10.222317	-18.642705	-1.155576	1.924944	9.049530	7.701249	8.131037	6.366506	6.967895	6.754895	6.728421	-22.757167	2.862726
81	2	71	4.518517	5.459105	-3.255709	-3.931920	-12.509135	6.606665	10.415817	-4.995198	-8.751020	-15.962336	-12.925990	-8.264286	-12.630334	-3.515402	-0.354896	0.187199	6.779068	0.615512
81	2	29	7.085923	3.249951	-3.253273	-2.382404	-2.205780	-6.748121	-14.510817	-0.845315	6.410764	8.705729	5.662261	6.508469	5.964660	6.831628	5.914788	7.241229	-24.766786	6.865714
82	2	50	4.438274	5.545267	5.833416	5.930360	4.166586	-8.404257	-18.073366	5.141980	3.187929	10.968279	7.511165	2.530218	8.528515	6.362359	7.888756	6.066820	-14.344959	9.526852
82	2	50	3.706820	5.904254	4.306555	-1.682805	-7.836192	6.248738	7.415996	2.661818	-13.250885	-16.093274	-9.734388	-11.599853	-14.365338	-5.266730	-3.816794	-10.573142	9.606143	2.390444
83	4	15	5.584452	3.892268	6.574242	4.340649	6.862440	-7.177665	-14.926692	7.817201	7.989274	11.498322	7.485621	4.961134	5.979721	6.157517	6.956738	6.241211	-16.410384	5.538441
83	4	32	1.764805	7.103457	0.978617	-1.722796	-3.357356	-7.177665	-14.926692	-1.751172	6.504402	11.498322	7.485621	4.961134	5.979721	6.157517	6.956738	6.241211	-16.396982	5.538441
83	4	23	5.582901	3.898134	0.978617	-1.722322	1.500008	-7.177665	-14.926692	4.340527	7.989271	11.498322	7.485621	4.961134	5.979721	6.157517	6.956738	6.241211	-16.410384	5.538441
83	4	30	1.764006	7.103457	0.978544	-8.111264	-13.838992	6.597098	10.870332	-1.751622	-9.164251	-11.850802	-9.068598	-12.649968	-10.188222	-1.425976	-3.028945	-7.194162	11.408997	-7.324276
84	3	28	6.006048	1.351525	0.843611	0.590841	3.636678	-5.172945	-23.297740	1.788055	8.728737	7.505832	6.919050	7.522074	7.277995	6.762836	7.579654	6.804782	-19.843727	7.959482
84	3	44	-0.454922	7.820826	0.843555	-6.011971	-11.051201	7.962249	6.376556	-4.518451	-10.933028	-17.772127	-11.097043	-8.182151	-16.068139	-1.906546	-1.993883	-11.107370	7.417084	-3.673588
84	3	28	6.006048	1.351525	6.641258	5.916701	4.973083	-5.172945	-23.297740	6.503397	8.728737	7.505832	6.919050	7.522074	7.277995	6.762836	7.579654	6.804782	-19.843727	7.959482
85	2	64	4.714067	1.776045	6.480344	6.976606	6.482945	-8.326377	-15.959824	6.877705	4.131176	10.766754	7.878717	5.695906	6.682211	8.019254	8.931710	6.622702	-14.468711	6.182637
85	2	36	3.285714	1.794868	6.480268	4.312025	-5.122665	6.596612	10.091932	6.020701	-11.527608	-12.109971	-6.140920	-6.317875	-15.830969	-0.896904	-1.867447	-11.325916	10.181974	-1.546214
86	2	80	3.464346	6.855426	-0.302922	-8.114570	-3.377821	-11.009794	-20.560891	-3.347822	4.632800	10.297929	6.587148	6.529733	6.124715	6.668599	6.246065	5.981705	-8.937698	7.120306
86	2	20	3.300251	6.901570	-0.302922	-8.182457	-15.430217	5.613507	9.347721	-3.573307	-13.697118	-7.485106	-12.425799	-11.584700	-13.468874	-5.415414	-5.021629	-9.836358	11.527566	-5.009236
87	2	59	-0.441398	7.585149	6.986521	4.524387	-7.920036	6.602251	9.418480	0.009409	-13.266789	-18.963463	-10.025614	-10.866967	-16.416733	-5.815340	-4.826485	-9.793800	12.175517	-4.952763
87	2	41	6.194704	2.653023	6.988000	6.114476	5.282019	-8.919014	-15.059609	3.323770	8.487591	8.658706	8.514649	6.920913	6.417396	7.180409	5.210907	6.201789	-13.185953	5.585488
88	4	16	4.132183	3.045473	-1.502020	-1.337503	-4.718884	6.660200	7.021093	-2.195330	-6.391308	-20.507204	-10.258696	-7.919586	-17.064639	-2.955569	-2.155375	-6.735302	10.766734	-4.405611
88	4	21	7.088796	-0.061250	-1.059733	0.828687	1.297714	-8.897922	-15.964312	-0.839818	7.036715	10.347874	7.136852	7.142578	5.735395	6.411107	6.625201	7.745267	-14.033833	6.993774
88	4	41	7.159327	-0.087799	4.666840	7.328045	1.591703	-8.897922	-15.964312	1.607975	7.036715	10.347874	7.136852	7.142578	5.735395	6.411107	6.625201	7.745267	-14.033833	6.993774
88	4	22	4.149121	3.025405	4.136315	5.137137	-4.672799	6.660200	7.021093	-0.850463	-6.391305	-20.507204	-10.258696	-7.919586	-17.064639	-2.955569	-2.155375	-6.735302	10.766734	-4.405611
89	4	40	6.831907	3.248565	8.321605	8.166455	-1.403368	8.147714	8.459063	5.872794	-8.399924	-18.578082	-4.228238	-8.331827	-16.674369	2.588649	-5.232364	-12.718217	9.234672	-5.516862
89	4	48	6.921446	3.185891	8.321606	8.605584	8.081785	-5.919354	-14.380020	5.872866	6.704657	6.309340	7.548392	8.821110	-1.658455	7.941615	7.323776	2.570617	-3.748937	6.695677
89	4	2	3.612060	5.308928	1.751393	1.104024	-6.435847	8.149742	8.459066	-5.648678	-9.818273	-18.578083	-4.228117	-8.331814	-16.674379	2.588645	-5.232364	-12.718217	9.234673	-5.516862
89	4	10	6.921446	3.185891	8.321606	8.605584	8.081785	-5.937992	-14.384190	5.872866	6.742791	9.034305	8.956052	8.826192	4.086774	7.941640	7.323776	5.095853	-6.702437	6.696067
90	2	58	3.325022	5.938995	5.162434	5.045272	4.019043	-5.401028	-6.932750	2.461184	1.994545	9.072581	7.074269	4.188065	5.928875	4.021646	7.634325	4.679577	-8.797970	8.282469
90	2	42	-3.211574	5.948234	-0.018282	-5.690066	-13.171687	7.116924	10.241160	-6.782751	-17.523994	-9.757944	-2.490444	-12.177151	-12.554336	-8.648294	0.207730	-13.657269	12.006040	0.631361
91	5	9	6.293677	2.880355	0.447656	1.396497	1.232219	-9.398843	-15.254611	3.074849	7.509287	6.548537	4.393949	5.294579	-1.271029	6.107648	7.829577	4.219035	-12.320301	3.168987
91	5	70	0.749877	7.144286	0.252207	-5.244478	-10.967727	6.632609	9.355768	-3.019977	-5.915236	-19.632677	-8.574106	-11.322067	-19.039051	-6.735248	-3.814279	-11.366831	8.794183	-7.357937
91	5	9	6.421988	2.726335	6.581173	6.436484	6.816136	-9.398843	-15.254611	6.343477	7.538602	6.548537	4.393949	5.294579	-1.271029	6.107648	7.829577	4.219035	-12.320629	3.168987
91	5	7	6.421988	2.726335	6.581173	6.436484	6.816136	-9.414293	-15.481232	6.343477	7.670735	9.281294	6.359269	5.316121	4.946899	6.107648	7.829577	6.128028	-16.768188	3.281329
91	5	5	6.293677	2.880355	0.447656	1.396497	1.232219	-9.414293	-15.481232	3.074849	7.641421	9.281294	6.359269	5.316121	4.946899	6.107648	7.829577	6.128028	-16.767915	3.281329
92	2	62	-1.584060	6.311468	0.850464	-7.607096	-13.612289	7.541830	9.839976	-5.911726	-17.325248	-14.479863	-7.879728	-12.964613	-15.121654	-8.093776	-1.787595	-9.562899	7.186523	-4.360073
92	2	38	3.127532	6.311268	0.850467	-2.165574	-1.971200	-2.537509	-10.044124	0.328124	1.168377	10.088925	7.326824	5.834266	6.745014	1.648966	8.511502	3.028578	-17.995159	4.867659
93	2	69	6.598140	4.688482	0.484777	-2.186264	-0.921054	-9.666956	-19.037565	0.272333	9.349709	10.781175	5.152248	5.001804	7.416418	6.893238	7.012625	5.486332	-16.572416	8.068857
93	2	31	0.761905	6.104834	0.478489	-6.710117	-9.349991	6.958488	8.728022	-5.319830	-12.016251	-18.408100	-13.087785	-13.420689	-8.696716	-4.892288	-3.531488	-12.306216	9.914485	-1.031878
94	2	66	6.242121	1.670123	7.004491	8.467622	7.517522	-9.660762	-14.480784	6.454734	7.835913	8.751301	7.135541	8.793083	6.146138	6.283686	6.654262	4.958810	-12.799988	5.816985
94	2	34	6.242119	1.670125	7.004491	8.467622	3.978389	8.468682	5.567315	6.454733	-7.567103	-18.417955	-4.468174	-10.016638	-13.601786	-4.480622	-4.029683	-12.396033	9.547059	-3.472654
95	2	90	1.814395	-1.795251	-1.893919	-5.322873	-7.281952	7.189628	10.091280	-3.677146	-10.808784	-20.361873	-13.327249	-6.240666	-15.822993	-5.393975	-2.990147	-2.611734	7.669421	-4.332707
95	2	10	6.019631	-2.278695	-1.873276	1.013566	2.505478	-8.062617	-16.624083	1.173210	7.306736	6.974139	4.002858	5.854829	7.291008	6.434069	4.858432	7.929734	-7.113856	7.354568
96	2	33	6.415288	4.303202	1.026360	-1.940762	-11.334461	6.578715	10.089178	0.951057	-8.993472	-16.798921	-8.061996	-9.040613	-14.787028	-2.395360	-7.214099	-7.145043	10.231582	-5.623342
96	2	67	7.075516	4.303152	7.577829	5.351473	6.461300	-7.384713	-19.252847	6.281048	5.695699	10.523790	8.206703	6.237796	6.612486	7.110092	5.550590	5.024713	-14.476143	5.538768
97	2	97	1.264858	2.407310	5.908035	2.061504	-5.304544	7.244580	10.504600	0.599819	-15.114069	-17.639374	-9.648921	-12.177737	-22.231494	-3.764899	-5.569659	-12.512813	11.389076	-0.265577
97	2	3	6.695414	-1.784535	6.320465	6.399799	7.162894	-5.933541	-17.870316	6.111831	7.439613	9.931210	6.643313	5.757034	2.832732	7.194488	5.603928	6.111217	-12.288983	6.667133
98	2	75	-0.494394	7.053665	1.144565	3.368310	-15.039672	6.486010	7.803046	-1.030127	-18.641217	-20.300326	-6.760307	-12.899578	-15.313127	-3.769983	-4.783613	-7.581886	8.687483	2.384905
98	2	25	-0.354017	7.051442	1.671420	5.375341	-3.809618	-2.609503	-13.769549	-0.664212	-0.897769	10.029938	8.228695	5.675440	7.194765	6.569476	6.269832	7.401862	-16.999768	6.593092
99	2	74	3.053073	3.781183	-0.706271	-1.425870	-11.927368	7.143528	9.644555	0.656617	-6.917663	-17.696666	-12.140575	-11.427604	-17.543622	-2.246201	-6.743575	-11.054003	10.974518	-2.723545
99	2	26	9.114697	-1.606410	4.134730	5.631709	1.634721	-7.776067	-13.487597	7.281401	6.091993	10.768294	5.562915	7.287590	6.389938	5.731456	4.458606	4.821781	-14.663662	7.865348
100	3	42	3.100694	5.666066	0.655337	-2.887541	-8.233819	5.520599	11.338861	-5.267765	-12.271205	-17.033978	-7.846099	-9.285753	-16.349658	-2.967467	-2.358296	-7.601757	10.894898	-5.410422
100	3	36	7.152060	4.148586	7.191505	8.076005	5.436390	-11.433716	-16.150596	7.244204	6.937329	10.094299	7.535530	8.207387	7.470814	5.017228	8.954292	7.465793	-13.963610	5.979037
100	3	22	7.139737	4.156914	1.398533	2.538928	4.696917	-11.433229	-16.120234	0.885910	6.935644	10.094299	7.535530	8.207387	7.470814	5.017213	8.954292	7.465766	-13.963578	5.979037
