4	3	-2.494121	6.565220	-0.382046	-2.861416	-14.979606	8.493370	10.033178	-5.375389	-17.153215	-9.445065	-4.851063	-10.624368	-17.567465	-3.982549	-1.265108	-2.709520	9.995172	-6.806105	-1.793261	6.565220	-0.381894	1.360688	-2.380046	-6.912417	-15.241056	-5.222304	1.120259	8.368089	8.966768	7.589236	4.149858	5.831279	9.187957	6.858836	-14.636840	5.238674	3.994890	6.555301	5.294764	8.030682	1.029076	-6.984281	-19.559836	4.244461	5.119925	8.368093	8.971439	7.589252	4.149869	6.007252	9.188196	7.356541	-14.708928	5.239095
6	3	4.050953	5.804438	0.606726	-5.099546	-4.456128	-8.478217	-17.049546	-2.353583	3.834108	6.614526	4.434257	6.972822	2.850909	0.889223	3.633525	6.649808	-7.563209	6.261103	3.974757	5.820637	0.606678	-5.313418	-16.063340	6.700657	8.024104	-2.504536	-10.984166	-19.505582	-12.250681	-11.620542	-12.754658	-11.608877	-6.943254	-9.424980	11.664306	-5.920120	8.188347	3.659200	6.155604	6.006143	2.137802	-8.478217	-17.061576	8.387985	5.580004	6.614564	4.434257	6.972822	2.868972	0.918095	3.633525	6.649939	-7.602974	6.261104
10	3	6.907328	0.112555	6.884139	4.979202	-0.767206	8.581343	10.740956	7.525254	-12.284425	-20.991214	-7.744050	-9.495928	-16.837698	-7.855954	-1.710749	-13.348998	11.006988	-2.289072	3.680261	5.857202	0.996007	-2.018459	-6.891354	8.581603	10.740956	0.077294	-17.261984	-20.991214	-7.744050	-9.495927	-16.837698	-7.856036	-1.710749	-13.349000	11.006988	-2.289072	7.120814	-0.195511	6.902113	7.787526	4.441184	-2.780871	-13.447937	7.531772	6.458327	9.998253	9.272721	8.677381	5.373894	2.800259	6.278637	5.223452	-11.194169	5.812370
12	3	7.386355	0.759903	7.354876	7.347563	5.355231	-5.397240	-10.162347	8.426426	6.108887	11.181078	7.176655	6.640547	7.372371	7.194419	8.586696	7.852081	-17.137389	7.472725	7.074063	0.760490	7.354522	3.569728	-2.388679	9.004987	10.117488	8.340552	-13.163250	-16.902460	-11.614191	-10.549799	-13.776372	-3.692043	-3.014566	-10.687003	10.320676	-2.973193	0.929403	6.713452	2.080207	-4.310896	-14.036717	9.004987	10.117488	2.040929	-13.456243	-16.902460	-11.614191	-10.549799	-13.776372	-3.692614	-3.014578	-10.687003	10.320676	-2.973193
15	3	2.254599	5.958138	-1.268116	-2.889011	-8.731398	5.786562	9.629764	-4.688199	-14.742165	-14.119178	-8.660776	-12.070696	-13.587025	-3.251773	-2.130719	-11.875489	8.654242	-3.011156	6.960048	-0.408048	-1.084108	1.944438	3.652982	-11.635076	-16.095250	1.342749	4.424188	11.486460	7.931224	4.378008	7.157069	7.454403	4.307739	5.704666	-18.472290	8.427098	6.960048	-0.408048	4.202392	6.002947	3.775675	-11.635076	-16.095250	4.553148	4.424188	11.486460	7.931224	4.378008	7.157069	7.454403	4.307739	5.704666	-18.472290	8.427098
18	3	-0.498133	3.573990	-1.119937	1.074962	-2.214435	-3.404376	-20.052643	-3.087341	1.429700	10.643927	9.393873	6.958011	5.081587	6.855865	4.787184	9.129310	-14.232732	7.024498	4.008664	3.553940	5.381828	6.906840	4.269149	-6.409960	-20.150108	5.280696	6.328717	10.644161	9.393874	6.958011	5.081850	6.866690	4.789340	9.160199	-14.458296	7.024498	-1.080718	3.573990	-1.120149	-3.615375	-12.383080	7.522386	8.197998	-3.087371	-15.912194	-16.398977	-6.749430	1.245332	-13.996824	-2.038575	-7.094427	-7.778065	8.883237	-0.138794
19	3	2.451078	7.793696	-2.386211	-1.351342	-13.666511	7.443934	12.294059	-1.639416	-11.485904	-8.802011	-6.307405	-7.991226	-15.725513	-1.642339	-3.891084	-3.647924	10.058113	-1.068550	5.966330	2.243746	-0.727822	1.948723	2.084476	-11.402611	-13.602244	0.582739	5.495481	11.486009	6.977187	8.653564	7.102400	6.350659	7.646227	6.535662	-15.554570	5.725616	2.585739	7.793616	-2.348560	-0.139802	-2.928768	-9.979293	-13.470924	-1.628584	3.467698	11.486009	6.977187	8.653547	7.102398	6.326662	7.644502	6.535644	-15.554535	5.725615
20	3	3.326475	5.120338	1.957660	-3.916906	-6.915238	0.700032	10.419510	-0.663081	-8.372972	-15.963527	-12.590028	-12.661349	-10.254586	-2.770521	3.108459	-8.206788	10.247571	-7.433310	5.632460	1.212722	1.957745	0.906297	-0.175251	-14.633195	-7.809138	-0.478297	7.247239	9.332115	5.449094	4.489140	4.091654	6.030229	6.859431	3.006787	-15.183705	4.807987	7.071799	-0.697428	6.641756	6.398472	4.628428	-14.633355	-7.809856	5.748361	7.315709	9.332115	5.449514	4.489143	4.091654	6.030246	6.859433	3.006938	-15.183721	4.808100
21	3	3.861032	6.328525	3.734664	4.659808	-2.243531	-7.796988	-16.668079	1.050455	5.883987	11.819295	9.090409	8.750574	7.169380	8.176657	7.664464	6.061952	-15.936983	6.929658	1.488129	6.328934	-1.449587	-3.907644	-13.560240	9.426122	9.283047	-4.995998	-13.859945	-14.574629	-6.577031	-5.684534	-11.584584	-2.972919	-2.270283	-8.994371	9.576562	0.099007	1.557775	6.328934	0.348661	-0.400576	-3.588710	-7.785666	-16.632614	-4.936368	4.137074	11.819295	9.090408	8.750574	7.169380	8.089863	7.664464	6.059885	-15.936982	6.929653
22	3	0.503764	6.607956	4.305162	-5.844914	-11.740530	4.170348	10.002391	-0.936262	-13.353039	-16.622309	-8.697957	-7.935663	-13.388895	-7.276702	-7.540804	-9.840881	5.736232	-3.429670	7.051577	2.677484	8.451462	5.555718	7.295775	-9.880417	-16.329118	5.866401	4.885930	10.388498	6.069507	7.427185	4.752018	4.282829	4.931839	5.877585	-18.463727	6.451057	7.051577	2.677484	4.305222	-0.150070	1.609277	-9.880417	-16.329118	4.782025	4.885930	10.388498	6.069507	7.427185	4.752018	4.282829	4.931839	5.877585	-18.463727	6.451057
24	3	6.215857	5.439825	7.223255	6.042280	5.805257	-5.264508	-12.875090	4.389748	5.640479	11.940438	7.544598	7.192325	6.438567	6.563108	5.854349	7.314197	-17.677011	3.636388	0.054732	7.438474	3.334906	-6.103641	-15.719313	7.949627	10.955349	0.569333	-15.636185	-13.647411	-8.112491	-5.503465	-16.583602	-5.591306	-5.683912	-7.377701	10.183426	-8.409770	0.239429	7.438176	3.334906	-6.099712	-4.097685	-3.477539	-10.028516	0.569335	-0.079049	11.940239	7.544597	7.192324	6.382610	5.554982	5.854345	5.757489	-12.372078	3.567502
25	3	0.916738	6.099585	1.267145	-2.260348	-1.489772	-1.930914	-11.322901	-4.820979	-0.699295	10.672379	6.580957	5.129244	5.747217	7.048251	7.785311	4.204675	-13.081307	8.304327	0.763317	6.106016	1.267145	-6.450026	-12.630232	8.505515	8.331892	-4.821022	-14.412320	-18.519227	-1.908864	-11.625522	-17.559293	-4.184644	-4.867873	-3.872081	8.406349	-1.747555	7.008526	4.166601	1.267174	0.172412	3.719410	-7.742960	-16.146221	0.672620	6.378478	10.672379	6.583826	5.129306	5.748678	7.273813	8.064761	6.673194	-17.544254	8.430765
27	3	6.940793	5.399429	2.868609	1.369803	0.132502	-11.848470	-12.681064	-2.117001	9.268421	10.025230	5.142225	7.973303	3.339141	4.591819	8.452570	6.955617	-11.869801	6.139495	1.454341	8.101540	2.868197	-3.449940	-11.507824	5.369686	12.517750	-4.945747	-10.077977	-13.232342	-10.824861	-8.009542	-15.558826	-3.291341	-3.920025	-6.979020	10.568320	-2.385240	7.915141	3.581220	2.869161	1.574009	4.304028	-11.848470	-12.681064	-1.889100	9.268494	10.025230	5.142225	7.973303	3.339141	4.591819	8.452570	6.955617	-11.869801	6.139495
36	3	0.889401	8.927774	3.381869	-6.614380	-15.402120	7.201441	9.765340	-6.128991	-10.256943	-11.246649	-13.320177	-8.668056	-15.097436	-7.488333	-5.769195	-11.186721	9.337863	-4.306113	6.681305	2.390623	3.382473	-1.723804	0.790650	-5.953901	-7.817318	0.355284	6.341929	12.430438	5.779513	7.011956	4.172935	2.377661	4.830205	6.163478	-13.906311	6.627142	6.728284	2.386092	8.757816	4.136380	6.227336	-5.953901	-7.817318	5.720645	6.342968	12.430438	5.779513	7.011956	4.172935	2.377661	4.830205	6.163479	-13.906311	6.627142
37	3	0.411561	7.518318	2.136493	-5.049311	-12.591904	1.709237	10.715622	0.122895	-14.493565	-16.511118	-9.271637	-9.369123	-13.669343	-0.153526	-6.201790	-14.216645	9.449015	-6.591798	6.534280	6.200007	6.151544	4.846522	4.964349	-10.972305	-15.573530	6.130174	8.497290	7.726869	4.855072	6.838201	5.544648	6.838486	2.224013	-2.870114	-20.631037	0.747378	1.143031	7.518318	2.136493	-5.021347	-2.332501	-10.742887	-15.189875	0.150650	2.758160	7.725818	4.833641	6.838201	5.539383	6.750834	2.223762	-2.903382	-19.919625	0.729489
39	3	0.892682	5.988220	2.473892	-1.261752	-12.994773	4.729643	9.561200	-6.735208	-14.431621	-17.675813	-6.378101	-12.680445	-15.274200	-3.169953	-5.181491	-9.563308	10.322068	-3.222449	5.023057	4.920861	8.614277	6.234225	-0.161452	-12.819360	-16.792101	2.841794	3.431642	10.404612	9.156837	4.587521	6.836050	6.654844	7.238785	4.923554	-18.004094	9.272148	3.939946	5.828720	2.473893	-1.219527	-2.270124	-9.945568	-16.417635	-4.518649	1.469036	10.404612	9.156837	4.587521	6.836050	6.638084	7.238785	4.923554	-16.438091	9.272148
43	3	4.162234	7.388704	7.707664	3.788792	-3.574171	8.327133	10.504680	3.908665	-11.219302	-19.196349	-5.227568	-14.425178	-15.056224	-7.211644	-3.244917	-9.056125	8.801870	-6.625873	6.882918	4.260142	9.467780	6.340065	8.244057	-4.877610	-9.874368	7.076718	6.589302	10.645993	7.885964	3.512769	8.304097	4.281519	7.983156	8.906925	-9.429535	6.583532	3.632196	7.430609	3.629297	-5.714678	-9.878680	8.327133	10.504680	-3.205399	-11.545068	-19.196349	-5.227568	-14.425178	-15.056224	-7.211644	-3.244917	-9.056124	8.801928	-6.625873
44	3	3.489297	7.642291	1.353662	-4.407067	-10.762835	5.516504	10.367640	-4.936318	-9.766069	-16.268902	-14.324880	-11.062654	-14.632908	-0.993032	-1.739705	-9.646797	8.560176	-3.739428	3.507424	7.642280	1.353662	-3.816442	-1.783792	-8.577464	-10.141240	-4.923870	5.269777	8.911093	3.670069	6.185279	6.821036	7.311119	8.879546	5.163692	-17.028485	5.116089	8.918262	1.536008	7.254114	7.920458	7.311569	-8.577481	-10.141244	3.286240	6.152760	8.911093	3.670071	6.185279	6.821036	7.311120	8.879546	5.163713	-17.028635	5.116089
46	3	-0.088335	6.899218	0.128063	-2.387728	-1.970808	-4.962103	-12.909472	-3.434211	1.030637	9.209019	8.278316	5.899770	4.258731	6.281729	5.563189	8.572332	-10.603225	6.549148	-1.552856	6.899218	-0.297202	-4.996803	-13.547739	9.455747	10.286309	-3.531780	-14.803645	-19.155053	-9.093532	-12.127445	-19.598548	-1.601595	-4.352055	-8.285727	10.502949	-5.253771	-0.059544	6.899218	3.785770	3.527740	-1.963186	-4.962114	-12.911081	-2.246888	1.031125	9.209019	8.278316	5.899770	4.258740	6.282162	5.563190	8.572351	-10.604561	6.549148
59	3	-0.377452	2.898710	1.694225	-3.600542	-11.108558	6.759129	10.782784	2.659228	-15.297656	-20.807307	-10.918631	-11.061801	-12.701095	-1.414505	-2.307245	-8.379385	9.361578	-2.641756	-0.362580	2.898710	6.986403	4.588378	-5.239036	6.759129	10.782784	3.166615	-15.294544	-20.807307	-10.918632	-11.061801	-12.701095	-1.414505	-2.307245	-8.379398	9.361578	-2.641756	5.206689	2.768145	7.254702	6.728814	5.797497	-2.469278	-12.882842	6.197846	6.818629	8.199960	4.149405	6.397620	6.062932	6.986817	6.465036	7.243347	-19.920017	9.077155
62	3	8.166798	6.244149	2.747191	-0.034884	1.377183	-6.442539	-20.260837	-0.073589	6.905272	10.354643	7.948067	7.586069	5.471198	6.616932	6.034003	9.294790	-15.579237	5.517780	3.776325	7.605903	0.400401	-5.048436	-10.588728	6.421717	8.921200	-6.316611	-13.653660	-19.625533	-8.571953	-6.465823	-15.930593	-4.323025	-4.408221	-3.642166	7.787700	-3.115529	8.166846	6.244149	5.959025	6.042470	1.377383	-6.442539	-20.260837	4.363873	6.905274	10.354643	7.948067	7.586069	5.471198	6.616932	6.034003	9.294790	-15.579237	5.517780
63	3	1.060487	5.788881	0.907525	-7.754351	-5.402552	-6.109124	-20.560627	-2.308585	3.253855	9.790192	6.910343	7.990917	6.790292	7.116220	8.510667	6.117179	-17.212755	7.212381	1.049502	5.788881	0.906737	-7.791872	-17.447978	6.337624	9.928119	-2.309576	-6.894968	-16.329492	-6.945007	-6.698763	-13.974320	-3.301631	-3.729463	-9.495930	9.129454	-4.728383	6.857187	-0.382768	7.427302	2.188855	7.037752	-6.694791	-20.560648	6.989673	8.918654	9.790192	6.910353	7.990917	6.791739	7.133859	8.511975	6.204762	-17.213592	7.212388
68	3	0.897485	7.139767	0.726527	-5.541009	-14.840709	3.110731	10.704758	-3.622535	-16.149019	-17.552387	-11.034451	-5.444668	-11.171203	-2.346528	0.618314	-5.233527	9.037985	-5.385220	6.386916	3.555586	6.134668	6.513403	8.605265	-13.108378	-18.595570	4.533155	6.505427	9.962938	6.001800	7.833744	6.585839	5.933347	6.411615	6.715091	-11.961137	4.765037	0.917605	7.139767	0.726709	-5.188455	-2.745067	-12.827333	-15.781112	-3.622402	1.269082	9.962877	6.001800	7.833744	6.578479	5.410282	6.411615	6.715086	-9.130957	4.765037
72	3	0.012522	7.148637	3.073799	-7.974653	-7.412127	5.345511	10.101012	-3.625578	-16.693812	-14.614934	-7.584828	-9.568947	-18.119309	-0.456085	-5.460937	-8.711620	10.246511	-3.926690	6.548411	2.647321	3.074593	-1.485010	4.782747	-8.515945	-10.682336	0.655583	1.981251	7.875103	7.132722	7.343362	5.986046	6.031184	5.335784	3.585468	-12.910318	7.532768	6.548414	2.647310	8.855747	5.076537	6.093123	-8.515950	-10.682338	5.861956	1.981253	7.875103	7.132722	7.343362	5.986046	6.031184	5.335784	3.585468	-12.910318	7.532768
74	3	-1.535313	7.384618	1.121403	-1.777640	-16.294927	8.954992	9.176756	0.936949	-17.340121	-17.129503	-8.616839	-7.108564	-14.117654	-7.319686	-4.410018	-6.563004	8.400980	-2.724296	4.851524	6.755902	6.478638	5.883948	1.228497	-5.121805	-10.652814	3.826039	3.176113	11.630235	6.535917	7.300800	7.476821	4.898679	7.204727	6.969892	-20.614916	7.233333	4.375798	6.907880	1.121443	-1.590575	-3.251721	-4.171433	-10.611955	2.656160	2.462700	11.630235	6.535914	7.300787	7.474369	4.898627	7.175215	6.935769	-20.539822	7.233286
78	3	-1.143089	7.524059	2.204306	-5.663080	-12.301092	5.994771	7.741251	-2.859873	-14.903406	-16.973101	-10.075138	-8.617457	-15.935884	-1.136585	-3.036578	-9.612702	10.234647	-10.317289	-1.061337	7.524046	2.204328	-4.426965	-3.254473	0.983261	-7.374826	-2.801684	-3.949935	3.946331	-5.215907	3.763885	-1.813544	4.594738	7.353158	-4.319808	2.644804	-3.115268	-0.193028	7.523765	2.204484	-3.044169	-2.584996	-5.877855	-10.186493	-2.157539	1.169254	9.470985	6.530766	7.362948	5.005716	7.894766	8.697051	7.025921	-16.325242	1.912540
84	3	6.006048	1.351525	0.843611	0.590841	3.636678	-5.172945	-23.297740	1.788055	8.728737	7.505832	6.919050	7.522074	7.277995	6.762836	7.579654	6.804782	-19.843727	7.959482	-0.454922	7.820826	0.843555	-6.011971	-11.051201	7.962249	6.376556	-4.518451	-10.933028	-17.772127	-11.097043	-8.182151	-16.068139	-1.906546	-1.993883	-11.107370	7.417084	-3.673588	6.006048	1.351525	6.641258	5.916701	4.973083	-5.172945	-23.297740	6.503397	8.728737	7.505832	6.919050	7.522074	7.277995	6.762836	7.579654	6.804782	-19.843727	7.959482
100	3	3.100694	5.666066	0.655337	-2.887541	-8.233819	5.520599	11.338861	-5.267765	-12.271205	-17.033978	-7.846099	-9.285753	-16.349658	-2.967467	-2.358296	-7.601757	10.894898	-5.410422	7.152060	4.148586	7.191505	8.076005	5.436390	-11.433716	-16.150596	7.244204	6.937329	10.094299	7.535530	8.207387	7.470814	5.017228	8.954292	7.465793	-13.963610	5.979037	7.139737	4.156914	1.398533	2.538928	4.696917	-11.433229	-16.120234	0.885910	6.935644	10.094299	7.535530	8.207387	7.470814	5.017213	8.954292	7.465766	-13.963578	5.979037
